631.167  29 00000000100000100101000001000
631.278  29 00001000000000111101000001000
181.056  29 10000000000000000011000010000
631.167  29 00000000100000100101000001000
631.278  29 01000110100000100001000001000
631.167  29 01000000100000000101000001000
631.167  29 00001000100000000101000001000
631.167  29 00001000100000000101000001000
181.056  29 10000000000000000001000010000
181.056  29 10000000000000000011000010000
631.167  29 00000000100000100101000001000
181.056  29 10000000000000000011000010000
631.167  29 00000000100000100101000001000
631.333  29 01000110000000110101000001000
181.056  29 10000000000000000011000010000
181.056  29 10000000000000000011000010000
631.167  29 00001000100000000101000001000
181.056  29 10000000000000000001000010000
181.056  29 10000000000000000001000010000
631.278  29 01000000000000111101000001000
631.278  29 01000000000000111101000001000
631.167  29 01000000100000000101000001000
597.111  29 00000000100000001010000000100
631.167  29 00001000100000000101000001000
181.056  29 10000000000000000001000010000
631.167  29 00000000100000100101000001000
181.056  29 10000000000000000001000010000
631.222  29 00001000100000101001000001000
181.056  29 10000000000000000011000010000
631.333  29 00101100000000110101000001000
631.167  29 00000000100000100101000001000
631.167  29 01000000100000000101000001000
631.167  29 00000000100000100101000001000
631.167  29 01000000100000000101000001000
181.056  29 10000000000000000001000010000
181.056  29 10000000000000000001000010000
181.056  29 10000000000000000001000010000
181.056  29 10000000000000000001000010000
181.056  29 10000000000000000011000010000
181.056  29 10000000000000000001000010000
631.167  29 01000000100000000101000001000
181.056  29 10000000000000000011000010000
181.056  29 10000000000000000001000010000
631.167  29 01000000100000000101000001000
631.333  29 00111000000000110101000001000
631.278  29 00001000000000111101000001000
626.333  29 00010100100010011001000010000
181.056  29 10000000000000000011000010000
621.333  29 00001000000011011101000010000
181.056  29 10000000000000000001000010000
181.056  29 10000000000000000001000010000
181.056  29 10000000000000000001000010000
181.056  29 10000000000000000011000010000
631.167  29 00001000100000000101000001000
181.056  29 10000000000000000011000010000
181.056  29 10000000000000000011000010000
181.056  29 10000000000000000011000010000
181.056  29 10000000000000000011000010000
631.167  29 00001000100000000101000001000
631.167  29 01000000100000000101000001000
631.167  29 01000000100000000101000001000
631.167  29 00000000100000100101000001000
621.278  29 01000000100011010001000010000
181.056  29 10000000000000000011000010000
181.056  29 10000000000000000001000010000
181.056  29 10000000000000000011000010000
626.333  29 00010100100010011001000010000
181.056  29 10000000000000000001000010000
631.167  29 01000000100000000101000001000
181.056  29 10000000000000000001000010000
631.333  29 01100100000000110101000001000
181.056  29 10000000000000000001000010000
631.167  29 00000000100000100101000001000
597.111  29 00000000010000001000000000100
181.056  29 10000000000000000011000010000
181.056  29 10000000000000000001000010000
631.167  29 00001000100000000101000001000
181.056  29 10000000000000000001000010000
181.056  29 10000000000000000001000010000
181.056  29 10000000000000000011000010000
621.333  29 01100100100011000001000010000
181.056  29 10000000000000000001000010000
621.333  29 00001110100011000001000010000
181.056  29 10000000000000000011000010000
626.333  29 00010100100010011001000010000
181.056  29 10000000000000000011000010000
631.167  29 00000000100000100101000001000
631.167  29 00001000100000000101000001000
631.167  29 00000000100000100101000001000
631.167  29 00001000100000000101000001000
181.056  29 10000000000000000011000010000
631.167  29 01000000100000000101000001000
631.167  29 00001000100000000101000001000
631.167  29 00000000100000100101000001000
181.056  29 10000000000000000001000010000
621.444  29 00111000000011111001000010000
181.056  29 10000000000000000011000010000
621.389  29 00111000000011010101000010000
181.056  29 10000000000000000001000010000
181.056  29 10000000000000000011000010000
