271.167  29 00000001010100000001000001000
276.111  29 00000000000100001001000010000
0.0555556  29 00000000000100000000100000000
276.167  29 00010010000100000001000010000
276.111  29 00000000000100001001000010000
276.111  29 00000000000100001001000010000
276.111  29 00000000000100001001000010000
276.111  29 00000000000100001001000010000
276.111  29 00000000000100001001000010000
276.111  29 00000000000100001001000010000
276.167  29 00100100000100000001000010000
276.111  29 00000000000100001001000010000
276.167  29 00100100000100000001000010000
276.111  29 00000000000100001001000010000
276.111  29 00000000000100001001000010000
0.0555556  29 00000000000100000010100000000
0.0555556  29 00000000000100000010100000000
276.111  29 00000000000100001001000010000
276.167  29 00010010000100000001000010000
276.111  29 00000000000100001001000010000
276.167  29 00100100000100000001000010000
276.111  29 00000000000100001001000010000
276.111  29 00000000000100001001000010000
276.167  29 00100100000100000001000010000
0.0555556  29 00000000000100000010100000000
0.0555556  29 00000000000100000010100000000
276.111  29 00000000000100001001000010000
276.111  29 00000000000100001001000010000
276.167  29 00100100000100000001000010000
276.167  29 00110000000100000001000010000
276.111  29 00000000000100001001000010000
0.0555556  29 00000000000100000010100000000
276.167  29 00100100000100000001000010000
276.111  29 00000000000100001001000010000
276.111  29 00000000000100001001000010000
276.111  29 00000000000100001001000010000
276.111  29 00000000000100001001000010000
276.111  29 00000000000100001001000010000
276.111  29 00000000000100001001000010000
276.111  29 00000000000100001001000010000
276.111  29 00000000000100001001000010000
0.0555556  29 00000000000100000000100000000
276.111  29 00000000000100001001000010000
276.167  29 00100100000100000001000010000
0.0555556  29 00000000000100000010100000000
276.111  29 00000000000100001001000010000
0.0555556  29 00000000000100000010100000000
276.111  29 00000000000100001001000010000
0.0555556  29 00000000000100000000100000000
276.111  29 00000000000100001001000010000
276.167  29 00100100000100000001000010000
276.111  29 00000000000100001001000010000
0.0555556  29 00000000000100000010100000000
276.111  29 00000000000100001001000010000
271.167  29 00000001010100000001000001000
276.111  29 00000000000100001001000010000
276.167  29 00100100000100000001000010000
276.167  29 00100100000100000001000010000
276.111  29 00000000000100001001000010000
276.167  29 00000110000100000001000010000
0.0555556  29 00000000000100000010100000000
276.111  29 00000000000100001001000010000
276.111  29 00000000000100001001000010000
0.0555556  29 00000000000100000010100000000
276.111  29 00000000000100001001000010000
0.0555556  29 00000000000100000010100000000
276.111  29 00000000000100001001000010000
276.111  29 00000000000100001001000010000
276.111  29 00000000000100001001000010000
276.111  29 00000000000100001001000010000
276.111  29 00000000000100001001000010000
276.111  29 00000000000100001001000010000
276.111  29 00000000000100001001000010000
276.167  29 00110000000100000001000010000
0.0555556  29 00000000000100000000100000000
0.0555556  29 00000000000100000000100000000
276.111  29 00000000000100001001000010000
276.111  29 00000000000100001001000010000
276.111  29 00000000000100001001000010000
352.111  29 00000000001000001000000000100
276.167  29 00100100000100000001000010000
276.111  29 00000000000100001001000010000
0.0555556  29 00000000000100000010100000000
276.111  29 00000000000100001001000010000
0.0555556  29 00000000000100000000100000000
0.0555556  29 00000000000100000000100000000
276.111  29 00000000000100001001000010000
0.0555556  29 00000000000100000010100000000
276.111  29 00000000000100001001000010000
276.111  29 00000000000100001001000010000
276.111  29 00000000000100001001000010000
276.111  29 00000000000100001001000010000
0.0555556  29 00000000000100000010100000000
276.111  29 00000000000100001001000010000
276.111  29 00000000000100001001000010000
276.111  29 00000000000100001001000010000
276.111  29 00000000000100001001000010000
276.167  29 00000110000100000001000010000
0.0555556  29 00000000000100000010100000000
0.0555556  29 00000000000100000000100000000
