0.0555556  29 00001000000000000010100000000
1080.11  29 00000000110000000011000010000
0.0555556  29 00001000000000000000100000000
0.0555556  29 00001000000000000000100000000
0.0555556  29 00001000000000000000100000000
0.0555556  29 01000000000000000000100000000
0.0555556  29 00001000000000000010100000000
0.0555556  29 00001000000000000010100000000
0.0555556  29 00001000000000000010100000000
0.0555556  29 01000000000000000010100000000
0.0555556  29 01000000000000000000100000000
4.05556  29 00000000000000100001000001000
0.0555556  29 00001000000000000010100000000
0.0555556  29 00001000000000000010100000000
0.0555556  29 00001000000000000010100000000
0.0555556  29 01000000000000000000100000000
0.0555556  29 01000000000000000000100000000
0.0555556  29 00001000000000000010100000000
0.0555556  29 00001000000000000010100000000
0.0555556  29 01000000000000000010100000000
0.0555556  29 01000000000000000010100000000
0.0555556  29 00001000000000000000100000000
4.05556  29 00000000000000100001000001000
1080.11  29 00000000110000000011000010000
1080.11  29 00000000110000000011000010000
0.0555556  29 01000000000000000010100000000
0.0555556  29 00001000000000000010100000000
0.0555556  29 00001000000000000010100000000
0.0555556  29 00001000000000000000100000000
0.0555556  29 01000000000000000000100000000
0.0555556  29 00001000000000000000100000000
4.05556  29 00000000000000100001000001000
0.0555556  29 01000000000000000000100000000
4.05556  29 00000000000000100011000001000
0.0555556  29 01000000000000000000100000000
0.0555556  29 00001000000000000000100000000
4.05556  29 00000000000000100001000001000
4.05556  29 00000000000000100011000001000
0.0555556  29 00001000000000000010100000000
0.0555556  29 01000000000000000010100000000
0.0555556  29 01000000000000000000100000000
0.0555556  29 01000000000000000000100000000
0.0555556  29 01000000000000000010100000000
0.0555556  29 01000000000000000000100000000
0.0555556  29 00001000000000000000100000000
0.0555556  29 01000000000000000000100000000
0.0555556  29 01000000000000000010100000000
0.0555556  29 00001000000000000000100000000
0.0555556  29 01000000000000000000100000000
0.0555556  29 00001000000000000010100000000
0.0555556  29 00001000000000000000100000000
0.0555556  29 01000000000000000000100000000
0.0555556  29 00001000000000000010100000000
0.0555556  29 01000000000000000010100000000
0.0555556  29 00001000000000000000100000000
0.0555556  29 00001000000000000000100000000
4.05556  29 00000000000000100001000001000
0.0555556  29 01000000000000000010100000000
0.0555556  29 00001000000000000000100000000
0.0555556  29 00001000000000000010100000000
4.05556  29 00000000000000100011000001000
0.0555556  29 00001000000000000000100000000
0.0555556  29 01000000000000000000100000000
0.0555556  29 01000000000000000010100000000
0.0555556  29 01000000000000000010100000000
0.0555556  29 00001000000000000000100000000
0.0555556  29 01000000000000000010100000000
0.0555556  29 00001000000000000000100000000
0.0555556  29 01000000000000000000100000000
0.111111  29 00001000000000100010100000000
0.0555556  29 00001000000000000010100000000
4.05556  29 00000000000000100011000001000
0.0555556  29 01000000000000000000100000000
0.0555556  29 00001000000000000000100000000
0.0555556  29 00001000000000000010100000000
0.0555556  29 00001000000000000010100000000
0.0555556  29 00001000000000000010100000000
1080.11  29 00000000110000000011000010000
0.0555556  29 01000000000000000010100000000
0.0555556  29 00001000000000000000100000000
0.0555556  29 01000000000000000010100000000
0.0555556  29 01000000000000000000100000000
0.0555556  29 00001000000000000000100000000
0.0555556  29 00001000000000000010100000000
0.0555556  29 01000000000000000000100000000
1080.11  29 00000000110000000011000010000
0.0555556  29 01000000000000000000100000000
0.0555556  29 00001000000000000010100000000
0.0555556  29 00001000000000000010100000000
4.05556  29 00000000000000100001000001000
0.0555556  29 01000000000000000000100000000
0.0555556  29 01000000000000000010100000000
0.0555556  29 01000000000000000000100000000
0.0555556  29 00001000000000000010100000000
0.0555556  29 01000000000000000000100000000
0.0555556  29 00001000000000000000100000000
0.0555556  29 01000000000000000000100000000
1080.11  29 00000000110000000011000010000
0.0555556  29 00001000000000000000100000000
0.111111  29 01000000000000100010100000000
