1504.06  29 00000000100000000000000100000
1444.17  29 00000001001000001010001000000
1444.17  29 00000001001000001010001000000
1504.06  29 00000000100000000000000100000
1444.17  29 00000001001000001010010000000
828.111  29 00000000100000100001000010000
1444.17  29 00000001001000001010001000000
1444.17  29 00000001001000001010001000000
1444.17  29 00000001001000001010001000000
1444.17  29 00000001001000001010010000000
828.111  29 00000000100000100001000010000
1444.17  29 00000001001000001010010000000
1444.17  29 00000001001000001010010000000
1444.17  29 00000001001000001010001000000
1444.17  29 00000001001000001010010000000
1444.17  29 00000001001000001010010000000
1444.17  29 00000001001000001010010000000
1504.06  29 00000000100000000010010000000
1564.11  29 00000001010000000010001000000
1444.17  29 00000001001000001010010000000
1444.17  29 00000001001000001010001000000
1444.17  29 00000001001000001010001000000
1444.17  29 00000001001000001010001000000
828.111  29 00000000100000100001000010000
1504.06  29 00000000100000000010010000000
1444.17  29 00000001001000001010010000000
1444.17  29 00000001001000001010010000000
1444.17  29 00000001001000001010010000000
828.111  29 00000000100000100001000010000
828.111  29 00000000100000100001000010000
828.111  29 00000000100000100001000010000
1444.17  29 00000001001000001010001000000
1444.17  29 00000001001000001010001000000
1444.17  29 00000001001000001010010000000
1444.17  29 00000001001000001010010000000
1444.17  29 00000001001000001010010000000
1444.17  29 00000001001000001010010000000
1504.06  29 00000000100000000000010000000
1444.17  29 00000001001000001010001000000
1504.06  29 00000000100000000010010000000
1444.17  29 00000001001000001010001000000
1444.17  29 00000001001000001010001000000
1444.17  29 00000001001000001010010000000
1444.17  29 00000001001000001010001000000
1444.17  29 00000001001000001010001000000
1504.06  29 00000000100000000000010000000
1444.17  29 00000001001000001010001000000
1444.17  29 00000001001000001010010000000
1444.17  29 00000001001000001010010000000
828.111  29 00000000100000100001000010000
1444.17  29 00000001001000001010010000000
1444.17  29 00000001001000001010010000000
828.111  29 00000000100000100001000010000
1504.06  29 00000000100000000000010000000
1444.17  29 00000001001000001010010000000
1444.17  29 00000001001000001010001000000
1444.17  29 00000001001000001010010000000
1504.06  29 00000000100000000010000100000
1444.17  29 00000001001000001010010000000
1444.17  29 00000001001000001010010000000
1444.17  29 00000001001000001010010000000
1504.06  29 00000000100000000010010000000
1444.17  29 00000001001000001010001000000
1444.17  29 00000001001000001010001000000
1444.17  29 00000001001000001010001000000
916.056  29 00000000100000000011000001000
1564.11  29 00000001010000000010010000000
1504.06  29 00000000100000000010010000000
1444.17  29 00000001001000001010001000000
1444.17  29 00000001001000001010001000000
1444.17  29 00000001001000001010010000000
1444.17  29 00000001001000001010010000000
1444.17  29 00000001001000001010010000000
828.111  29 00000000100000100001000010000
1444.17  29 00000001001000001010001000000
1444.17  29 00000001001000001010010000000
828.111  29 00000000100000100001000010000
828.111  29 00000000100000100001000010000
1444.17  29 00000001001000001010010000000
1444.17  29 00000001001000001010001000000
1444.17  29 00000001001000001010001000000
1444.17  29 00000001001000001010001000000
828.111  29 00000000100000100001000010000
1444.17  29 00000001001000001010010000000
1504.06  29 00000000100000000010010000000
1444.17  29 00000001001000001010001000000
1444.17  29 00000001001000001010001000000
1444.17  29 00000001001000001010010000000
1504.06  29 00000000100000000000000100000
828.111  29 00000000100000100001000010000
1444.17  29 00000001001000001010001000000
1444.17  29 00000001001000001010010000000
1444.17  29 00000001001000001010001000000
1444.17  29 00000001001000001010010000000
916.056  29 00000000100000000001000001000
1504.06  29 00000000100000000000000100000
1444.17  29 00000001001000001010010000000
1444.17  29 00000001001000001010001000000
1444.17  29 00000001001000001010001000000
1444.17  29 00000001001000001010001000000
