50.0556  29 00000000000010000010100000000
50.0556  29 00000000000010000010100000000
50.0556  29 00000000000010000000100000000
50.0556  29 00000000000010000000100000000
50.0556  29 00000000000010000010100000000
50.0556  29 00000000000010000000100000000
50.0556  29 00000000000010000010100000000
50.0556  29 00000000000010000000100000000
50.0556  29 00000000000010000000100000000
50.0556  29 00000000000010000000100000000
130.111  29 00100010000000000001000001000
50.0556  29 00000000000010000010100000000
50.0556  29 00000000000010000010100000000
50.0556  29 00000000000010000000100000000
50.0556  29 00000000000010000000100000000
50.0556  29 00000000000010000010100000000
130.111  29 00100010000000000001000001000
50.0556  29 00000000000010000000100000000
50.0556  29 00000000000010000000100000000
130.111  29 00100010000000000001000001000
50.0556  29 00000000000010000010100000000
50.0556  29 00000000000010000010100000000
50.0556  29 00000000000010000010100000000
130.111  29 00100010000000000001000001000
50.0556  29 00000000000010000000100000000
50.0556  29 00000000000010000010100000000
50.0556  29 00000000000010000000100000000
50.0556  29 00000000000010000000100000000
130.111  29 00100010000000000001000001000
50.0556  29 00000000000010000000100000000
50.0556  29 00000000000010000000100000000
50.0556  29 00000000000010000010100000000
50.0556  29 00000000000010000010100000000
50.0556  29 00000000000010000010100000000
50.0556  29 00000000000010000000100000000
50.0556  29 00000000000010000000100000000
50.0556  29 00000000000010000010100000000
50.0556  29 00000000000010000000100000000
50.0556  29 00000000000010000010100000000
130.111  29 00100010000000000001000001000
130.111  29 00100010000000000001000001000
50.0556  29 00000000000010000000100000000
50.0556  29 00000000000010000000100000000
50.0556  29 00000000000010000000100000000
50.0556  29 00000000000010000000100000000
50.0556  29 00000000000010000010100000000
50.0556  29 00000000000010000010100000000
50.0556  29 00000000000010000010100000000
50.0556  29 00000000000010000010100000000
50.0556  29 00000000000010000000100000000
50.0556  29 00000000000010000010100000000
50.0556  29 00000000000010000010100000000
50.0556  29 00000000000010000000100000000
50.0556  29 00000000000010000000100000000
50.0556  29 00000000000010000010100000000
130.111  29 00100010000000000001000001000
50.0556  29 00000000000010000010100000000
50.0556  29 00000000000010000000100000000
50.0556  29 00000000000010000000100000000
50.0556  29 00000000000010000010100000000
50.0556  29 00000000000010000010100000000
50.0556  29 00000000000010000000100000000
50.0556  29 00000000000010000010100000000
130.111  29 00100010000000000001000001000
50.0556  29 00000000000010000000100000000
50.0556  29 00000000000010000000100000000
50.0556  29 00000000000010000000100000000
50.0556  29 00000000000010000000100000000
50.0556  29 00000000000010000000100000000
50.0556  29 00000000000010000000100000000
130.111  29 00100010000000000001000001000
50.0556  29 00000000000010000000100000000
50.0556  29 00000000000010000000100000000
50.0556  29 00000000000010000010100000000
50.0556  29 00000000000010000010100000000
50.0556  29 00000000000010000000100000000
50.0556  29 00000000000010000010100000000
50.0556  29 00000000000010000010100000000
50.0556  29 00000000000010000010100000000
50.0556  29 00000000000010000000100000000
50.0556  29 00000000000010000000100000000
50.0556  29 00000000000010000000100000000
50.0556  29 00000000000010000010100000000
50.0556  29 00000000000010000000100000000
130.111  29 00100010000000000001000001000
50.0556  29 00000000000010000000100000000
50.0556  29 00000000000010000010100000000
50.0556  29 00000000000010000000100000000
50.0556  29 00000000000010000010100000000
50.0556  29 00000000000010000010100000000
50.0556  29 00000000000010000010100000000
50.0556  29 00000000000010000000100000000
50.0556  29 00000000000010000000100000000
50.0556  29 00000000000010000000100000000
130.111  29 00100010000000000001000001000
50.0556  29 00000000000010000010100000000
50.0556  29 00000000000010000000100000000
50.0556  29 00000000000010000000100000000
50.0556  29 00000000000010000010100000000
130.111  29 00100010000000000001000001000
