0.0555556  29 00000000000100000010100000000
528.389  29 01000110100100001101000010000
528.333  29 01000000100100011101000010000
528.333  29 00001000100100011101000010000
528.333  29 01000000100100011101000010000
528.333  29 01000000100100011101000010000
528.389  29 00001110100100001101000010000
528.389  29 01000110100100001101000010000
528.389  29 01110000100100001101000010000
528.333  29 00001000100100011101000010000
528.389  29 00111000100100001101000010000
528.389  29 01100100100100010101000010000
528.389  29 00101100100100010101000010000
528.333  29 00001000100100011101000010000
528.389  29 00101100100100001101000010000
552.278  29 00101000000100001101000001000
528.333  29 01000000100100011101000010000
528.389  29 00111000100100010101000010000
528.389  29 01110000100100001101000010000
528.333  29 01000000100100011101000010000
528.389  29 00001110100100010101000010000
0.0555556  29 00000000000100000000100000000
0.0555556  29 00000000000100000000100000000
528.333  29 00001000100100011101000010000
528.389  29 01000110100100001101000010000
0.0555556  29 00000000000100000010100000000
0.0555556  29 00000000000100000010100000000
528.333  29 00001000100100011101000010000
0.0555556  29 00000000000100000010100000000
528.333  29 00001000100100011101000010000
528.333  29 01000000100100011101000010000
528.333  29 00001000100100011101000010000
0.0555556  29 00000000000100000000100000000
528.333  29 01000000100100011101000010000
528.333  29 00001000100100011101000010000
528.333  29 01000000100100011101000010000
528.333  29 01000000100100011101000010000
528.389  29 01000110100100010101000010000
528.333  29 01000000100100011101000010000
0.0555556  29 00000000000100000010100000000
528.389  29 01000110100100001101000010000
528.389  29 01100100100100010101000010000
528.333  29 01000000100100011101000010000
528.333  29 01000000100100011101000010000
528.333  29 01000000100100011101000010000
0.0555556  29 00000000000100000010100000000
528.333  29 00001000100100011101000010000
552.278  29 00101000000100001101000001000
528.389  29 00001110100100001101000010000
528.333  29 01000000100100011101000010000
528.389  29 00011010100100010101000010000
528.389  29 01010010100100001101000010000
528.333  29 00001000100100011101000010000
528.333  29 00001000100100011101000010000
0.0555556  29 00000000000100000010100000000
528.333  29 01000000100100011101000010000
528.389  29 01000110100100010101000010000
528.333  29 00001000100100011101000010000
528.333  29 01000000100100011101000010000
0.0555556  29 00000000000100000010100000000
528.333  29 00001000100100011101000010000
528.333  29 00001000100100011101000010000
0.0555556  29 00000000000100000000100000000
528.389  29 01010010100100010101000010000
528.333  29 00001000100100011101000010000
0.0555556  29 00000000000100000000100000000
528.333  29 00001000100100011101000010000
0.0555556  29 00000000000100000000100000000
0.0555556  29 00000000000100000000100000000
528.389  29 00011010100100001101000010000
528.389  29 01110000100100010101000010000
0.0555556  29 00000000000100000000100000000
0.0555556  29 00000000000100000000100000000
528.333  29 00001000100100011101000010000
528.333  29 00001000100100011101000010000
528.333  29 00001000100100011101000010000
528.389  29 00001110100100001101000010000
528.333  29 01000000100100011101000010000
528.333  29 01000000100100011101000010000
0.0555556  29 00000000000100000010100000000
528.389  29 00111000100100010101000010000
528.389  29 00111000100100010101000010000
528.333  29 01000000100100011101000010000
528.389  29 00101100100100010101000010000
0.0555556  29 00000000000100000010100000000
0.0555556  29 00000000000100000010100000000
0.0555556  29 00000000000100000000100000000
528.333  29 01000000100100011101000010000
528.333  29 01000000100100011101000010000
528.333  29 00001000100100011101000010000
528.333  29 01000000100100011101000010000
0.0555556  29 00000000000100000010100000000
0.0555556  29 00000000000100000010100000000
528.389  29 00001110100100010101000010000
528.333  29 00001000100100011101000010000
528.389  29 01110000100100001101000010000
528.333  29 01000000100100011101000010000
0.0555556  29 00000000000100000000100000000
528.333  29 00001000100100011101000010000
528.333  29 01000000100100011101000010000
