0.0555556  29 00000000000100000000100000000
0.0555556  29 00000000000100000000100000000
0.0555556  29 00000000000100000000100000000
533.333  29 01100100010100000101000001000
0.0555556  29 00000000000100000000100000000
0.0555556  29 00000000000100000000100000000
0.0555556  29 00000000000100000000100000000
0.0555556  29 00000000000100000000100000000
0.0555556  29 00000000000100000000100000000
0.0555556  29 00000000000100000010100000000
0.0555556  29 00000000000100000010100000000
533.333  29 01110000010100000101000001000
363.056  29 00000000001000000010000000010
0.0555556  29 00000000000100000010100000000
0.0555556  29 00000000000100000010100000000
0.0555556  29 00000000000100000000100000000
546.389  29 00100100000100111101000010000
533.333  29 01010010000100101001000001000
546.444  29 00110110000100101101000010000
0.0555556  29 00000000000100000010100000000
0.0555556  29 00000000000100000000100000000
546.333  29 00000001110100001101000010000
546.444  29 00110110000100110101000010000
0.0555556  29 00000000000100000000100000000
546.389  29 00100100000100111101000010000
0.0555556  29 00000000000100000000100000000
0.0555556  29 00000000000100000010100000000
0.0555556  29 00000000000100000000100000000
546.389  29 00010010000100111101000010000
533.333  29 01110000000100101001000001000
546.389  29 00000111110100000101000010000
533.333  29 01100100000100110001000001000
0.0555556  29 00000000000100000010100000000
0.0555556  29 00000000000100000010100000000
363.056  29 00000000001000000000000000100
533.333  29 00011010010100000101000001000
0.0555556  29 00000000000100000000100000000
0.0555556  29 00000000000100000000100000000
546.389  29 00000110000100111101000010000
546.333  29 00000001110100001101000010000
546.389  29 00100101100100101001000010000
546.444  29 00110110000100101101000010000
0.0555556  29 00000000000100000000100000000
533.333  29 00111000000100101001000001000
546.333  29 00000001100100111001000010000
0.0555556  29 00000000000100000010100000000
533.278  29 00001000000100111001000001000
363.056  29 00000000001000000000000000100
533.333  29 00001110000100101001000001000
546.389  29 00000111100100101001000010000
0.0555556  29 00000000000100000000100000000
546.389  29 00100101110100000101000010000
363.056  29 00000000001000000000000000010
0.0555556  29 00000000000100000010100000000
0.0555556  29 00000000000100000000100000000
546.389  29 00100101110100000101000010000
546.389  29 00010011100100101001000010000
0.0555556  29 00000000000100000010100000000
363.056  29 00000000001000000000000000010
0.0555556  29 00000000000100000000100000000
533.333  29 01000110000100110001000001000
546.389  29 00000111110100000101000010000
546.333  29 00000001110100001101000010000
533.333  29 01000110000100110001000001000
0.0555556  29 00000000000100000000100000000
533.333  29 01010010000100110001000001000
546.389  29 00110001100100101001000010000
363.056  29 00000000001000000010000000010
533.333  29 00111000000100101001000001000
363.056  29 00000000001000000000000000010
533.333  29 01100100010100000101000001000
363.056  29 00000000001000000000000000010
533.333  29 00111000000100110001000001000
363.056  29 00000000001000000000000000010
0.0555556  29 00000000000100000000100000000
0.0555556  29 00000000000100000010100000000
546.333  29 00000001110100010101000010000
533.333  29 01110000000100101001000001000
0.0555556  29 00000000000100000000100000000
546.333  29 00000001110100001101000010000
533.278  29 01000000010100001101000001000
0.0555556  29 00000000000100000000100000000
0.0555556  29 00000000000100000000100000000
546.389  29 00100101100100110001000010000
546.389  29 00000111100100101001000010000
533.333  29 01010010010100000101000001000
533.333  29 00101100000100101001000001000
546.389  29 00000110000100111101000010000
0.0555556  29 00000000000100000010100000000
0.0555556  29 00000000000100000000100000000
546.389  29 00000111100100101001000010000
363.056  29 00000000001000000010000000010
0.0555556  29 00000000000100000000100000000
0.0555556  29 00000000000100000000100000000
0.0555556  29 00000000000100000010100000000
363.056  29 00000000001000000010000000010
0.0555556  29 00000000000100000000100000000
533.333  29 00101100000100110001000001000
533.333  29 00001110000100101001000001000
533.333  29 00001110000100101001000001000
