0.0555556  29 00000000000100000000100000000
726.222  29 00001010001001000000001000000
357.111  29 00000000001010000000000000100
357.111  29 00000000001010000000000000100
357.111  29 00000000001010000000000000100
357.111  29 00000000001010000000000000010
0.0555556  29 00000000000100000010100000000
357.111  29 00000000001010000000000000010
565.222  29 00000000010100110001000010000
0.0555556  29 00000000000100000000100000000
738.167  29 00001000001000010000001000000
0.0555556  29 00000000000100000000100000000
0.0555556  29 00000000000100000010100000000
565.278  29 00100100010100100001000010000
357.111  29 00000000001010000000000000010
565.222  29 00000000010100101001000010000
565.278  29 00110000010100100001000010000
738.167  29 01000000001000010000010000000
0.0555556  29 00000000000100000000100000000
565.278  29 01001000010100001001000010000
357.111  29 00000000001010000000000000100
357.111  29 00000000001010000000000000100
0.0555556  29 00000000000100000000100000000
357.111  29 00000000001010000000000000100
357.111  29 00000000001010000000000000010
565.278  29 00010010010100100001000010000
726.222  29 00001010001001000000001000000
0.0555556  29 00000000000100000000100000000
357.111  29 00000000001010000000000000010
357.111  29 00000000001010000000000000010
0.0555556  29 00000000000100000010100000000
0.0555556  29 00000000000100000000100000000
0.0555556  29 00000000000100000010100000000
0.0555556  29 00000000000100000000100000000
726.222  29 00001010001001000000010000000
726.222  29 00001010001001000000001000000
565.278  29 00010010010100100001000010000
565.278  29 00100100010100100001000010000
565.222  29 00000000010100110001000010000
0.0555556  29 00000000000100000010100000000
0.0555556  29 00000000000100000010100000000
738.167  29 01000000001000010000010000000
0.0555556  29 00000000000100000000100000000
565.278  29 00010010010100100001000010000
738.167  29 00001000001000010000010000000
0.0555556  29 00000000000100000010100000000
357.111  29 00000000001010000000000000010
565.333  29 01101100010100000001000010000
0.0555556  29 00000000000100000000100000000
0.0555556  29 00000000000100000010100000000
357.111  29 00000000001010000000000000100
0.0555556  29 00000000000100000010100000000
357.111  29 00000000001010000000000000100
357.111  29 00000000001010000000000000010
565.278  29 01001000010100010001000010000
357.111  29 00000000001010000000000000010
357.111  29 00000000001010000000000000100
738.167  29 01000000001000010000010000000
0.0555556  29 00000000000100000000100000000
357.111  29 00000000001010000000000000100
0.0555556  29 00000000000100000010100000000
565.222  29 00000000010100101001000010000
357.111  29 00000000001010000000000000100
0.0555556  29 00000000000100000010100000000
0.0555556  29 00000000000100000000100000000
357.111  29 00000000001010000000000000100
565.222  29 00000000010100101001000010000
0.0555556  29 00000000000100000010100000000
565.222  29 00000000010100101001000010000
0.0555556  29 00000000000100000000100000000
0.0555556  29 00000000000100000010100000000
565.278  29 00110000010100100001000010000
634.444  29 00011010000100111101000010000
357.111  29 00000000001010000000000000100
565.278  29 01001000010100010001000010000
565.278  29 00110000010100100001000010000
0.0555556  29 00000000000100000010100000000
738.167  29 00001000001000010000001000000
738.167  29 00001000001000010000010000000
565.222  29 00000000010100110001000010000
565.278  29 00110000010100100001000010000
0.0555556  29 00000000000100000000100000000
0.0555556  29 00000000000100000000100000000
726.222  29 00001010001001000000001000000
0.0555556  29 00000000000100000010100000000
0.0555556  29 00000000000100000010100000000
0.0555556  29 00000000000100000010100000000
565.278  29 00110000010100100001000010000
0.0555556  29 00000000000100000010100000000
726.222  29 00001010001001000000001000000
738.167  29 00001000001000010000001000000
0.0555556  29 00000000000100000010100000000
357.111  29 00000000001010000000000000010
357.111  29 00000000001010000000000000010
0.0555556  29 00000000000100000010100000000
357.111  29 00000000001010000000000000010
0.0555556  29 00000000000100000000100000000
357.111  29 00000000001010000000000000010
0.0555556  29 00000000000100000000100000000
565.222  29 00000000010100110001000010000
