504.278  29 00111000000100000101000001000
497.333  29 01100000100100010101000010000
497.333  29 00001100100100010101000010000
480.167  29 00001000100100000001000001000
497.333  29 00101000100100010101000010000
497.333  29 00101000100100010101000010000
497.333  29 01010000100100001101000010000
480.167  29 01000000100100000001000001000
497.333  29 01100000100100001101000010000
497.333  29 01000100100100010101000010000
497.333  29 00101000100100001101000010000
497.333  29 00011000100100001101000010000
480.167  29 01000000100100000001000001000
497.333  29 00011000100100010101000010000
504.222  29 00001000000100010101000001000
522.444  29 01010010000100111101000010000
497.333  29 00011000100100001101000010000
497.333  29 00011000100100001101000010000
497.333  29 00101000100100001101000010000
497.333  29 01000100100100010101000010000
497.333  29 00011000100100010101000010000
497.333  29 00001010100100010101000010000
0.0555556  29 00000000000100000010100000000
497.333  29 01100000100100010101000010000
497.333  29 00001010100100010101000010000
497.333  29 01100000100100010101000010000
497.333  29 00101000100100001101000010000
497.333  29 01000010100100001101000010000
497.333  29 01100000100100001101000010000
497.333  29 01000010100100001101000010000
497.389  29 00011110100100000101000010000
504.278  29 01010010000100000101000001000
497.333  29 01000010100100010101000010000
497.333  29 01010000100100010101000010000
497.333  29 00001010100100010101000010000
497.333  29 01000100100100001101000010000
504.222  29 00001000000100010101000001000
497.333  29 00011000100100010101000010000
504.278  29 01010010000100000101000001000
497.389  29 01110010100100000101000010000
497.333  29 00001100100100001101000010000
497.333  29 00001010100100010101000010000
497.333  29 01100000100100001101000010000
497.333  29 00101000100100001101000010000
480.167  29 01000000100100000001000001000
0.0555556  29 00000000000100000010100000000
497.333  29 00011000100100001101000010000
497.333  29 00001010100100001101000010000
497.333  29 01100000100100010101000010000
522.444  29 01010010000100111101000010000
497.333  29 01010000100100001101000010000
497.333  29 01100000100100010101000010000
497.333  29 00001100100100010101000010000
497.333  29 00101000100100010101000010000
497.333  29 01100000100100010101000010000
497.333  29 01010000100100010101000010000
480.167  29 01000000100100000001000001000
497.333  29 01000100100100010101000010000
497.333  29 01100000100100010101000010000
497.333  29 00001010100100010101000010000
497.333  29 00001100100100010101000010000
497.389  29 00101110100100000101000010000
497.333  29 01100000100100001101000010000
497.333  29 01000100100100001101000010000
497.333  29 00011000100100010101000010000
504.222  29 00001000000100010101000001000
497.333  29 00011000100100001101000010000
497.333  29 00011000100100001101000010000
497.333  29 01100000100100001101000010000
497.333  29 01000010100100010101000010000
497.333  29 00001100100100010101000010000
497.333  29 00101000100100001101000010000
497.333  29 01100000100100010101000010000
497.333  29 01010000100100001101000010000
497.333  29 01000010100100001101000010000
480.167  29 00001000100100000001000001000
497.333  29 01000010100100001101000010000
497.333  29 01010000100100010101000010000
0.0555556  29 00000000000100000000100000000
504.222  29 01000000000100001101000001000
497.333  29 00011000100100001101000010000
497.333  29 01010000100100001101000010000
497.389  29 01110100100100000101000010000
497.333  29 00011000100100001101000010000
497.333  29 00001010100100010101000010000
497.333  29 01010000100100010101000010000
480.167  29 01000000100100000001000001000
497.389  29 00101110100100000101000010000
480.167  29 00001000100100000001000001000
504.222  29 01000000000100001101000001000
497.333  29 00101000100100010101000010000
497.333  29 00101000100100001101000010000
522.444  29 01100100000100111101000010000
497.333  29 00011000100100010101000010000
497.333  29 00001010100100001101000010000
497.333  29 00001010100100001101000010000
504.222  29 01000000000100001101000001000
497.333  29 01100000100100010101000010000
497.333  29 01010000100100001101000010000
497.333  29 01100000100100001101000010000
