0.0555556  29 00001000000000000010100000000
0.0555556  29 01000000000000000010100000000
1150.17  29 00000000110000000110010000000
0.0555556  29 01000000000000000000100000000
0.0555556  29 00001000000000000000100000000
0.0555556  29 00001000000000000010100000000
0.0555556  29 01000000000000000000100000000
0.0555556  29 00001000000000000000100000000
0.0555556  29 01000000000000000010100000000
0.0555556  29 01000000000000000010100000000
0.0555556  29 01000000000000000000100000000
0.0555556  29 01000000000000000000100000000
0.0555556  29 00001000000000000010100000000
1174.17  29 00000001010000001010000010000
0.0555556  29 00001000000000000010100000000
0.0555556  29 01000000000000000000100000000
0.0555556  29 01000000000000000010100000000
0.0555556  29 00001000000000000000100000000
0.0555556  29 00001000000000000010100000000
0.0555556  29 00001000000000000010100000000
0.0555556  29 00001000000000000000100000000
0.0555556  29 01000000000000000000100000000
0.0555556  29 00001000000000000010100000000
0.0555556  29 00001000000000000000100000000
0.0555556  29 01000000000000000000100000000
0.0555556  29 00001000000000000010100000000
0.0555556  29 00001000000000000010100000000
0.0555556  29 01000000000000000000100000000
0.0555556  29 00001000000000000010100000000
0.0555556  29 00001000000000000000100000000
0.0555556  29 00001000000000000010100000000
0.0555556  29 01000000000000000000100000000
1174.17  29 00000001010000001011001000000
0.0555556  29 00001000000000000000100000000
0.0555556  29 01000000000000000000100000000
0.0555556  29 00001000000000000010100000000
0.0555556  29 01000000000000000010100000000
0.0555556  29 00001000000000000010100000000
0.0555556  29 01000000000000000010100000000
0.0555556  29 00001000000000000010100000000
0.0555556  29 00001000000000000010100000000
0.0555556  29 00001000000000000010100000000
0.0555556  29 00001000000000000000100000000
0.0555556  29 01000000000000000000100000000
0.0555556  29 01000000000000000000100000000
0.0555556  29 01000000000000000010100000000
0.0555556  29 00001000000000000010100000000
0.0555556  29 00001000000000000010100000000
0.0555556  29 01000000000000000010100000000
0.0555556  29 00001000000000000010100000000
0.0555556  29 01000000000000000010100000000
0.0555556  29 01000000000000000010100000000
0.0555556  29 00001000000000000010100000000
0.0555556  29 01000000000000000000100000000
0.0555556  29 00001000000000000010100000000
0.0555556  29 00001000000000000010100000000
0.0555556  29 01000000000000000010100000000
0.0555556  29 01000000000000000010100000000
0.0555556  29 01000000000000000000100000000
0.0555556  29 01000000000000000000100000000
0.0555556  29 01000000000000000000100000000
0.0555556  29 01000000000000000000100000000
1174.17  29 00000001010000001011010000000
0.0555556  29 01000000000000000000100000000
0.0555556  29 01000000000000000000100000000
0.0555556  29 01000000000000000000100000000
0.0555556  29 00001000000000000000100000000
0.0555556  29 01000000000000000010100000000
1150.17  29 00000000110000000110010000000
0.0555556  29 00001000000000000010100000000
0.0555556  29 00001000000000000010100000000
1150.17  29 00000000110000000110010000000
0.0555556  29 00001000000000000010100000000
0.0555556  29 01000000000000000010100000000
0.0555556  29 00001000000000000000100000000
0.0555556  29 00001000000000000000100000000
0.0555556  29 01000000000000000000100000000
0.0555556  29 00001000000000000010100000000
0.0555556  29 01000000000000000000100000000
0.0555556  29 00001000000000000010100000000
0.0555556  29 00001000000000000010100000000
0.0555556  29 00001000000000000000100000000
0.0555556  29 01000000000000000010100000000
0.0555556  29 01000000000000000000100000000
0.0555556  29 01000000000000000000100000000
0.0555556  29 01000000000000000000100000000
0.0555556  29 01000000000000000000100000000
0.0555556  29 00001000000000000010100000000
0.0555556  29 01000000000000000000100000000
0.0555556  29 01000000000000000010100000000
0.0555556  29 01000000000000000000100000000
0.0555556  29 01000000000000000000100000000
0.0555556  29 00001000000000000000100000000
0.0555556  29 01000000000000000010100000000
0.0555556  29 00001000000000000010100000000
0.0555556  29 01000000000000000010100000000
0.0555556  29 01000000000000000000100000000
1150.17  29 00000000110000000110010000000
0.0555556  29 00001000000000000000100000000
0.0555556  29 01000000000000000000100000000
