490.444  29 01000111100100110001000010000
0.0555556  29 00000000000100000000100000000
490.389  29 01000001100100111001000010000
490.444  29 00001110000100111101000010000
0.0555556  29 00000000000100000000100000000
490.444  29 00111001110100000101000010000
490.222  29 00001001100100000001000001000
490.389  29 00001001110100001101000010000
490.444  29 00011011100100110001000010000
490.444  29 00011011100100101001000010000
490.222  29 00001001100100000001000001000
490.444  29 00011011100100101001000010000
490.444  29 00001111110100000101000010000
490.389  29 01000001110100010101000010000
0.0555556  29 00000000000100000000100000000
0.0555556  29 00000000000100000010100000000
490.222  29 01000001100100000001000001000
490.389  29 01000001100100111001000010000
490.444  29 01010011110100000101000010000
363.056  29 00000000001000000010000000010
490.222  29 00001001100100000001000001000
490.389  29 00001001110100001101000010000
490.444  29 01010011100100110001000010000
490.278  29 01110000000100000101000001000
490.389  29 01000001110100001101000010000
490.222  29 01000001100100000001000001000
490.389  29 01000001110100001101000010000
490.389  29 00001001100100111001000010000
490.389  29 00001001100100111001000010000
0.0555556  29 00000000000100000010100000000
490.278  29 00101100000100000101000001000
490.444  29 01010011110100000101000010000
490.444  29 00011010000100111101000010000
490.389  29 01000001100100111001000010000
490.389  29 00001001110100010101000010000
490.222  29 01000000000100010101000001000
490.444  29 01010011100100110001000010000
490.444  29 01110001100100101001000010000
490.222  29 00001000000100001101000001000
490.389  29 01000001100100111001000010000
490.444  29 00011010000100111101000010000
490.444  29 01100101100100110001000010000
490.389  29 01000001100100111001000010000
490.278  29 00111000000100000101000001000
490.444  29 01010011110100000101000010000
490.389  29 00001001100100111001000010000
490.444  29 00011011100100110001000010000
490.5  29 01110110000100101101000010000
490.444  29 01110001100100110001000010000
490.389  29 01000001110100010101000010000
490.389  29 00001001100100111001000010000
490.444  29 01000111100100101001000010000
0.0555556  29 00000000000100000010100000000
490.389  29 01000001110100001101000010000
490.389  29 00001001110100001101000010000
490.389  29 01000001110100010101000010000
490.222  29 00001001100100000001000001000
0.0555556  29 00000000000100000000100000000
490.389  29 01000001110100010101000010000
490.222  29 01000001100100000001000001000
490.222  29 00001000000100001101000001000
490.389  29 00001001110100001101000010000
490.222  29 01000000000100010101000001000
477.111  29 00000000000100010011000001000
490.444  29 00011011100100110001000010000
490.444  29 00011011100100110001000010000
490.389  29 01000001110100001101000010000
0.0555556  29 00000000000100000010100000000
490.444  29 00101101100100110001000010000
490.444  29 00001111100100110001000010000
490.444  29 00101101110100000101000010000
490.389  29 00001001100100111001000010000
490.444  29 00011010000100111101000010000
490.222  29 01000000000100010101000001000
490.444  29 00101101110100000101000010000
0.0555556  29 00000000000100000010100000000
490.389  29 01000001100100111001000010000
490.444  29 01010010000100111101000010000
490.444  29 00011010000100111101000010000
490.278  29 01110000000100000101000001000
490.222  29 01000001100100000001000001000
363.056  29 00000000001000000000000000100
490.444  29 00101101100100101001000010000
490.222  29 01000001100100000001000001000
490.222  29 00001001100100000001000001000
490.389  29 01000001100100111001000010000
490.278  29 01010010000100000101000001000
490.389  29 01000001110100010101000010000
490.444  29 01100101100100110001000010000
490.278  29 00011010000100000101000001000
490.444  29 00011011110100000101000010000
490.222  29 01000001100100000001000001000
490.389  29 01000001110100010101000010000
490.444  29 00101101100100101001000010000
490.444  29 01010011100100101001000010000
0.0555556  29 00000000000100000010100000000
490.278  29 01010010000100000101000001000
490.444  29 00001110000100111101000010000
490.444  29 01110001100100110001000010000
490.222  29 00001001100100000001000001000
