161.111  29 00000000101000000000000100000
140.167  29 00000001010000010011000010000
60.1111  29 00000000100000000111000001000
161.111  29 00000000101000000000000010000
160.111  29 00000000000001001011000010000
60.1111  29 00000000100000000111000001000
90.1667  29 00000001000000100101000010000
60.1111  29 00000000100000000111000001000
60.1111  29 00000000100000000111000001000
162.111  29 00000000000000011000010000000
158.111  29 00000000010010000011000010000
90.1667  29 00000001000000100101000010000
161.111  29 00000000101000000000000100000
60.1111  29 00000000100000000111000001000
158.111  29 00000000010010000011000010000
60.1111  29 00000000100000000111000001000
162.111  29 00000000000000011000010000000
161.111  29 00000000101000000000000010000
90.1667  29 00000001000000100101000010000
140.167  29 00000001010000010011000010000
161.111  29 00000000101000000000010000000
90.1667  29 00000001000000100101000010000
90.1667  29 00000001000000100101000010000
140.167  29 00000001010000010011000010000
160.111  29 00000000000001001011000010000
161.111  29 00000000101000000000010000000
90.1667  29 00000001000000100101000010000
90.1667  29 00000001000000100101000010000
160.111  29 00000000000001001011000010000
60.1111  29 00000000100000000111000001000
60.1111  29 00000000100000000111000001000
161.111  29 00000000101000000000000010000
90.1667  29 00000001000000100101000010000
158.111  29 00000000010010000011000010000
158.111  29 00000000010010000011000010000
140.167  29 00000001010000010011000010000
161.111  29 00000000101000000000010000000
158.111  29 00000000010010000011000010000
60.1111  29 00000000100000000111000001000
140.167  29 00000001010000010011000010000
161.111  29 00000000101000000000010000000
158.111  29 00000000010010000011000010000
162.111  29 00000000000000011000010000000
90.1667  29 00000001000000100101000010000
161.111  29 00000000101000000000000010000
161.111  29 00000000101000000000000100000
162.111  29 00000000000000011000010000000
120.222  29 00000110100000100001000010000
140.167  29 00000001010000010011000010000
90.1667  29 00000001000000100101000010000
60.1111  29 00000000100000000111000001000
60.1111  29 00000000100000000111000001000
140.167  29 00000001010000010011000010000
90.1667  29 00000001000000100101000010000
161.111  29 00000000101000000000010000000
60.1111  29 00000000100000000111000001000
60.1111  29 00000000100000000111000001000
161.111  29 00000000101000000000010000000
90.1667  29 00000001000000100101000010000
60.1111  29 00000000100000000111000001000
158.111  29 00000000010010000011000010000
60.1111  29 00000000100000000111000001000
140.167  29 00000001010000010011000010000
86.1111  29 00000001010000000001000000010
60.1111  29 00000000100000000111000001000
140.167  29 00000001010000010011000010000
160.111  29 00000000000001001011000010000
161.111  29 00000000101000000000000010000
161.111  29 00000000101000000000000100000
60.1111  29 00000000100000000111000001000
60.1111  29 00000000100000000111000001000
158.111  29 00000000010010000011000010000
60.1111  29 00000000100000000111000001000
60.1111  29 00000000100000000111000001000
90.1667  29 00000001000000100101000010000
90.1667  29 00000001000000100101000010000
140.167  29 00000001010000010011000010000
60.1111  29 00000000100000000111000001000
60.1111  29 00000000100000000111000001000
161.111  29 00000000101000000000000100000
160.111  29 00000000000001001011000010000
60.1111  29 00000000100000000111000001000
90.1667  29 00000001000000100101000010000
140.167  29 00000001010000010011000010000
60.1111  29 00000000100000000111000001000
60.1111  29 00000000100000000111000001000
60.1111  29 00000000100000000111000001000
161.111  29 00000000101000000000000010000
161.111  29 00000000101000000000000100000
162.111  29 00000000000000011000010000000
60.1111  29 00000000100000000111000001000
60.1111  29 00000000100000000111000001000
60.1111  29 00000000100000000111000001000
162.111  29 00000000000000011000010000000
161.111  29 00000000101000000000000100000
60.1111  29 00000000100000000111000001000
161.111  29 00000000101000000000000100000
140.167  29 00000001010000010011000010000
161.111  29 00000000101000000000010000000
90.1667  29 00000001000000100101000010000
