0.0555556  29 00000000000100000010100000000
306.111  29 00000000001000001000001000000
306.111  29 00000000001000001000001000000
306.111  29 00000000001000001000001000000
306.111  29 00000000001000001000001000000
0.0555556  29 00000000000100000000100000000
306.111  29 00000000001000001000010000000
306.111  29 00000000001000001000001000000
306.111  29 00000000001000001000010000000
0.0555556  29 00000000000100000010100000000
306.111  29 00000000001000001000000000010
306.111  29 00000000001000001000000000100
306.111  29 00000000001000001000001000000
306.111  29 00000000001000001000010000000
306.111  29 00000000001000001000000000010
306.111  29 00000000001000001000000000010
0.0555556  29 00000000000100000010100000000
306.111  29 00000000001000001000000000100
306.111  29 00000000001000001000001000000
306.111  29 00000000001000001000001000000
306.111  29 00000000001000001000000000100
0.0555556  29 00000000000100000000100000000
306.111  29 00000000001000001000000000100
306.111  29 00000000001000001000001000000
306.111  29 00000000001000001000010000000
306.111  29 00000000001000001000001000000
306.111  29 00000000001000001000000000010
0.0555556  29 00000000000100000000100000000
306.111  29 00000000001000001000001000000
306.111  29 00000000001000001000001000000
306.111  29 00000000001000001000000000010
306.111  29 00000000001000001000010000000
306.111  29 00000000001000001000010000000
306.111  29 00000000001000001000001000000
306.111  29 00000000001000001000010000000
306.111  29 00000000001000001000001000000
0.0555556  29 00000000000100000000100000000
306.111  29 00000000001000001000010000000
306.111  29 00000000001000001000001000000
306.111  29 00000000001000001000001000000
306.111  29 00000000001000001000001000000
306.111  29 00000000001000001000000000010
306.111  29 00000000001000001000000000100
0.0555556  29 00000000000100000000100000000
306.111  29 00000000001000001000010000000
306.111  29 00000000001000001000001000000
306.111  29 00000000001000001000000000010
306.111  29 00000000001000001000000000100
306.111  29 00000000001000001000000000100
306.111  29 00000000001000001000010000000
306.111  29 00000000001000001000010000000
0.0555556  29 00000000000100000010100000000
306.111  29 00000000001000001000000000100
306.111  29 00000000001000001000000000010
0.0555556  29 00000000000100000000100000000
306.111  29 00000000001000001000000000010
0.0555556  29 00000000000100000010100000000
306.111  29 00000000001000001000010000000
0.0555556  29 00000000000100000000100000000
306.111  29 00000000001000001000000000100
306.111  29 00000000001000001000000000100
306.111  29 00000000001000001000010000000
306.111  29 00000000001000001000000000100
306.111  29 00000000001000001000000000100
306.111  29 00000000001000001000010000000
306.111  29 00000000001000001000000000010
0.0555556  29 00000000000100000000100000000
306.111  29 00000000001000001000000000010
306.111  29 00000000001000001000001000000
0.0555556  29 00000000000100000010100000000
306.111  29 00000000001000001000010000000
306.111  29 00000000001000001000001000000
0.0555556  29 00000000000100000010100000000
306.111  29 00000000001000001000001000000
306.111  29 00000000001000001000001000000
306.111  29 00000000001000001000001000000
306.111  29 00000000001000001000010000000
306.111  29 00000000001000001000010000000
0.0555556  29 00000000000100000000100000000
0.0555556  29 00000000000100000000100000000
306.111  29 00000000001000001000010000000
306.111  29 00000000001000001000000000010
306.111  29 00000000001000001000001000000
306.111  29 00000000001000001000000000100
306.111  29 00000000001000001000010000000
306.111  29 00000000001000001000010000000
306.111  29 00000000001000001000000000100
306.111  29 00000000001000001000000000100
124.222  29 00011010000100000001000010000
306.111  29 00000000001000001000000000010
306.111  29 00000000001000001000000000010
306.111  29 00000000001000001000000000010
306.111  29 00000000001000001000001000000
306.111  29 00000000001000001000000000010
306.111  29 00000000001000001000000000100
306.111  29 00000000001000001000000000010
306.111  29 00000000001000001000000000100
306.111  29 00000000001000001000010000000
306.111  29 00000000001000001000000000100
306.111  29 00000000001000001000000000100
