168.167  29 00001000100000100001000010000
168.167  29 00001000100000100001000010000
168.167  29 01000000100000100001000010000
264.278  29 00010010100000100101000010000
168.167  29 00001000100000100001000010000
168.167  29 01000000100000100001000010000
168.167  29 00001000100000100001000010000
168.167  29 00001000100000100001000010000
168.167  29 01000000100000100001000010000
168.167  29 00001000100000100001000010000
168.167  29 00001000100000100001000010000
168.167  29 01000000100000100001000010000
168.167  29 00001000100000100001000010000
168.167  29 00001000100000100001000010000
168.167  29 00001000100000100001000010000
168.167  29 01000000100000100001000010000
168.167  29 00001000100000100001000010000
168.167  29 00001000100000100001000010000
179.111  29 00000001010000000001000010000
168.167  29 01000000100000100001000010000
168.167  29 00001000100000100001000010000
168.167  29 01000000100000100001000010000
168.167  29 00001000100000100001000010000
179.111  29 00000001010000000001000010000
168.167  29 00001000100000100001000010000
168.167  29 01000000100000100001000010000
168.167  29 01000000100000100001000010000
168.167  29 00001000100000100001000010000
168.167  29 01000000100000100001000010000
168.167  29 00001000100000100001000010000
168.167  29 01000000100000100001000010000
168.167  29 01000000100000100001000010000
168.167  29 01000000100000100001000010000
168.167  29 01000000100000100001000010000
168.167  29 00001000100000100001000010000
168.167  29 01000000100000100001000010000
168.167  29 01000000100000100001000010000
168.167  29 00001000100000100001000010000
264.222  29 00000000100000110101000010000
168.167  29 00001000100000100001000010000
179.111  29 00000001010000000001000010000
168.167  29 01000000100000100001000010000
168.167  29 00001000100000100001000010000
168.167  29 00001000100000100001000010000
168.167  29 01000000100000100001000010000
168.167  29 01000000100000100001000010000
168.167  29 01000000100000100001000010000
168.167  29 00001000100000100001000010000
168.167  29 01000000100000100001000010000
168.167  29 00001000100000100001000010000
168.167  29 01000000100000100001000010000
168.167  29 01000000100000100001000010000
168.167  29 00001000100000100001000010000
168.167  29 00001000100000100001000010000
168.167  29 01000000100000100001000010000
168.167  29 00001000100000100001000010000
168.167  29 01000000100000100001000010000
168.167  29 01000000100000100001000010000
179.111  29 00000001010000000001000010000
168.167  29 00001000100000100001000010000
168.167  29 01000000100000100001000010000
168.167  29 01000000100000100001000010000
168.167  29 00001000100000100001000010000
168.167  29 01000000100000100001000010000
168.167  29 00001000100000100001000010000
168.167  29 01000000100000100001000010000
168.167  29 01000000100000100001000010000
179.111  29 00000001010000000001000010000
168.167  29 00001000100000100001000010000
264.278  29 00100100100000100101000010000
168.167  29 00001000100000100001000010000
168.167  29 01000000100000100001000010000
168.167  29 00001000100000100001000010000
264.278  29 00000110100000100101000010000
168.167  29 00001000100000100001000010000
168.167  29 01000000100000100001000010000
168.167  29 01000000100000100001000010000
168.167  29 01000000100000100001000010000
168.167  29 00001000100000100001000010000
168.167  29 00001000100000100001000010000
372.167  29 00000000100001000111000010000
168.167  29 00001000100000100001000010000
168.167  29 00001000100000100001000010000
168.167  29 01000000100000100001000010000
179.111  29 00000001010000000001000010000
168.167  29 00001000100000100001000010000
179.111  29 00000001010000000001000010000
168.167  29 00001000100000100001000010000
168.167  29 01000000100000100001000010000
179.111  29 00000001010000000001000010000
168.167  29 00001000100000100001000010000
168.167  29 00001000100000100001000010000
168.167  29 01000000100000100001000010000
168.167  29 01000000100000100001000010000
168.167  29 01000000100000100001000010000
168.167  29 01000000100000100001000010000
168.167  29 00001000100000100001000010000
168.167  29 00001000100000100001000010000
168.167  29 01000000100000100001000010000
264.278  29 00010010100000100101000010000
