0 : 61 57 63 45 8 37 77 88 22 90 5 23 89 19 15 7 22 98 20 34 29 22 26 19 38 91 47 18 68 13 64 89 8 18 30 83 32 88 50 27 5 11 76 98 78 15 69 82 26 53 53 15 29 27 17 40 10 91 83 62 1 24 74 8 17 62 60 1 46 87 13 99 12 34 45 74 2 67 23 59 83 8 3 8 16 3 77 80 46 46 99 45 60 56 28 81 62 11 54 32 
0 : 61 57 63 45 8 37 77 88 22 90 5 23 89 19 15 7 22 98 20 34 29 22 26 19 38 91 47 18 68 13 64 89 8 18 30 83 32 88 50 27 5 11 76 98 78 15 69 82 26 53 53 15 29 27 17 40 10 91 83 62 1 24 74 8 17 62 60 2 45 87 13 99 12 34 45 74 2 67 23 59 83 8 3 8 16 3 77 80 46 46 99 45 60 56 28 81 62 11 54 32 
0 : 61 57 63 45 8 37 77 88 22 90 5 23 89 19 15 7 22 98 20 34 29 22 26 19 38 91 47 18 68 13 64 89 8 18 30 83 32 88 50 27 5 11 77 97 78 15 69 82 26 53 53 15 29 27 17 40 10 91 83 62 1 24 74 8 17 62 60 2 45 87 13 99 12 34 45 74 2 67 23 59 83 8 3 8 16 3 77 80 46 46 99 45 60 56 28 81 62 11 54 32 
0 : 61 57 63 45 8 37 77 88 22 90 5 23 89 19 15 7 22 99 19 34 29 22 26 19 38 91 47 18 68 13 64 89 8 18 30 83 32 88 50 27 5 11 77 97 78 15 69 82 26 53 53 15 29 27 17 40 10 91 83 62 1 24 74 8 17 62 60 2 45 87 13 99 12 34 45 74 2 67 23 59 83 8 3 8 16 3 77 80 46 46 99 45 60 56 28 81 62 11 54 32 
0 : 61 57 63 45 8 37 77 88 22 90 5 23 89 19 15 7 22 99 19 34 29 22 26 19 38 91 47 18 68 13 64 89 8 18 30 83 32 88 50 27 5 11 77 97 78 15 69 82 26 53 53 15 29 27 17 40 10 92 82 62 1 24 74 8 17 62 60 2 45 87 13 99 12 34 45 74 2 67 23 59 83 8 3 8 16 3 77 80 46 46 99 45 60 56 28 81 62 11 54 32 
0 : 61 57 63 45 8 37 77 88 22 90 5 23 89 19 15 7 22 99 19 34 29 22 26 19 38 91 47 18 68 13 64 89 8 18 30 83 32 88 50 27 5 11 77 97 78 15 69 82 26 53 53 15 29 27 17 40 10 92 82 62 1 24 74 8 17 62 60 2 45 87 13 99 12 34 45 74 2 67 23 59 83 8 3 8 16 4 76 80 46 46 99 45 60 56 28 81 62 11 54 32 
0 : 61 57 63 45 8 37 77 88 22 90 5 23 89 19 15 7 22 99 19 34 29 22 26 19 38 91 47 18 68 13 64 89 8 18 30 83 32 88 50 27 5 11 77 97 78 15 69 82 26 53 53 15 29 27 17 40 10 92 82 62 1 24 74 8 17 62 60 2 45 87 13 99 12 34 45 74 2 67 23 59 83 8 3 8 16 4 76 81 45 46 99 45 60 56 28 81 62 11 54 32 
0 : 61 57 63 45 8 37 77 88 22 90 5 23 89 19 15 7 22 99 19 34 29 22 26 19 38 91 47 18 68 13 64 89 8 18 30 83 32 88 50 27 5 11 77 97 78 15 69 82 27 52 53 15 29 27 17 40 10 92 82 62 1 24 74 8 17 62 60 2 45 87 13 99 12 34 45 74 2 67 23 59 83 8 3 8 16 4 76 81 45 46 99 45 60 56 28 81 62 11 54 32 
0 : 61 57 63 45 8 37 77 88 22 90 5 23 89 19 15 7 22 99 19 34 29 22 26 19 38 91 47 19 67 13 64 89 8 18 30 83 32 88 50 27 5 11 77 97 78 15 69 82 27 52 53 15 29 27 17 40 10 92 82 62 1 24 74 8 17 62 60 2 45 87 13 99 12 34 45 74 2 67 23 59 83 8 3 8 16 4 76 81 45 46 99 45 60 56 28 81 62 11 54 32 
0 : 61 57 63 45 8 37 77 88 22 90 5 23 89 19 15 7 22 99 19 34 29 22 26 19 38 91 47 19 67 13 64 89 8 18 30 83 32 88 50 27 5 11 77 97 78 15 69 82 27 52 53 15 29 27 17 40 10 92 82 62 1 24 74 8 17 62 60 2 45 87 13 99 12 34 45 74 2 67 23 59 83 8 3 8 16 4 76 82 44 46 99 45 60 56 28 81 62 11 54 32 
0 : 61 57 63 46 7 37 77 88 22 90 5 23 89 19 15 7 22 99 19 34 29 22 26 19 38 91 47 19 67 13 64 89 8 18 30 83 32 88 50 27 5 11 77 97 78 15 69 82 27 52 53 15 29 27 17 40 10 92 82 62 1 24 74 8 17 62 60 2 45 87 13 99 12 34 45 74 2 67 23 59 83 8 3 8 16 4 76 82 44 46 99 45 60 56 28 81 62 11 54 32 
0 : 61 57 63 46 7 37 77 88 22 90 5 23 89 19 15 7 22 99 19 34 29 22 26 19 38 91 47 19 67 13 64 89 8 18 30 83 32 88 50 27 5 11 77 97 78 15 69 82 27 52 53 15 29 27 17 40 10 92 82 62 1 24 74 8 17 62 60 2 45 88 12 99 12 34 45 74 2 67 23 59 83 8 3 8 16 4 76 82 44 46 99 45 60 56 28 81 62 11 54 32 
0 : 61 57 63 46 7 37 77 88 22 90 5 23 89 19 15 7 22 99 19 34 29 22 26 19 39 90 47 19 67 13 64 89 8 18 30 83 32 88 50 27 5 11 77 97 78 15 69 82 27 52 53 15 29 27 17 40 10 92 82 62 1 24 74 8 17 62 60 2 45 88 12 99 12 34 45 74 2 67 23 59 83 8 3 8 16 4 76 82 44 46 99 45 60 56 28 81 62 11 54 32 
0 : 61 57 63 46 7 37 77 88 22 90 5 23 89 19 15 7 22 99 19 34 29 22 26 19 39 90 47 19 67 14 63 89 8 18 30 83 32 88 50 27 5 11 77 97 78 15 69 82 27 52 53 15 29 27 17 40 10 92 82 62 1 24 74 8 17 62 60 2 45 88 12 99 12 34 45 74 2 67 23 59 83 8 3 8 16 4 76 82 44 46 99 45 60 56 28 81 62 11 54 32 
0 : 61 57 63 46 7 37 77 88 22 90 5 23 89 19 15 7 22 99 19 34 29 22 26 19 39 90 47 19 67 14 63 89 8 18 30 83 32 88 50 27 6 10 77 97 78 15 69 82 27 52 53 15 29 27 17 40 10 92 82 62 1 24 74 8 17 62 60 2 45 88 12 99 12 34 45 74 2 67 23 59 83 8 3 8 16 4 76 82 44 46 99 45 60 56 28 81 62 11 54 32 
0 : 61 57 63 46 7 37 77 88 22 90 5 23 89 19 15 7 22 99 19 34 29 22 26 19 39 90 47 19 67 14 63 89 9 17 30 83 32 88 50 27 6 10 77 97 78 15 69 82 27 52 53 15 29 27 17 40 10 92 82 62 1 24 74 8 17 62 60 2 45 88 12 99 12 34 45 74 2 67 23 59 83 8 3 8 16 4 76 82 44 46 99 45 60 56 28 81 62 11 54 32 
0 : 61 57 63 46 7 37 77 88 22 90 5 23 89 19 15 7 22 99 19 34 29 22 26 19 39 90 47 19 68 13 63 89 9 17 30 83 32 88 50 27 6 10 77 97 78 15 69 82 27 52 53 15 29 27 17 40 10 92 82 62 1 24 74 8 17 62 60 2 45 88 12 99 12 34 45 74 2 67 23 59 83 8 3 8 16 4 76 82 44 46 99 45 60 56 28 81 62 11 54 32 
0 : 61 57 63 46 7 37 77 88 22 90 5 23 89 19 15 7 22 99 20 33 29 22 26 19 39 90 47 19 68 13 63 89 9 17 30 83 32 88 50 27 6 10 77 97 78 15 69 82 27 52 53 15 29 27 17 40 10 92 82 62 1 24 74 8 17 62 60 2 45 88 12 99 12 34 45 74 2 67 23 59 83 8 3 8 16 4 76 82 44 46 99 45 60 56 28 81 62 11 54 32 
0 : 61 57 63 46 7 37 77 88 22 90 5 23 89 19 15 7 22 99 20 33 29 22 26 19 39 90 48 18 68 13 63 89 9 17 30 83 32 88 50 27 6 10 77 97 78 15 69 82 27 52 53 15 29 27 17 40 10 92 82 62 1 24 74 8 17 62 60 2 45 88 12 99 12 34 45 74 2 67 23 59 83 8 3 8 16 4 76 82 44 46 99 45 60 56 28 81 62 11 54 32 
0 : 61 57 63 46 7 37 77 89 21 90 5 23 89 19 15 7 22 99 20 33 29 22 26 19 39 90 48 18 68 13 63 89 9 17 30 83 32 88 50 27 6 10 77 97 78 15 69 82 27 52 53 15 29 27 17 40 10 92 82 62 1 24 74 8 17 62 60 2 45 88 12 99 12 34 45 74 2 67 23 59 83 8 3 8 16 4 76 82 44 46 99 45 60 56 28 81 62 11 54 32 
0 : 61 57 63 46 7 37 77 89 21 90 5 23 89 19 15 7 22 99 20 33 29 22 26 19 39 90 48 18 68 13 63 89 9 17 30 83 32 88 50 27 6 10 77 97 78 15 69 82 27 52 53 15 29 27 17 40 10 92 82 62 1 24 74 8 17 62 60 2 45 88 12 99 12 34 45 74 2 67 23 59 83 8 3 8 16 4 76 82 44 46 99 45 60 56 29 80 62 11 54 32 
0 : 61 57 63 46 7 37 77 89 21 90 5 23 89 19 15 7 22 99 20 33 29 22 26 19 39 90 48 18 68 13 63 89 9 17 30 83 32 88 50 27 6 10 77 97 78 15 70 81 27 52 53 15 29 27 17 40 10 92 82 62 1 24 74 8 17 62 60 2 45 88 12 99 12 34 45 74 2 67 23 59 83 8 3 8 16 4 76 82 44 46 99 45 60 56 29 80 62 11 54 32 
0 : 61 57 63 46 7 37 77 89 21 90 5 23 89 19 15 7 22 99 20 33 29 22 26 19 39 90 48 18 68 13 63 89 9 17 30 83 32 88 50 27 6 10 77 97 78 15 70 81 27 52 53 15 30 26 17 40 10 92 82 62 1 24 74 8 17 62 60 2 45 88 12 99 12 34 45 74 2 67 23 59 83 8 3 8 16 4 76 82 44 46 99 45 60 56 29 80 62 11 54 32 
0 : 61 57 63 46 7 37 77 89 21 90 5 23 89 19 15 7 22 99 20 33 29 22 26 19 39 90 48 18 68 13 63 89 9 17 30 83 32 88 51 26 6 10 77 97 78 15 70 81 27 52 53 15 30 26 17 40 10 92 82 62 1 24 74 8 17 62 60 2 45 88 12 99 12 34 45 74 2 67 23 59 83 8 3 8 16 4 76 82 44 46 99 45 60 56 29 80 62 11 54 32 
0 : 61 57 63 46 7 37 77 89 21 90 5 23 89 19 15 7 22 99 20 33 29 22 26 19 39 90 48 18 68 13 63 89 9 17 30 83 32 88 51 26 6 10 77 97 78 15 70 81 27 52 53 15 30 26 17 40 10 92 82 62 1 24 74 8 17 62 60 2 45 88 12 99 12 34 45 74 2 67 24 58 83 8 3 8 16 4 76 82 44 46 99 45 60 56 29 80 62 11 54 32 
2 : 61 57 48 46 7 37 77 89 21 90 5 96 89 19 15 7 22 99 20 33 29 22 26 44 39 90 48 18 68 59 19 89 9 17 34 83 32 88 51 26 6 10 77 97 61 15 70 25 15 49 53 15 30 26 17 40 10 92 82 62 1 24 18 8 44 62 42 2 92 88 12 99 12 7 45 74 2 67 24 7 83 8 3 8 16 4 76 82 44 46 99 45 60 64 29 9 62 11 54 32 
1 : 61 57 28 65 7 37 77 89 21 58 5 96 89 19 15 7 22 99 20 33 66 22 26 44 39 90 48 18 68 59 19 89 9 17 34 83 32 88 51 99 6 10 77 97 61 15 5 25 15 49 81 15 30 26 17 40 68 92 82 62 1 24 42 8 44 62 42 2 92 88 12 99 12 7 59 74 2 67 24 5 83 8 3 21 16 4 84 82 44 46 49 45 45 64 29 9 62 11 54 32 
1 : 61 57 28 65 7 37 77 33 21 77 5 96 89 9 15 7 22 8 20 33 87 22 26 44 39 90 48 18 68 8 19 89 9 17 34 83 32 53 51 100 6 72 77 29 61 15 5 25 15 49 81 40 56 26 17 40 48 92 82 72 93 24 84 8 11 62 42 72 92 88 39 99 12 7 59 74 2 67 93 5 83 8 3 21 16 4 36 82 41 46 49 45 45 64 78 9 62 31 54 21 
2 : 61 57 28 65 7 37 77 33 21 77 5 96 89 9 15 78 22 8 20 33 87 22 26 44 39 90 48 18 68 8 19 89 9 99 34 83 32 53 51 100 6 72 77 29 49 15 5 25 15 49 81 40 56 26 17 40 70 92 82 72 93 24 84 8 11 62 42 69 92 88 100 99 12 7 59 74 67 26 10 5 83 8 3 21 16 4 36 82 41 87 49 45 45 33 78 9 62 31 11 21 
4 : 61 57 28 65 7 38 77 33 21 77 5 96 89 9 93 78 22 8 77 33 87 22 26 44 39 90 27 18 68 8 81 89 9 99 34 83 32 53 51 100 6 56 50 29 49 15 5 25 15 49 81 91 56 26 17 7 70 92 82 72 93 24 68 8 11 62 42 69 92 88 100 56 12 53 59 74 67 26 10 5 51 8 3 28 16 85 52 82 41 59 49 45 45 33 78 9 62 31 11 21 
7 : 61 57 51 65 7 96 77 33 21 77 10 96 89 9 93 78 22 39 77 33 30 22 14 44 39 90 27 18 68 67 81 89 9 99 34 78 32 53 10 100 6 56 50 29 49 86 5 25 15 49 81 91 56 26 41 16 66 92 82 72 93 24 68 8 11 62 42 69 92 88 100 56 12 53 59 74 67 26 10 5 51 8 3 28 16 85 43 82 41 59 73 45 45 92 78 9 32 31 28 21 
7 : 61 57 51 65 7 96 77 33 21 77 5 13 89 34 93 78 16 39 77 33 74 22 14 44 39 90 3 18 70 67 26 89 9 99 75 78 32 53 10 100 6 56 50 29 49 86 5 46 15 49 81 91 56 63 41 21 66 82 82 72 68 55 68 8 11 62 42 69 92 25 100 56 12 53 59 74 67 26 10 73 51 82 3 17 16 65 43 82 41 59 73 45 45 92 78 9 32 31 28 21 
8 : 61 57 4 65 34 96 77 33 21 77 5 13 89 34 93 72 16 39 89 1 74 22 5 44 39 90 3 18 40 67 26 89 9 99 75 78 32 25 10 100 24 56 50 49 49 98 5 46 15 49 81 91 56 2 41 64 66 18 82 76 68 55 68 8 11 49 42 86 92 25 100 56 59 53 59 74 94 26 10 73 51 82 3 17 16 65 99 82 41 59 73 45 45 92 78 9 32 31 28 90 
8 : 61 6 4 65 34 96 44 33 21 77 5 13 89 34 31 72 16 25 89 1 74 100 5 18 39 90 3 18 40 67 26 89 96 99 75 78 32 25 10 100 24 56 50 49 49 25 27 97 77 65 81 91 56 24 27 64 66 75 82 76 68 55 46 8 11 49 42 86 45 25 100 56 59 53 59 33 94 26 10 73 51 82 3 17 16 65 99 82 41 59 73 45 45 92 78 9 31 31 28 90 
5 : 61 6 4 58 34 96 19 33 21 77 65 13 89 34 31 72 16 84 89 1 74 100 5 84 39 6 3 18 40 73 42 89 96 99 75 93 32 3 21 100 24 56 1 18 49 25 27 22 34 65 81 91 56 24 27 64 27 75 82 76 68 55 46 8 11 49 42 50 45 25 44 58 59 53 59 33 94 26 10 73 51 82 3 17 16 55 99 20 41 59 73 45 46 92 78 27 31 31 28 90 
6 : 61 6 4 58 95 96 56 33 22 25 65 13 89 10 56 72 16 84 89 94 74 100 5 84 47 6 5 18 48 73 79 89 96 99 75 93 32 3 21 100 24 56 1 59 49 25 42 22 34 65 81 91 56 24 27 64 5 75 82 76 1 85 77 8 11 49 42 50 45 25 44 58 59 53 59 33 94 26 10 73 51 82 14 17 16 17 99 20 41 59 55 45 59 19 78 27 31 31 62 54 
5 : 61 40 4 58 11 96 56 33 22 25 65 13 89 10 56 72 16 84 89 94 74 100 5 84 47 38 34 18 48 73 79 89 96 99 75 93 32 3 21 100 9 56 1 59 49 25 42 24 34 65 4 91 56 24 27 64 5 75 82 76 1 85 35 8 11 49 42 50 45 25 44 50 59 53 59 33 94 6 10 73 51 82 81 17 16 17 99 20 41 59 55 45 59 43 53 27 31 31 62 78 
5 : 61 40 4 58 11 96 56 33 22 25 65 13 75 10 56 72 16 84 89 94 74 100 5 84 47 38 34 22 48 73 79 89 96 99 75 93 32 3 21 100 9 56 1 59 49 25 42 24 34 65 4 91 56 24 27 64 5 75 82 76 1 85 35 8 11 49 42 50 45 25 44 50 59 53 59 33 94 6 10 73 51 82 81 17 16 17 99 20 41 59 55 45 59 43 53 27 31 31 40 78 
4 : 61 40 4 17 11 96 56 33 22 25 65 13 75 10 56 66 16 84 19 94 48 100 5 84 47 38 34 22 57 73 79 89 96 99 75 57 32 3 21 100 2 56 57 59 19 25 42 24 55 65 15 91 56 24 27 63 5 75 64 76 1 85 35 59 11 49 42 50 45 25 52 50 59 53 59 33 94 6 10 73 51 82 81 17 16 72 99 20 41 59 39 45 59 43 53 27 9 28 3 78 
4 : 61 40 4 10 11 96 55 33 22 2 65 13 75 10 68 66 16 84 19 94 48 100 5 84 47 38 34 22 57 73 79 89 96 99 75 57 32 3 98 100 2 56 57 59 6 25 42 24 55 65 15 91 56 24 27 63 5 23 64 76 1 85 35 59 11 49 35 50 51 25 45 34 59 53 59 20 94 6 10 73 51 82 81 68 16 72 99 20 41 59 39 73 59 43 53 27 9 28 3 78 
9 : 61 40 4 10 11 96 55 33 22 2 65 13 75 10 68 66 16 84 19 94 56 100 5 84 47 24 34 22 57 73 79 89 96 99 75 57 32 3 98 100 71 56 57 59 42 51 98 24 55 65 15 91 36 24 27 58 31 23 64 59 49 85 24 59 11 96 35 50 66 92 14 79 59 53 85 20 94 6 60 73 51 82 14 68 16 79 99 41 95 47 39 59 59 43 53 27 9 14 69 78 
10 : 61 88 4 10 11 96 55 33 22 2 65 13 75 10 68 66 16 84 19 94 56 100 5 84 47 24 34 22 57 73 79 89 96 99 75 57 32 3 98 100 71 23 57 59 42 51 98 24 55 65 15 91 36 24 100 58 31 23 64 59 49 85 24 59 11 96 35 49 66 92 14 79 59 53 85 20 94 6 60 81 51 82 14 53 16 79 99 41 95 47 39 59 59 43 53 27 9 39 69 78 
10 : 61 9 4 10 11 96 55 33 22 2 65 13 75 10 68 66 16 84 19 94 56 100 5 84 47 24 34 50 57 73 79 89 96 99 75 57 32 3 98 100 71 23 57 88 42 51 64 24 55 65 15 91 36 24 100 58 31 23 35 59 49 85 54 59 11 96 35 53 66 92 14 79 59 53 57 20 94 6 60 81 51 82 14 53 16 79 99 41 95 47 39 59 59 43 53 27 9 39 69 84 
9 : 61 37 4 10 11 96 55 33 39 2 65 13 75 10 68 66 16 84 19 24 56 100 5 81 50 24 34 38 65 35 79 89 96 99 75 57 32 3 9 100 71 23 57 88 42 51 64 24 55 3 15 20 36 24 100 58 76 84 35 59 64 85 54 59 11 96 35 53 66 92 9 79 59 53 57 20 94 56 81 81 51 82 14 53 16 63 99 41 95 36 39 34 59 43 50 77 9 39 84 84 
8 : 61 37 4 10 11 96 55 33 39 2 65 13 75 10 68 66 16 84 19 24 56 69 5 81 50 24 34 38 65 35 79 89 96 99 75 57 32 3 9 100 71 23 57 88 42 51 64 24 55 3 15 20 36 24 100 58 76 84 35 59 64 85 54 59 11 96 35 53 66 92 9 79 59 53 57 4 94 56 81 81 51 82 14 53 16 63 99 41 95 36 39 34 59 43 50 77 9 39 84 84 
6 : 61 11 4 70 11 53 38 33 39 2 65 13 75 10 29 66 16 84 19 24 56 69 64 81 26 24 34 38 65 35 79 89 96 99 80 57 32 3 9 18 71 23 57 13 42 73 64 24 55 3 15 20 36 24 100 58 76 84 35 59 64 85 53 59 11 96 35 53 66 92 9 79 59 53 57 4 29 56 81 81 51 82 14 53 16 41 99 41 95 36 39 34 59 43 50 77 9 39 84 84 
7 : 61 11 4 70 11 29 38 33 39 2 65 93 75 10 29 100 16 84 19 24 66 69 64 81 26 24 34 34 65 35 79 89 96 99 43 57 32 69 9 18 23 23 57 13 39 73 64 24 55 44 15 20 36 24 100 58 76 84 83 59 64 85 53 59 11 96 23 53 66 92 9 79 59 53 57 4 29 56 81 81 51 90 56 53 16 41 99 41 95 36 39 34 59 43 50 77 9 39 84 12 
13 : 50 11 52 70 68 84 38 33 39 2 65 93 75 33 29 100 16 84 19 24 66 69 64 81 26 77 34 34 65 57 79 89 96 90 43 57 32 69 29 18 23 98 57 49 39 73 9 24 55 44 15 20 36 24 100 58 76 84 83 59 39 85 53 66 11 96 23 53 91 92 9 79 59 53 59 4 79 56 64 81 51 64 56 53 16 41 99 41 95 92 92 34 59 43 50 77 92 39 84 12 
12 : 50 29 54 70 68 84 38 33 39 2 65 93 20 33 29 100 16 84 19 24 66 69 64 81 26 77 34 34 65 57 79 89 96 90 47 57 32 69 29 18 23 98 57 49 39 73 9 24 78 44 15 20 36 24 100 58 76 84 83 59 39 85 53 66 11 96 15 53 91 92 9 70 59 53 59 4 79 56 40 81 51 64 56 53 16 41 99 41 95 92 58 34 59 43 50 77 42 39 84 95 
11 : 50 36 54 70 68 84 38 33 39 2 65 57 20 33 29 100 16 84 63 7 66 69 81 65 26 77 71 34 65 57 34 89 96 90 47 57 32 69 29 18 32 73 57 49 39 73 9 24 78 44 16 10 36 24 100 59 76 84 83 59 30 76 81 66 11 96 12 53 91 92 9 70 59 53 59 40 79 56 40 81 51 8 56 53 16 41 99 41 95 92 70 34 59 43 33 77 24 39 84 88 
12 : 50 36 54 70 68 84 38 33 95 2 65 57 20 33 29 100 16 84 63 7 66 69 81 65 26 77 71 34 65 57 34 89 96 90 47 57 32 69 79 18 32 73 57 49 39 73 9 24 78 44 16 10 36 13 100 17 76 84 83 59 30 76 81 66 11 96 12 53 91 92 5 70 59 53 59 40 79 56 40 81 51 8 56 53 16 41 99 41 95 96 70 34 59 43 33 77 24 95 84 88 
13 : 50 36 54 70 68 84 38 5 95 2 65 57 20 79 15 100 16 64 63 7 66 69 81 65 26 77 71 34 65 57 34 89 3 90 47 39 32 69 79 18 32 73 47 49 39 73 9 24 78 96 16 10 36 13 100 17 76 84 83 59 30 76 81 66 75 96 12 53 91 92 5 70 62 53 59 40 79 57 40 81 92 8 56 53 16 22 99 41 95 96 70 34 82 36 39 77 95 95 84 88 
13 : 50 77 73 70 68 84 38 5 95 2 65 57 20 79 15 100 16 64 63 2 66 69 81 65 26 77 71 34 65 57 34 89 3 90 47 39 35 91 79 64 32 13 47 49 43 73 9 33 78 96 16 10 72 13 100 17 76 13 83 59 30 76 81 66 75 92 12 53 91 92 5 70 62 53 59 40 79 57 40 81 92 8 56 53 16 22 27 41 95 96 70 34 82 36 35 77 95 95 84 88 
14 : 50 77 73 70 68 84 38 5 95 2 65 57 20 79 15 100 16 64 63 2 66 69 81 65 26 77 71 34 65 57 34 89 3 90 47 39 35 91 79 64 32 13 47 49 43 73 9 33 78 96 16 10 72 13 100 17 76 13 83 59 30 76 81 66 75 92 12 53 91 92 5 70 62 53 59 40 79 57 40 81 92 8 56 53 16 22 27 41 95 96 70 83 82 36 35 77 95 95 84 88 
13 : 50 77 73 70 68 84 38 5 95 2 65 57 20 79 15 100 42 64 63 2 66 69 81 65 26 77 71 34 65 57 34 89 3 90 47 23 35 91 79 64 32 13 47 49 43 73 9 33 78 96 16 10 72 2 100 17 76 13 83 59 30 76 81 66 75 92 12 53 91 92 5 70 62 53 59 40 79 21 40 81 92 8 56 53 16 22 27 41 95 96 70 83 82 36 35 77 95 95 89 88 
14 : 50 51 73 74 68 84 38 5 95 85 65 57 20 79 15 100 42 64 30 2 66 69 81 65 26 77 59 34 65 57 34 89 3 90 47 23 35 91 79 64 79 13 47 49 43 60 9 67 78 96 16 10 72 2 100 17 76 13 83 59 30 76 81 23 75 92 12 53 91 92 5 70 62 53 59 40 79 62 67 81 92 8 56 53 16 22 27 41 96 96 70 83 82 36 35 77 95 95 72 88 
18 : 50 51 73 74 68 84 38 86 95 85 5 82 20 79 15 100 42 15 30 94 66 69 81 65 97 77 59 34 65 57 34 89 60 90 47 23 35 91 79 64 79 5 47 49 43 60 9 67 78 96 16 10 72 2 100 90 76 13 83 59 30 76 81 41 75 92 12 53 91 92 43 70 62 53 59 40 8 62 67 81 92 8 56 53 16 61 27 41 96 96 70 83 82 36 35 77 95 95 72 88 
14 : 50 51 36 74 59 84 38 86 95 85 5 82 20 79 48 100 42 15 24 94 66 69 81 65 97 77 59 34 65 57 34 89 60 90 47 23 8 91 79 40 45 5 53 49 43 60 24 31 78 96 16 12 72 2 37 90 76 13 13 78 30 76 81 41 75 92 12 53 91 26 43 70 62 53 59 76 8 62 96 81 8 8 56 53 16 61 27 41 96 96 70 65 82 36 35 51 95 95 72 88 
11 : 50 13 36 74 59 84 38 86 95 41 5 82 20 79 11 100 42 94 24 94 66 69 12 7 97 43 59 34 85 31 34 89 19 85 47 23 20 91 79 40 45 5 9 49 43 60 24 31 78 96 16 12 72 2 26 90 76 13 13 78 93 76 81 41 75 92 12 53 91 26 43 70 62 53 59 76 8 33 96 40 8 8 56 53 7 61 81 41 96 96 70 61 82 36 9 51 95 95 72 88 
11 : 50 13 36 74 59 84 38 78 95 41 53 82 20 79 11 100 42 94 24 94 66 68 12 7 97 43 59 34 85 31 34 89 19 85 47 93 20 91 79 40 45 5 9 49 43 60 24 31 3 96 16 52 72 2 26 90 76 13 13 78 93 76 81 41 75 92 12 53 91 26 43 70 62 53 59 76 8 33 96 40 8 8 65 53 7 61 81 41 96 96 70 61 82 74 9 17 95 95 72 88 
9 : 50 11 36 74 59 84 11 78 95 41 53 34 20 79 11 100 42 94 24 94 76 84 12 70 97 43 29 34 85 3 34 89 19 85 47 93 20 70 79 40 45 5 9 49 12 60 54 31 3 41 16 52 72 52 26 90 76 13 13 78 16 27 81 41 75 92 12 59 45 26 43 70 99 53 59 76 8 33 96 40 8 8 65 53 7 61 81 41 96 96 70 61 82 74 9 17 95 95 90 88 
9 : 89 88 91 74 59 64 11 78 95 41 11 34 20 79 11 54 42 94 20 94 76 84 12 70 97 25 29 34 85 3 34 89 19 85 47 74 1 70 45 40 45 5 9 100 12 60 54 31 3 41 16 52 72 52 26 90 76 13 13 78 16 27 81 41 75 92 12 59 45 26 43 70 99 9 59 76 8 33 96 37 38 3 65 53 7 61 81 41 96 96 70 55 82 74 9 17 95 95 90 88 
9 : 89 73 91 5 59 64 11 78 95 41 11 34 20 79 11 54 42 94 20 94 76 84 12 70 97 25 29 34 85 3 34 38 19 85 33 74 1 70 45 40 45 5 9 100 82 60 54 31 3 41 39 52 10 52 26 90 76 13 13 78 81 94 81 41 75 92 12 59 45 26 73 36 45 9 59 76 8 33 96 37 38 3 65 53 7 48 81 41 66 96 70 55 82 74 9 17 95 95 90 88 
9 : 47 73 91 5 59 64 11 78 95 41 95 34 20 79 11 54 42 67 20 94 76 84 12 70 97 25 29 34 85 3 34 38 19 85 33 74 1 70 45 40 45 5 9 100 82 60 54 31 3 41 39 52 10 52 26 90 76 13 13 78 81 94 81 11 75 92 12 59 45 26 73 36 45 9 59 76 8 33 96 37 38 3 65 53 7 48 81 41 66 96 70 91 82 74 9 17 95 95 90 88 
10 : 47 73 91 5 59 64 11 78 95 78 95 34 20 79 11 88 42 67 20 12 66 84 12 70 97 25 29 17 85 77 34 38 19 85 33 86 1 70 73 40 45 10 9 100 19 60 54 31 3 41 39 52 51 52 26 90 76 88 13 81 81 94 81 11 75 92 12 59 45 26 68 36 45 9 69 56 8 33 96 37 38 61 65 53 7 94 81 41 66 96 59 92 82 74 9 17 51 18 90 88 
15 : 20 73 91 52 46 64 11 78 95 78 89 34 20 79 11 88 42 77 20 12 66 84 12 70 97 36 29 17 85 77 34 38 19 85 33 86 48 70 89 40 96 10 77 100 19 60 54 31 3 41 39 81 51 52 11 90 1 88 13 81 81 94 81 25 90 64 12 59 45 26 92 77 60 9 69 56 80 33 96 37 46 61 65 53 49 94 81 41 66 84 71 92 54 74 68 17 51 80 90 88 
11 : 20 73 91 52 46 64 64 52 79 78 89 47 20 79 3 88 46 77 20 12 66 84 11 70 97 36 29 17 71 77 34 38 19 85 33 86 48 70 89 88 96 59 77 100 19 40 54 31 3 41 39 81 5 52 11 90 1 88 13 9 81 94 77 25 90 64 12 59 45 26 8 77 42 9 69 80 80 33 38 37 46 61 65 53 49 27 81 41 66 84 71 92 54 11 68 17 51 72 90 88 
12 : 20 73 91 52 94 64 64 97 79 6 89 47 20 79 3 28 94 77 20 20 66 84 11 70 97 36 29 17 71 77 34 14 19 85 33 86 48 70 89 88 62 59 77 100 80 40 54 31 3 41 39 81 5 52 11 90 1 88 13 37 60 94 32 25 90 64 12 59 45 26 11 77 42 9 45 80 80 78 76 70 73 61 93 53 61 27 81 41 66 64 71 92 54 11 68 100 51 4 90 47 
9 : 20 73 91 52 94 70 51 97 79 6 89 48 20 79 3 28 94 77 99 20 40 84 11 84 97 36 29 17 71 77 15 14 19 85 51 39 48 70 89 88 62 59 77 23 63 40 5 31 3 41 39 81 5 52 11 75 1 88 13 37 60 94 32 25 90 64 12 59 45 38 11 77 42 9 45 53 80 78 76 70 73 61 93 53 61 27 81 41 66 38 71 92 54 11 68 12 51 5 80 47 
9 : 20 73 91 52 87 7 51 97 59 6 89 48 20 41 84 28 85 77 99 20 40 84 11 84 97 36 29 17 71 77 15 94 19 36 24 81 44 4 89 88 67 59 77 23 63 40 5 31 3 48 39 81 5 52 70 75 1 88 13 75 39 94 77 12 90 64 12 27 45 38 11 77 52 9 45 14 80 78 76 70 78 61 93 84 61 27 81 41 59 38 71 92 54 11 68 12 51 5 80 47 
10 : 20 73 91 52 87 7 51 97 59 6 89 48 20 41 84 28 85 77 99 20 40 84 11 84 97 36 29 17 71 77 15 94 19 82 24 81 44 4 89 88 67 59 77 23 63 40 5 31 3 48 71 81 5 52 70 75 1 88 13 75 39 94 77 12 90 64 12 27 45 38 11 77 52 9 45 14 80 78 76 70 78 61 93 84 61 27 81 41 59 38 71 92 54 11 68 12 51 5 80 47 
8 : 20 73 91 52 87 7 51 97 59 6 89 48 20 41 84 28 2 10 99 20 40 84 11 84 97 36 29 26 84 77 15 94 19 82 24 81 44 4 89 88 67 59 77 23 63 40 5 31 3 48 71 81 5 52 70 75 1 88 13 75 39 94 77 12 57 64 12 27 45 38 11 76 52 28 45 14 80 78 76 70 78 17 93 84 61 41 81 41 59 38 71 24 54 11 68 12 51 5 80 47 
6 : 20 73 91 52 87 7 51 97 59 6 89 48 20 41 84 28 2 10 99 20 40 84 11 79 97 36 29 26 84 42 15 94 19 82 24 81 44 4 89 88 67 59 77 57 63 40 5 31 3 48 71 81 5 52 70 75 1 88 13 75 14 94 76 12 57 64 12 27 45 38 11 76 70 28 45 14 80 78 76 70 78 17 93 84 61 41 2 41 59 38 71 24 54 11 59 12 51 5 80 47 
7 : 20 73 91 52 87 7 51 97 59 6 89 48 20 41 84 28 2 10 99 20 40 84 9 79 97 36 29 26 92 42 15 94 19 82 24 81 44 4 89 88 53 59 77 57 73 40 5 31 52 33 71 81 5 66 70 75 1 88 13 75 14 94 76 12 57 64 12 27 45 38 11 70 70 28 9 14 79 78 76 70 78 17 93 84 61 41 2 41 59 38 71 24 54 11 60 12 51 5 80 47 
5 : 20 73 91 87 87 7 51 26 59 6 89 48 95 62 84 28 48 10 99 20 27 84 9 15 68 36 9 26 5 42 15 94 78 82 81 80 8 4 84 88 53 59 77 57 75 40 5 31 52 33 71 6 5 10 70 75 1 88 13 75 14 94 76 12 57 64 12 27 45 38 11 70 94 60 9 14 79 78 76 4 78 17 93 84 61 41 2 73 59 38 71 24 54 11 60 12 51 5 80 47 
6 : 20 73 91 87 87 40 51 26 59 6 89 48 38 62 84 98 51 10 99 20 27 84 9 15 68 60 9 26 5 42 15 94 78 82 81 80 8 4 84 88 53 59 41 57 94 40 100 31 52 33 71 6 5 10 70 75 1 88 13 75 14 94 69 12 28 64 53 27 45 26 11 70 94 60 9 14 79 78 76 4 78 17 93 84 61 41 2 73 59 38 71 15 54 2 60 12 51 5 80 47 
7 : 29 73 74 87 87 40 14 94 59 6 89 48 38 62 84 1 51 10 99 20 27 84 100 15 68 60 9 26 77 42 69 83 40 36 81 80 8 79 84 88 53 59 52 57 94 40 100 31 52 33 71 6 5 10 70 75 1 88 13 75 44 4 69 12 28 33 5 27 45 26 11 40 94 60 19 14 79 78 76 4 78 17 15 84 72 41 2 73 59 94 55 79 54 55 60 12 87 5 80 57 
10 : 29 73 74 71 87 40 14 94 15 37 89 48 38 62 67 1 51 10 99 70 27 84 100 15 68 60 9 26 77 42 69 83 40 36 81 80 98 100 84 88 53 59 52 57 94 40 100 31 93 33 71 6 5 10 70 75 1 88 58 75 63 4 69 12 28 33 5 27 45 26 11 40 94 60 19 14 79 78 76 4 78 17 15 84 72 41 2 73 59 94 55 79 54 42 60 12 87 5 80 57 
10 : 29 73 74 71 87 40 14 94 15 37 89 48 38 62 67 1 51 10 99 70 27 84 100 15 68 60 9 26 77 42 69 83 40 36 81 80 98 100 84 88 53 59 52 57 94 40 100 31 93 33 71 6 5 10 70 75 1 88 58 75 63 4 69 23 28 33 5 27 45 26 11 86 94 60 19 14 79 78 76 4 78 17 15 84 72 41 2 69 59 94 55 79 54 42 60 12 87 5 80 57 
11 : 29 73 74 71 87 40 14 94 15 37 89 48 38 62 67 1 52 10 99 70 27 84 100 15 68 60 9 26 77 42 69 83 40 36 81 80 98 100 84 88 53 59 52 57 94 40 100 31 93 33 71 6 5 10 70 75 1 88 58 75 63 4 69 23 28 33 5 27 45 57 11 86 94 60 19 14 79 78 76 4 78 17 15 84 72 66 2 69 59 94 55 79 54 42 60 12 87 5 80 57 
8 : 29 73 74 71 87 40 14 94 15 37 89 48 38 62 58 1 52 10 99 70 36 95 100 15 68 60 67 26 21 42 69 83 40 36 81 80 34 100 84 88 53 59 33 40 94 40 22 31 93 33 71 6 3 97 70 75 1 88 53 75 63 4 69 23 28 33 5 27 75 57 11 12 69 60 100 14 79 78 76 4 78 17 15 84 72 66 2 13 59 73 55 7 20 42 40 12 87 5 80 57 
7 : 29 73 74 71 87 24 14 59 15 37 89 48 38 62 58 22 52 81 30 70 43 91 19 15 57 50 67 26 21 42 69 83 40 36 81 80 34 100 84 88 53 59 33 40 94 11 22 31 93 71 71 27 3 97 46 75 1 60 53 75 63 4 69 23 28 33 5 27 75 57 11 12 69 60 100 14 79 78 76 4 78 17 15 84 72 66 2 13 59 73 3 87 20 42 40 12 87 5 80 57 
5 : 29 50 74 71 26 24 14 59 15 37 89 48 38 48 58 22 52 81 32 70 43 91 86 54 57 50 67 26 44 42 69 83 24 36 81 80 34 6 84 88 53 59 33 40 94 11 22 21 93 71 95 27 3 97 46 75 1 32 53 75 63 4 50 23 28 33 5 27 42 57 11 12 69 60 77 73 79 78 76 4 82 17 15 84 72 66 2 13 59 6 3 78 20 42 40 12 87 5 80 57 
6 : 29 77 74 71 26 24 14 59 15 37 89 84 38 48 58 22 52 81 32 70 43 91 86 54 57 50 67 26 44 9 69 83 24 36 81 14 52 6 5 88 53 92 33 40 94 11 22 21 80 71 95 27 92 97 46 75 95 32 53 75 63 4 50 23 28 33 5 27 42 57 11 12 69 60 77 73 79 10 76 4 82 17 15 58 72 66 2 13 59 6 3 78 20 42 3 12 87 91 80 57 
5 : 49 77 74 71 26 24 14 59 15 37 89 84 38 48 58 22 52 81 95 70 43 91 86 54 19 50 67 26 49 9 69 83 16 36 81 14 52 6 5 56 53 92 33 40 94 40 22 21 80 71 95 27 92 97 46 75 95 32 53 44 52 4 50 23 28 33 5 27 30 2 11 12 69 60 77 73 79 52 76 4 82 17 15 58 72 66 2 13 59 11 3 78 20 42 3 39 35 91 73 57 
6 : 49 77 74 71 24 24 14 59 15 37 89 84 38 48 58 22 52 81 28 70 13 91 86 54 19 50 67 26 49 42 63 69 16 36 81 14 17 6 42 91 53 92 71 40 19 81 22 21 80 71 95 92 92 97 94 75 95 32 53 44 52 4 50 23 28 33 5 27 27 2 11 12 69 60 77 73 79 52 90 49 82 17 15 58 72 66 2 13 59 11 3 78 34 42 3 39 35 57 73 57 
6 : 86 77 74 71 24 86 14 59 15 37 89 84 38 48 41 92 52 81 49 70 13 91 86 54 19 50 67 26 49 42 63 69 16 36 81 34 17 6 42 91 53 92 71 40 19 81 5 21 80 71 95 92 2 97 94 75 95 32 53 52 52 4 50 23 28 33 5 43 27 2 11 12 3 60 77 73 79 52 90 42 82 17 15 58 72 66 2 2 59 11 3 78 34 42 3 39 35 57 73 57 
4 : 14 77 74 71 99 86 14 72 15 37 89 84 38 48 41 92 52 81 69 70 13 91 86 54 19 22 67 26 49 42 63 69 16 36 24 34 17 6 42 88 53 46 71 40 19 81 5 23 80 1 95 92 2 97 94 19 87 32 53 52 52 4 50 23 28 1 5 43 27 2 11 12 46 11 77 73 79 52 90 82 82 17 15 58 72 66 2 2 77 11 3 78 34 42 16 39 35 57 73 57 
4 : 19 90 74 71 99 86 14 72 15 37 89 84 38 48 41 92 52 81 69 70 13 91 16 54 19 22 67 70 49 42 63 69 6 36 3 34 17 6 42 88 53 46 71 40 19 81 5 23 80 1 95 92 2 92 94 19 87 32 53 52 52 4 50 23 28 1 5 43 27 2 11 12 67 11 77 73 79 52 56 82 47 17 15 58 72 66 2 51 77 11 3 78 92 42 16 39 35 57 73 57 
4 : 19 90 31 71 72 86 14 72 15 37 89 84 38 48 41 92 52 81 69 70 13 42 16 54 19 22 42 70 49 42 63 69 6 61 7 34 17 6 42 88 53 46 18 40 19 81 5 23 80 1 95 92 2 92 94 19 87 32 53 52 52 4 50 23 28 1 5 43 27 2 55 12 78 11 77 73 79 52 82 82 47 17 15 58 72 66 2 51 18 11 79 78 92 46 16 39 44 57 73 57 
4 : 19 3 21 71 72 70 14 72 15 37 89 84 38 96 41 2 52 81 42 70 13 91 16 90 19 22 71 70 11 42 63 69 65 61 7 34 58 6 42 88 53 46 18 40 19 81 5 23 80 1 95 92 2 54 94 19 87 32 53 52 52 4 50 30 28 1 5 43 91 2 55 12 78 11 77 73 79 52 82 82 47 17 15 57 72 66 2 51 18 11 96 78 92 46 16 39 44 57 73 57 
6 : 19 3 43 71 72 70 14 72 15 37 89 84 38 96 41 2 37 81 89 70 13 91 16 90 19 14 71 3 88 42 63 69 65 61 7 34 58 6 42 88 53 46 18 40 19 81 5 16 80 1 95 92 2 15 94 19 87 32 53 52 52 43 50 30 28 1 86 43 91 2 55 12 72 31 81 73 79 52 87 65 47 17 15 57 72 45 2 51 9 11 96 78 92 95 16 39 44 57 73 37 
5 : 19 3 43 82 72 70 14 13 15 37 56 84 38 96 41 2 37 81 14 70 13 91 16 90 19 14 71 64 88 42 5 69 65 61 7 34 58 6 42 88 53 46 18 40 19 81 5 16 80 1 95 92 2 15 94 19 87 32 53 52 52 43 62 30 28 1 86 43 91 2 55 12 72 44 81 73 79 52 87 65 47 17 15 57 100 45 33 51 9 11 96 78 92 95 62 39 65 57 15 37 
1 : 19 3 43 28 72 70 14 13 15 97 56 84 38 96 14 2 37 81 14 70 13 91 9 1 19 14 71 64 88 42 5 69 17 61 7 63 58 6 2 38 1 46 18 40 19 31 5 13 80 1 43 92 2 15 94 19 87 32 53 7 52 46 62 30 28 1 86 43 91 2 55 12 72 7 81 73 79 52 87 26 47 17 72 57 100 45 33 51 27 11 96 78 39 95 62 39 65 57 15 37 
1 : 19 3 43 70 11 70 14 13 15 97 46 84 38 96 14 2 37 81 14 70 6 91 9 1 19 14 7 64 88 42 5 69 17 61 35 49 58 6 2 38 1 46 18 40 19 31 5 13 80 1 43 92 2 15 94 19 87 32 53 7 52 46 62 30 28 1 86 43 91 2 55 5 72 60 81 73 79 52 87 26 47 17 72 57 100 45 33 51 27 11 96 78 39 95 62 39 65 57 15 37 
1 : 19 3 43 70 11 70 14 13 15 97 46 84 38 96 14 2 37 81 14 70 6 91 9 1 19 14 7 64 88 42 5 69 17 61 35 49 58 6 2 38 1 46 18 40 19 31 5 13 80 1 43 92 2 15 94 19 87 32 53 7 52 46 62 30 28 1 86 43 91 2 55 5 72 60 81 73 79 52 87 26 47 17 72 57 100 45 33 51 27 11 96 78 39 95 62 39 65 57 57 37 
2 : 19 3 43 70 11 70 14 13 40 97 46 84 38 96 14 2 37 81 14 70 4 91 9 1 15 14 7 64 74 78 24 69 17 61 35 49 58 6 2 38 12 46 29 40 19 31 5 13 80 1 43 26 2 8 94 19 87 32 74 7 52 46 62 55 89 1 86 8 91 2 55 5 72 33 92 93 62 52 87 39 47 17 72 57 40 45 33 51 27 11 4 52 39 92 51 39 65 57 57 37 
1 : 19 3 43 70 11 70 42 13 46 97 46 46 38 96 14 2 37 81 14 70 4 91 9 40 15 14 7 64 74 78 24 69 17 61 35 49 42 6 2 38 12 46 92 40 19 31 5 74 80 11 43 26 2 8 94 25 87 32 5 7 52 46 4 55 89 66 86 8 26 100 55 5 72 33 62 93 62 52 87 18 47 72 72 57 40 45 33 51 27 11 4 52 88 92 51 39 65 57 57 37 
2 : 19 3 12 70 11 70 3 32 46 97 46 46 69 96 54 2 37 81 14 70 4 91 28 40 15 14 7 64 79 78 24 69 17 61 35 21 42 6 2 38 29 46 92 40 19 31 69 74 80 11 43 31 2 8 26 25 87 32 5 7 52 48 28 55 89 88 86 8 26 68 55 5 72 33 62 93 62 52 87 18 47 48 72 57 40 45 33 51 27 82 4 52 93 92 51 39 90 57 57 37 
4 : 19 3 12 70 11 70 3 32 46 97 46 46 69 96 54 38 37 81 14 70 18 91 28 40 15 14 7 64 79 78 24 69 17 61 35 21 42 6 2 38 29 46 92 40 19 68 69 74 80 11 43 31 2 8 26 25 87 32 5 7 52 85 28 55 56 88 86 8 26 68 55 5 72 33 62 93 62 52 87 39 47 48 72 94 40 45 33 51 27 82 4 52 93 92 51 39 90 57 57 37 
