1411.06  29 00000000000000100000100000000
1411.06  29 00000000000000100010100000000
1411.06  29 00000000000000100000100000000
1411.06  29 00000000000000100000100000000
1411.06  29 00000000000000100010100000000
1411.06  29 00000000000000100000100000000
1411.06  29 00000000000000100010100000000
1411.06  29 00000000000000100010100000000
1411.06  29 00000000000000100000100000000
1411.06  29 00000000000000100000100000000
1411.06  29 00000000000000100010100000000
1411.06  29 00000000000000100000100000000
1411.06  29 00000000000000100010100000000
1411.06  29 00000000000000100010100000000
1411.06  29 00000000000000100010100000000
1411.06  29 00000000000000100010100000000
1411.06  29 00000000000000100000100000000
1411.06  29 00000000000000100000100000000
1411.06  29 00000000000000100000100000000
1411.06  29 00000000000000100000100000000
1411.06  29 00000000000000100010100000000
1411.06  29 00000000000000100010100000000
1411.06  29 00000000000000100010100000000
1411.06  29 00000000000000100000100000000
1411.06  29 00000000000000100000100000000
1411.06  29 00000000000000100000100000000
1411.06  29 00000000000000100000100000000
1411.06  29 00000000000000100000100000000
1411.06  29 00000000000000100010100000000
1411.06  29 00000000000000100000100000000
1411.06  29 00000000000000100000100000000
1411.06  29 00000000000000100010100000000
1411.06  29 00000000000000100000100000000
1411.06  29 00000000000000100000100000000
1411.06  29 00000000000000100010100000000
1411.06  29 00000000000000100010100000000
1411.06  29 00000000000000100000100000000
1411.06  29 00000000000000100000100000000
1411.06  29 00000000000000100010100000000
1411.06  29 00000000000000100010100000000
1411.06  29 00000000000000100000100000000
1411.06  29 00000000000000100000100000000
1411.06  29 00000000000000100010100000000
1411.06  29 00000000000000100000100000000
1411.06  29 00000000000000100000100000000
1411.06  29 00000000000000100010100000000
1411.06  29 00000000000000100000100000000
1411.06  29 00000000000000100010100000000
1411.06  29 00000000000000100010100000000
1411.06  29 00000000000000100000100000000
1411.06  29 00000000000000100010100000000
1411.06  29 00000000000000100010100000000
1411.06  29 00000000000000100010100000000
1411.06  29 00000000000000100010100000000
1411.06  29 00000000000000100000100000000
1411.06  29 00000000000000100010100000000
1411.06  29 00000000000000100000100000000
1411.06  29 00000000000000100010100000000
1411.06  29 00000000000000100000100000000
1411.06  29 00000000000000100010100000000
1411.06  29 00000000000000100000100000000
1411.06  29 00000000000000100010100000000
1411.06  29 00000000000000100000100000000
1411.06  29 00000000000000100000100000000
1411.06  29 00000000000000100010100000000
1411.06  29 00000000000000100000100000000
1411.06  29 00000000000000100010100000000
1411.06  29 00000000000000100010100000000
1411.06  29 00000000000000100010100000000
1411.06  29 00000000000000100000100000000
1411.06  29 00000000000000100000100000000
1411.06  29 00000000000000100010100000000
1411.06  29 00000000000000100000100000000
1411.06  29 00000000000000100010100000000
1411.06  29 00000000000000100000100000000
1411.06  29 00000000000000100010100000000
1411.06  29 00000000000000100000100000000
1411.06  29 00000000000000100010100000000
1411.06  29 00000000000000100010100000000
1411.06  29 00000000000000100010100000000
1411.06  29 00000000000000100000100000000
1411.06  29 00000000000000100010100000000
1411.06  29 00000000000000100000100000000
1411.06  29 00000000000000100010100000000
1411.06  29 00000000000000100000100000000
1411.06  29 00000000000000100000100000000
1411.06  29 00000000000000100000100000000
1411.06  29 00000000000000100010100000000
1411.06  29 00000000000000100010100000000
1411.06  29 00000000000000100010100000000
1411.06  29 00000000000000100000100000000
1411.06  29 00000000000000100000100000000
1411.06  29 00000000000000100010100000000
1411.06  29 00000000000000100000100000000
1411.06  29 00000000000000100010100000000
1411.06  29 00000000000000100000100000000
1411.06  29 00000000000000100000100000000
1411.06  29 00000000000000100010100000000
1411.06  29 00000000000000100000100000000
1411.06  29 00000000000000100000100000000
