0.693075 19 00010000000000100010100000000
0.693075 21 00010000000000100010100000000
0.693075 16 00010000000000100010100000000
0.693075 26 00010000000000100010100000000
0.693075 28 00010000000000100010100000000
0.693075 22 00010000000000100010100000000
0.693075 25 00010000000000100010100000000
0.693075 21 00010000000000100010100000000
0.693075 23 00010000000000100010100000000
0.693075 20 00010000000000100010100000000
0.693075 17 00010000000000100010100000000
0.693075 25 00010000000000100010100000000
0.693075 14 00010000000000100010100000000
0.693075 24 00010000000000100010100000000
0.693075 22 00010000000000100010100000000
0.693075 19 00010000000000100010100000000
0.693075 14 00010000000000100010100000000
0.693075 29 00010000000000100010100000000
0.693075 18 00010000000000100010100000000
0.693075 18 00010000000000100010100000000
0.693075 23 00010000000000100010100000000
0.693075 22 00010000000000100010100000000
0.693075 20 00010000000000100010100000000
0.693075 16 00010000000000100010100000000
0.693075 30 00010000000000100010100000000
0.693075 20 00010000000000100010100000000
0.693075 23 00010000000000100010100000000
0.693075 23 00010000000000100010100000000
0.693075 18 00010000000000100010100000000
0.693075 27 00010000000000100010100000000
0.693075 18 00010000000000100010100000000
0.693075 22 00010000000000100010100000000
0.693075 23 00010000000000100010100000000
0.693075 23 00010000000000100010100000000
0.693075 18 00010000000000100010100000000
0.693075 23 00010000000000100010100000000
0.693075 14 00010000000000100010100000000
0.693075 23 00010000000000100010100000000
0.693075 21 00010000000000100010100000000
0.693075 23 00010000000000100010100000000
0.693075 18 00010000000000100010100000000
0.693075 20 00010000000000100010100000000
0.693075 19 00010000000000100010100000000
0.693075 31 00010000000000100010100000000
0.693075 22 00010000000000100010100000000
0.693075 17 00010000000000100010100000000
0.693075 22 00010000000000100010100000000
0.693075 19 00010000000000100010100000000
0.693075 18 00010000000000100010100000000
0.693075 26 00010000000000100010100000000
0.693075 18 00010000000000100010100000000
0.693075 21 00010000000000100010100000000
0.693075 21 00010000000000100010100000000
0.693075 21 00010000000000100010100000000
0.693075 16 00010000000000100010100000000
0.693075 28 00010000000000100010100000000
0.693075 21 00010000000000100010100000000
0.693075 20 00010000000000100010100000000
0.693075 23 00010000000000100010100000000
0.693075 21 00010000000000100010100000000
0.693075 23 00010000000000100010100000000
0.693075 28 00010000000000100010100000000
0.693075 18 00010000000000100010100000000
0.693075 17 00010000000000100010100000000
0.693075 21 00010000000000100010100000000
0.693075 27 00010000000000100010100000000
0.693075 20 00010000000000100010100000000
0.693075 23 00010000000000100010100000000
0.693075 20 00010000000000100010100000000
0.693075 20 00010000000000100010100000000
0.693075 24 00010000000000100010100000000
0.693075 29 00010000000000100010100000000
0.693075 17 00010000000000100010100000000
0.693075 27 00010000000000100010100000000
0.693075 20 00010000000000100010100000000
0.693075 21 00010000000000100010100000000
0.693075 23 00010000000000100010100000000
0.693075 25 00010000000000100010100000000
0.693075 16 00010000000000100010100000000
0.693075 24 00010000000000100010100000000
0.693075 24 00010000000000100010100000000
0.693075 20 00010000000000100010100000000
0.693075 20 00010000000000100010100000000
0.693075 25 00010000000000100010100000000
0.693075 20 00010000000000100010100000000
0.693075 25 00010000000000100010100000000
0.693075 18 00010000000000100010100000000
0.693075 18 00010000000000100010100000000
0.693075 25 00010000000000100010100000000
0.693075 26 00010000000000100010100000000
0.6947 18 00001000000000000010100000000
0.693075 24 00010000000000100010100000000
0.693075 22 00010000000000100010100000000
0.693075 21 00010000000000100010100000000
0.693075 25 00010000000000100010100000000
0.693075 25 00010000000000100010100000000
0.693075 21 00010000000000100010100000000
0.693075 28 00010000000000100010100000000
0.693075 24 00010000000000100010100000000
0.693075 21 00010000000000100010100000000
