0.6992 21 00000000000000110010100000000
0.6992 24 00000000000000110010100000000
0.6992 18 00000000000000110010100000000
0.6992 21 00000000000000110010100000000
0.6992 19 00000000000000110010100000000
0.6992 20 00000000000000110010100000000
0.6992 19 00000000000000110010100000000
0.6992 23 00000000000000110010100000000
0.6992 23 00000000000000110010100000000
0.6992 17 00000000000000110010100000000
0.6992 24 00000000000000110010100000000
0.6992 22 00000000000000110010100000000
0.6992 23 00000000000000110010100000000
0.6992 26 00000000000000110010100000000
0.6992 23 00000000000000110010100000000
0.6992 19 00000000000000110010100000000
0.6992 20 00000000000000110010100000000
0.6992 21 00000000000000110010100000000
0.6992 27 00000000000000110010100000000
0.6992 24 00000000000000110010100000000
0.6992 24 00000000000000110010100000000
0.6992 20 00000000000000110010100000000
0.6992 16 00000000000000110010100000000
0.6992 21 00000000000000110010100000000
0.6992 25 00000000000000110010100000000
0.6992 24 00000000000000110010100000000
0.6992 20 00000000000000110010100000000
0.6992 22 00000000000000110010100000000
0.6992 22 00000000000000110010100000000
0.6992 26 00000000000000110010100000000
0.6992 21 00000000000000110010100000000
0.6992 24 00000000000000110010100000000
0.6992 16 00000000000000110010100000000
0.6992 22 00000000000000110010100000000
0.6992 24 00000000000000110010100000000
0.6992 24 00000000000000110010100000000
0.6992 17 00000000000000110010100000000
0.6992 25 00000000000000110010100000000
0.6992 18 00000000000000110010100000000
0.6992 13 00000000000000110010100000000
0.6992 20 00000000000000110010100000000
0.6992 20 00000000000000110010100000000
0.6992 18 00000000000000110010100000000
0.6992 21 00000000000000110010100000000
0.6992 24 00000000000000110010100000000
0.6992 23 00000000000000110010100000000
0.6992 23 00000000000000110010100000000
0.6992 19 00000000000000110010100000000
0.6992 16 00000000000000110010100000000
0.6992 28 00000000000000110010100000000
0.6992 24 00000000000000110010100000000
0.6992 22 00000000000000110010100000000
0.6992 22 00000000000000110010100000000
0.6992 19 00000000000000110010100000000
0.6992 21 00000000000000110010100000000
0.6992 27 00000000000000110010100000000
0.6992 22 00000000000000110010100000000
0.6992 27 00000000000000110010100000000
0.6992 22 00000000000000110010100000000
0.6992 22 00000000000000110010100000000
0.6992 18 00000000000000110010100000000
0.6992 22 00000000000000110010100000000
0.6992 21 00000000000000110010100000000
0.6992 20 00000000000000110010100000000
0.6992 22 00000000000000110010100000000
0.6992 18 00000000000000110010100000000
0.6992 18 00000000000000110010100000000
0.6992 29 00000000000000110010100000000
0.6992 22 00000000000000110010100000000
0.6992 25 00000000000000110010100000000
0.6992 24 00000000000000110010100000000
0.6992 20 00000000000000110010100000000
0.6992 15 00000000000000110010100000000
0.6992 21 00000000000000110010100000000
0.6992 26 00000000000000110010100000000
0.6992 22 00000000000000110010100000000
0.6992 22 00000000000000110010100000000
0.6992 16 00000000000000110010100000000
0.6992 16 00000000000000110010100000000
0.6992 24 00000000000000110010100000000
0.6992 22 00000000000000110010100000000
0.6992 22 00000000000000110010100000000
0.6992 22 00000000000000110010100000000
0.6992 22 00000000000000110010100000000
0.6992 21 00000000000000110010100000000
0.6992 18 00000000000000110010100000000
0.6992 23 00000000000000110010100000000
0.6992 24 00000000000000110010100000000
0.6992 24 00000000000000110010100000000
0.6992 23 00000000000000110010100000000
0.6992 19 00000000000000110010100000000
0.6992 21 00000000000000110010100000000
0.6992 21 00000000000000110010100000000
0.6992 21 00000000000000110010100000000
0.6992 24 00000000000000110010100000000
0.6992 20 00000000000000110010100000000
0.6992 19 00000000000000110010100000000
0.6992 21 00000000000000110010100000000
0.6992 23 00000000000000110010100000000
0.6992 26 00000000000000110010100000000
