0.693 17 00000000000000100010100000000
0.693 20 00000000000000100010100000000
0.693 16 00000000000000100010100000000
0.693 16 00000000000000100010100000000
0.693 16 00000000000000100010100000000
0.693 21 00000000000000100010100000000
0.693 17 00000000000000100010100000000
0.693 18 00000000000000100010100000000
0.693 16 00000000000000100000100000000
0.693 24 00000000000000100000100000000
0.693 21 00000000000000100000100000000
0.693 17 00000000000000100010100000000
0.693 19 00000000000000100010100000000
0.693 23 00000000000000100010100000000
0.693 16 00000000000000100010100000000
0.693 19 00000000000000100000100000000
0.693 20 00000000000000100000100000000
0.693 17 00000000000000100010100000000
0.693 18 00000000000000100000100000000
0.693 20 00000000000000100010100000000
0.693 21 00000000000000100000100000000
0.693 15 00000000000000100000100000000
0.693 16 00000000000000100010100000000
0.693 17 00000000000000100010100000000
0.693 16 00000000000000100000100000000
0.693 15 00000000000000100000100000000
0.693 15 00000000000000100010100000000
0.693 16 00000000000000100000100000000
0.693 17 00000000000000100000100000000
0.693 14 00000000000000100000100000000
0.693 24 00000000000000100010100000000
0.693 17 00000000000000100000100000000
0.693 14 00000000000000100000100000000
0.693 20 00000000000000100010100000000
0.693 15 00000000000000100010100000000
0.693 14 00000000000000100010100000000
0.693 21 00000000000000100010100000000
0.693 22 00000000000000100010100000000
0.693 16 00000000000000100000100000000
0.693 22 00000000000000100010100000000
0.693 22 00000000000000100010100000000
0.693 19 00000000000000100010100000000
0.693 21 00000000000000100010100000000
0.693 12 00000000000000100010100000000
0.693 18 00000000000000100010100000000
0.693 29 00000000000000100010100000000
0.693 16 00000000000000100010100000000
0.693 18 00000000000000100000100000000
0.693 18 00000000000000100010100000000
0.693 15 00000000000000100010100000000
0.693 17 00000000000000100000100000000
0.693 17 00000000000000100010100000000
0.693 17 00000000000000100010100000000
0.693 16 00000000000000100010100000000
0.693 19 00000000000000100000100000000
0.693 16 00000000000000100000100000000
0.693 16 00000000000000100010100000000
0.693 21 00000000000000100010100000000
0.693 15 00000000000000100010100000000
0.693 22 00000000000000100010100000000
0.693 19 00000000000000100010100000000
0.693 14 00000000000000100010100000000
0.693 16 00000000000000100010100000000
0.693 18 00000000000000100010100000000
0.693 21 00000000000000100010100000000
0.693 24 00000000000000100010100000000
0.693 18 00000000000000100000100000000
0.693 17 00000000000000100010100000000
0.693 20 00000000000000100010100000000
0.693 28 00000000000000100010100000000
0.693 16 00000000000000100010100000000
0.693 19 00000000000000100000100000000
0.693 18 00000000000000100010100000000
0.693 25 00000000000000100010100000000
0.693 15 00000000000000100000100000000
0.693 18 00000000000000100010100000000
0.693 16 00000000000000100010100000000
0.693 18 00000000000000100000100000000
0.693 22 00000000000000100000100000000
0.693 15 00000000000000100000100000000
0.693 16 00000000000000100010100000000
0.693 20 00000000000000100010100000000
0.693 15 00000000000000100010100000000
0.693 29 00000000000000100010100000000
0.693 19 00000000000000100010100000000
0.693 20 00000000000000100010100000000
0.693 17 00000000000000100010100000000
0.693 19 00000000000000100000100000000
0.693 13 00000000000000100000100000000
0.693 19 00000000000000100010100000000
0.693 21 00000000000000100000100000000
0.693 24 00000000000000100010100000000
0.693 17 00000000000000100010100000000
0.693 23 00000000000000100010100000000
0.693 17 00000000000000100010100000000
0.693 21 00000000000000100010100000000
0.693 18 00000000000000100010100000000
0.693 21 00000000000000100010100000000
0.693 16 00000000000000100010100000000
0.693 20 00000000000000100010100000000
