0.68435 19 00000000000000100000000100000
0.68435 18 00000000000000100010000100000
0.68435 20 00000000000000100010000100000
0.68435 23 00000000000000100010000100000
0.68435 20 00000000000000100010000100000
0.68435 14 00000000000000100010000100000
0.68435 14 00000000000000100010000100000
0.68435 19 00000000000000100010000100000
0.68435 17 00000000000000100000000100000
0.68435 20 00000000000000100010000100000
0.68435 22 00000000000000100010000100000
0.68435 14 00000000000000100000000100000
0.68435 17 00000000000000100000000100000
0.68435 17 00000000000000100010000100000
0.68435 15 00000000000000100010000100000
0.68435 18 00000000000000100000000100000
0.68435 16 00000000000000100010000100000
0.68435 18 00000000000000100010000100000
0.68435 20 00000000000000100010000100000
0.68435 17 00000000000000100010000100000
0.68435 21 00000000000000100010000100000
0.68435 13 00000000000000100010000100000
0.68435 15 00000000000000100010000100000
0.68435 15 00000000000000100010000100000
0.68435 14 00000000000000100000000100000
0.68435 16 00000000000000100000000100000
0.68435 15 00000000000000100000000100000
0.68435 15 00000000000000100010000100000
0.68435 23 00000000000000100010000100000
0.68435 16 00000000000000100010000100000
0.68435 20 00000000000000100010000100000
0.68435 16 00000000000000100000000100000
0.68435 15 00000000000000100000000100000
0.68435 13 00000000000000100000000100000
0.68435 19 00000000000000100010000100000
0.68435 13 00000000000000100000000100000
0.68435 18 00000000000000100010000100000
0.68435 15 00000000000000100010000100000
0.68435 22 00000000000000100010000100000
0.68435 16 00000000000000100010000100000
0.68435 21 00000000000000100000000100000
0.68435 15 00000000000000100010000100000
0.68435 17 00000000000000100000000100000
0.68435 14 00000000000000100010000100000
0.68435 18 00000000000000100010000100000
0.68435 16 00000000000000100010000100000
0.68435 16 00000000000000100000000100000
0.68435 13 00000000000000100010000100000
0.68435 17 00000000000000100010000100000
0.68435 18 00000000000000100010000100000
0.68435 20 00000000000000100010000100000
0.68435 15 00000000000000100010000100000
0.68435 23 00000000000000100000000100000
0.68435 16 00000000000000100010000100000
0.68435 16 00000000000000100010000100000
0.68435 20 00000000000000100010000100000
0.68435 20 00000000000000100000000100000
0.68435 17 00000000000000100010000100000
0.68435 13 00000000000000100010000100000
0.68435 16 00000000000000100010000100000
0.68435 21 00000000000000100010000100000
0.68435 21 00000000000000100010000100000
0.68435 29 00000000000000100010000100000
0.68435 14 00000000000000100010000100000
0.68435 20 00000000000000100010000100000
0.68435 15 00000000000000100000000100000
0.68435 15 00000000000000100000000100000
0.68435 17 00000000000000100000000100000
0.68435 16 00000000000000100010000100000
0.68435 23 00000000000000100000000100000
0.68435 17 00000000000000100000000100000
0.68435 17 00000000000000100010000100000
0.68435 23 00000000000000100010000100000
0.68435 20 00000000000000100010000100000
0.68435 24 00000000000000100010000100000
0.68435 13 00000000000000100000000100000
0.68435 18 00000000000000100000000100000
0.68435 11 00000000000000100010000100000
0.68435 15 00000000000000100000000100000
0.68435 14 00000000000000100000000100000
0.68435 13 00000000000000100010000100000
0.68435 16 00000000000000100010000100000
0.68435 17 00000000000000100000000100000
0.68435 18 00000000000000100010000100000
0.68435 17 00000000000000100010000100000
0.68435 16 00000000000000100010000100000
0.68435 18 00000000000000100010000100000
0.68435 17 00000000000000100010000100000
0.68435 16 00000000000000100010000100000
0.68435 15 00000000000000100010000100000
0.68435 17 00000000000000100010000100000
0.68435 17 00000000000000100010000100000
0.68435 17 00000000000000100000000100000
0.68435 20 00000000000000100010000100000
0.68435 18 00000000000000100000000100000
0.68435 21 00000000000000100010000100000
0.68435 13 00000000000000100000000100000
0.68435 19 00000000000000100010000100000
0.68435 17 00000000000000100010000100000
0.68435 18 00000000000000100010000100000
