140.056  29 00000000000000100000100000000
140.056  29 00000000000000100010100000000
140.056  29 00000000000000100010100000000
140.056  29 00000000000000100000100000000
140.056  29 00000000000000100010100000000
140.056  29 00000000000000100010100000000
140.056  29 00000000000000100010100000000
140.056  29 00000000000000100010100000000
140.056  29 00000000000000100010100000000
140.056  29 00000000000000100010100000000
140.056  29 00000000000000100000100000000
140.056  29 00000000000000100010100000000
140.056  29 00000000000000100000100000000
140.056  29 00000000000000100010100000000
140.056  29 00000000000000100000100000000
140.056  29 00000000000000100010100000000
140.056  29 00000000000000100010100000000
140.056  29 00000000000000100000100000000
140.056  29 00000000000000100010100000000
140.056  29 00000000000000100010100000000
140.056  29 00000000000000100010100000000
140.056  29 00000000000000100000100000000
140.056  29 00000000000000100000100000000
140.056  29 00000000000000100010100000000
140.056  29 00000000000000100000100000000
140.056  29 00000000000000100000100000000
140.056  29 00000000000000100010100000000
140.056  29 00000000000000100000100000000
140.056  29 00000000000000100000100000000
140.056  29 00000000000000100000100000000
140.056  29 00000000000000100010100000000
140.056  29 00000000000000100000100000000
140.056  29 00000000000000100010100000000
140.056  29 00000000000000100000100000000
140.056  29 00000000000000100000100000000
140.056  29 00000000000000100010100000000
140.056  29 00000000000000100010100000000
140.056  29 00000000000000100010100000000
140.056  29 00000000000000100000100000000
140.056  29 00000000000000100010100000000
140.056  29 00000000000000100000100000000
140.056  29 00000000000000100000100000000
140.056  29 00000000000000100000100000000
140.056  29 00000000000000100010100000000
140.056  29 00000000000000100000100000000
140.056  29 00000000000000100000100000000
140.056  29 00000000000000100010100000000
140.056  29 00000000000000100010100000000
140.056  29 00000000000000100000100000000
140.056  29 00000000000000100000100000000
140.056  29 00000000000000100000100000000
140.056  29 00000000000000100010100000000
140.056  29 00000000000000100010100000000
140.056  29 00000000000000100010100000000
140.056  29 00000000000000100010100000000
140.056  29 00000000000000100000100000000
140.056  29 00000000000000100010100000000
140.056  29 00000000000000100010100000000
140.056  29 00000000000000100000100000000
140.056  29 00000000000000100010100000000
140.056  29 00000000000000100010100000000
140.056  29 00000000000000100010100000000
140.056  29 00000000000000100010100000000
140.056  29 00000000000000100010100000000
140.056  29 00000000000000100010100000000
140.056  29 00000000000000100000100000000
140.056  29 00000000000000100010100000000
140.056  29 00000000000000100010100000000
140.056  29 00000000000000100010100000000
140.056  29 00000000000000100000100000000
140.056  29 00000000000000100000100000000
140.056  29 00000000000000100010100000000
140.056  29 00000000000000100010100000000
140.056  29 00000000000000100000100000000
140.056  29 00000000000000100010100000000
140.056  29 00000000000000100010100000000
140.056  29 00000000000000100010100000000
140.056  29 00000000000000100010100000000
140.056  29 00000000000000100000100000000
140.056  29 00000000000000100000100000000
140.056  29 00000000000000100000100000000
140.056  29 00000000000000100010100000000
140.056  29 00000000000000100010100000000
140.056  29 00000000000000100010100000000
140.056  29 00000000000000100000100000000
140.056  29 00000000000000100010100000000
140.056  29 00000000000000100010100000000
140.056  29 00000000000000100000100000000
140.056  29 00000000000000100000100000000
140.056  29 00000000000000100010100000000
140.056  29 00000000000000100000100000000
140.056  29 00000000000000100010100000000
140.056  29 00000000000000100000100000000
140.056  29 00000000000000100000100000000
140.056  29 00000000000000100010100000000
140.056  29 00000000000000100010100000000
140.056  29 00000000000000100010100000000
140.056  29 00000000000000100000100000000
140.056  29 00000000000000100000100000000
140.056  29 00000000000000100010100000000
