0.6975 21 00000000000000100010100000000
0.6975 18 00000000000000100010100000000
0.6975 17 00000000000000100010100000000
0.6975 18 00000000000000100010100000000
0.6975 13 00000000000000100010100000000
0.6975 22 00000000000000100010100000000
0.6975 15 00000000000000100010100000000
0.6975 24 00000000000000100010100000000
0.6975 16 00000000000000100000100000000
0.6975 15 00000000000000100010100000000
0.6975 15 00000000000000100010100000000
0.6975 17 00000000000000100000100000000
0.6975 25 00000000000000100010100000000
0.6975 20 00000000000000100010100000000
0.6975 17 00000000000000100010100000000
0.6975 15 00000000000000100010100000000
0.6975 13 00000000000000100010100000000
0.6975 17 00000000000000100010100000000
0.6975 18 00000000000000100000100000000
0.6975 13 00000000000000100000100000000
0.6975 13 00000000000000100010100000000
0.6975 13 00000000000000100010100000000
0.6975 20 00000000000000100010100000000
0.6975 16 00000000000000100000100000000
0.6975 19 00000000000000100010100000000
0.6975 14 00000000000000100000100000000
0.6975 14 00000000000000100010100000000
0.6975 21 00000000000000100010100000000
0.6975 16 00000000000000100010100000000
0.6975 24 00000000000000100010100000000
0.6975 18 00000000000000100010100000000
0.6975 16 00000000000000100010100000000
0.6975 19 00000000000000100010100000000
0.6975 17 00000000000000100010100000000
0.6975 17 00000000000000100010100000000
0.6975 22 00000000000000100010100000000
0.6975 16 00000000000000100000100000000
0.6975 14 00000000000000100000100000000
0.6975 17 00000000000000100010100000000
0.6975 12 00000000000000100000100000000
0.6975 23 00000000000000100010100000000
0.6975 13 00000000000000100000100000000
0.6975 13 00000000000000100010100000000
0.6975 16 00000000000000100010100000000
0.6975 17 00000000000000100010100000000
0.6975 20 00000000000000100010100000000
0.6975 18 00000000000000100000100000000
0.6975 18 00000000000000100010100000000
0.6975 13 00000000000000100000100000000
0.6975 18 00000000000000100010100000000
0.6975 19 00000000000000100010100000000
0.6975 18 00000000000000100010100000000
0.6975 22 00000000000000100010100000000
0.6975 18 00000000000000100010100000000
0.6975 17 00000000000000100010100000000
0.6975 16 00000000000000100000100000000
0.6975 16 00000000000000100010100000000
0.6975 13 00000000000000100000100000000
0.6975 15 00000000000000100000100000000
0.6975 21 00000000000000100010100000000
0.6975 16 00000000000000100010100000000
0.6975 24 00000000000000100010100000000
0.6975 26 00000000000000100010100000000
0.6975 16 00000000000000100000100000000
0.6975 21 00000000000000100010100000000
0.6975 16 00000000000000100000100000000
0.6975 17 00000000000000100010100000000
0.6975 17 00000000000000100010100000000
0.6975 21 00000000000000100010100000000
0.6975 13 00000000000000100010100000000
0.6975 17 00000000000000100010100000000
0.6975 21 00000000000000100000100000000
0.6975 14 00000000000000100010100000000
0.6975 23 00000000000000100010100000000
0.6975 18 00000000000000100000100000000
0.6975 14 00000000000000100000100000000
0.6975 17 00000000000000100010100000000
0.6975 20 00000000000000100010100000000
0.6975 13 00000000000000100010100000000
0.6975 22 00000000000000100010100000000
0.6975 21 00000000000000100010100000000
0.6975 15 00000000000000100010100000000
0.6975 22 00000000000000100010100000000
0.6975 24 00000000000000100010100000000
0.6975 12 00000000000000100010100000000
0.6975 21 00000000000000100000100000000
0.6975 19 00000000000000100010100000000
0.6975 18 00000000000000100010100000000
0.6975 19 00000000000000100010100000000
0.6975 23 00000000000000100010100000000
0.6975 19 00000000000000100010100000000
0.6975 22 00000000000000100010100000000
0.6975 17 00000000000000100000100000000
0.6975 18 00000000000000100010100000000
0.6975 19 00000000000000100010100000000
0.6975 17 00000000000000100010100000000
0.6975 17 00000000000000100000100000000
0.6975 15 00000000000000100010100000000
0.6975 19 00000000000000100000100000000
0.6975 19 00000000000000100010100000000
