24.0556  29 00001000000000000000100000000
11.0556  29 01000000000000000010100000000
13.0556  29 01000000000000000010100000000
17.0556  29 01000000000000000000100000000
21.0556  29 00001000000000000000100000000
10.0556  29 01000000000000000010100000000
19.0556  29 01000000000000000010100000000
20.0556  29 01000000000000000010100000000
13.0556  29 01000000000000000010100000000
26.0556  29 01000000000000000010100000000
17.0556  29 00001000000000000010100000000
15.0556  29 00001000000000000010100000000
13.0556  29 01000000000000000010100000000
21.0556  29 01000000000000000010100000000
23.0556  29 00001000000000000010100000000
13.0556  29 01000000000000000010100000000
13.0556  29 00001000000000000000100000000
9.05556  29 00001000000000000000100000000
29.0556  29 01000000000000000010100000000
16.0556  29 01000000000000000000100000000
10.0556  29 01000000000000000010100000000
15.0556  29 00001000000000000010100000000
8.05556  29 00001000000000000000100000000
20.0556  29 00001000000000000010100000000
16.0556  29 01000000000000000000100000000
10.0556  29 00001000000000000010100000000
13.0556  29 00001000000000000010100000000
19.0556  29 01000000000000000010100000000
21.0556  29 01000000000000000010100000000
12.0556  29 00001000000000000010100000000
18.0556  29 01000000000000000010100000000
5.05556  29 01000000000000000000100000000
18.0556  29 01000000000000000010100000000
14.0556  29 00001000000000000010100000000
13.0556  29 01000000000000000010100000000
14.0556  29 00001000000000000010100000000
14.0556  29 01000000000000000010100000000
15.0556  29 01000000000000000010100000000
16.0556  29 00001000000000000010100000000
15.0556  29 01000000000000000010100000000
18.0556  29 01000000000000000010100000000
10.0556  29 01000000000000000010100000000
19.0556  29 01000000000000000010100000000
20.0556  29 00001000000000000010100000000
19.0556  29 01000000000000000010100000000
11.0556  29 00001000000000000010100000000
24.0556  29 00001000000000000010100000000
18.0556  29 00001000000000000010100000000
11.0556  29 00001000000000000010100000000
10.0556  29 00001000000000000000100000000
15.0556  29 00001000000000000000100000000
14.0556  29 00001000000000000000100000000
24.0556  29 01000000000000000010100000000
20.0556  29 00001000000000000010100000000
14.0556  29 00001000000000000000100000000
10.0556  29 01000000000000000000100000000
21.0556  29 00001000000000000010100000000
19.0556  29 01000000000000000010100000000
12.0556  29 01000000000000000010100000000
22.0556  29 01000000000000000010100000000
16.0556  29 00001000000000000000100000000
13.0556  29 00001000000000000000100000000
15.0556  29 00001000000000000000100000000
17.0556  29 01000000000000000010100000000
19.0556  29 00001000000000000010100000000
17.0556  29 00001000000000000000100000000
15.0556  29 00001000000000000010100000000
11.0556  29 00001000000000000010100000000
11.0556  29 01000000000000000010100000000
9.05556  29 00001000000000000000100000000
12.0556  29 00001000000000000000100000000
16.0556  29 01000000000000000010100000000
15.0556  29 01000000000000000010100000000
27.0556  29 01000000000000000000100000000
14.0556  29 00001000000000000000100000000
17.0556  29 01000000000000000010100000000
14.0556  29 01000000000000000000100000000
13.0556  29 01000000000000000000100000000
20.0556  29 01000000000000000010100000000
25.0556  29 01000000000000000010100000000
13.0556  29 01000000000000000010100000000
10.0556  29 01000000000000000000100000000
23.0556  29 01000000000000000010100000000
23.0556  29 00001000000000000000100000000
20.0556  29 00001000000000000000100000000
14.0556  29 01000000000000000010100000000
13.0556  29 00001000000000000010100000000
19.0556  29 00001000000000000000100000000
15.0556  29 00001000000000000010100000000
9.05556  29 01000000000000000010100000000
18.0556  29 01000000000000000010100000000
18.0556  29 00001000000000000010100000000
9.05556  29 00001000000000000000100000000
17.0556  29 00001000000000000010100000000
18.0556  29 01000000000000000000100000000
6.05556  29 01000000000000000010100000000
10.0556  29 01000000000000000000100000000
9.05556  29 01000000000000000010100000000
9.05556  29 01000000000000000000100000000
18.0556  29 01000000000000000000100000000
