0.0055 18 01000000000000000010100000000
0.0055 15 01000000000000000010100000000
0.0055 13 01000000000000000010100000000
0.0055 13 01000000000000000010100000000
0.0055 21 00001000000000000010100000000
0.0055 17 00001000000000000010100000000
0.0055 20 01000000000000000010100000000
0.0055 15 00001000000000000010100000000
0.0055 13 01000000000000000000100000000
0.0055 12 01000000000000000010100000000
0.0055 15 01000000000000000010100000000
0.0055 12 00001000000000000000100000000
0.0055 11 00001000000000000010100000000
0.0055 19 01000000000000000010100000000
0.0055 17 00001000000000000000100000000
0.0055 16 01000000000000000000100000000
0.0055 15 00001000000000000000100000000
0.0055 14 00001000000000000010100000000
0.0055 13 01000000000000000010100000000
0.0055 18 00001000000000000010100000000
0.0055 17 01000000000000000010100000000
0.0055 12 01000000000000000010100000000
0.0055 14 00001000000000000010100000000
0.0055 22 01000000000000000010100000000
0.0055 18 00001000000000000010100000000
0.0055 13 00001000000000000010100000000
0.0055 15 00001000000000000000100000000
0.0055 21 01000000000000000010100000000
0.0055 15 01000000000000000000100000000
0.0055 9 00001000000000000000100000000
0.0055 10 00001000000000000010100000000
0.0055 9 00001000000000000010100000000
0.0055 16 01000000000000000010100000000
0.0055 16 00001000000000000000100000000
0.0055 18 01000000000000000010100000000
0.0055 14 01000000000000000000100000000
0.0055 17 01000000000000000010100000000
0.0055 13 01000000000000000010100000000
0.0055 13 00001000000000000000100000000
0.0055 20 00001000000000000010100000000
0.0055 17 00001000000000000000100000000
0.0055 16 01000000000000000010100000000
0.0055 16 00001000000000000010100000000
0.0055 15 00001000000000000000100000000
0.0055 13 01000000000000000010100000000
0.0055 11 00001000000000000010100000000
0.0055 14 00001000000000000010100000000
0.0055 17 01000000000000000010100000000
0.0055 17 01000000000000000010100000000
0.0055 12 01000000000000000000100000000
0.0055 20 01000000000000000010100000000
0.0055 12 00001000000000000000100000000
0.0055 10 00001000000000000010100000000
0.0055 17 01000000000000000010100000000
0.0055 11 01000000000000000010100000000
0.0055 15 01000000000000000010100000000
0.0055 17 00001000000000000010100000000
0.0055 13 01000000000000000010100000000
0.0055 17 00001000000000000010100000000
0.0055 10 01000000000000000010100000000
0.0055 19 00001000000000000000100000000
0.0055 16 01000000000000000010100000000
0.0055 15 00001000000000000000100000000
0.0055 13 00001000000000000000100000000
0.0055 14 01000000000000000000100000000
0.0055 14 01000000000000000010100000000
0.0055 20 01000000000000000010100000000
0.0055 17 01000000000000000010100000000
0.0055 17 00001000000000000010100000000
0.0055 18 01000000000000000000100000000
0.0055 17 00001000000000000010100000000
0.0055 19 00001000000000000010100000000
0.0055 14 01000000000000000010100000000
0.0055 8 00001000000000000010100000000
0.0055 10 00001000000000000000100000000
0.0055 17 01000000000000000000100000000
0.0055 19 01000000000000000010100000000
0.0055 18 01000000000000000010100000000
0.0055 16 00001000000000000000100000000
0.0055 12 00001000000000000010100000000
0.0055 25 00001000000000000010100000000
0.0055 17 01000000000000000010100000000
0.0055 17 01000000000000000010100000000
0.0055 16 00001000000000000010100000000
0.0055 21 00001000000000000010100000000
0.0055 17 01000000000000000010100000000
0.0055 26 01000000000000000010100000000
0.0055 20 00001000000000000010100000000
0.0055 18 00001000000000000010100000000
0.0055 21 01000000000000000010100000000
0.0055 15 01000000000000000000100000000
0.0055 16 01000000000000000010100000000
0.0055 20 00001000000000000000100000000
0.0055 16 00001000000000000010100000000
0.0055 15 01000000000000000010100000000
0.0055 16 00001000000000000010100000000
0.0055 19 01000000000000000010100000000
0.0055 9 00001000000000000000100000000
0.0055 14 01000000000000000010100000000
0.0055 12 00001000000000000000100000000
