49.0556  29 01000000000000000010100000000
37.0556  29 01000000000000000000100000000
37.0556  29 01000000000000000000100000000
44.0556  29 01000000000000000000100000000
45.0556  29 01000000000000000010100000000
40.0556  29 01000000000000000000100000000
31.0556  29 00001000000000000010100000000
40.0556  29 01000000000000000010100000000
50.0556  29 00001000000000000000100000000
46.0556  29 01000000000000000000100000000
46.0556  29 01000000000000000010100000000
49.0556  29 01000000000000000010100000000
41.0556  29 01000000000000000010100000000
44.0556  29 00001000000000000010100000000
44.0556  29 01000000000000000000100000000
50.0556  29 00001000000000000010100000000
36.0556  29 01000000000000000000100000000
44.0556  29 00001000000000000010100000000
39.0556  29 01000000000000000010100000000
52.0556  29 00001000000000000000100000000
60.0556  29 00001000000000000010100000000
40.0556  29 01000000000000000010100000000
45.0556  29 01000000000000000010100000000
36.0556  29 00001000000000000010100000000
42.0556  29 00001000000000000010100000000
53.0556  29 01000000000000000010100000000
40.0556  29 00001000000000000010100000000
31.0556  29 01000000000000000000100000000
39.0556  29 01000000000000000010100000000
27.0556  29 00001000000000000010100000000
43.0556  29 00001000000000000010100000000
41.0556  29 01000000000000000000100000000
55.0556  29 01000000000000000010100000000
45.0556  29 01000000000000000010100000000
51.0556  29 01000000000000000010100000000
55.0556  29 00001000000000000010100000000
48.0556  29 00001000000000000010100000000
41.0556  29 01000000000000000010100000000
44.0556  29 01000000000000000000100000000
31.0556  29 01000000000000000000100000000
34.0556  29 00001000000000000010100000000
44.0556  29 00001000000000000010100000000
43.0556  29 01000000000000000010100000000
48.0556  29 00001000000000000010100000000
56.0556  29 00001000000000000010100000000
47.0556  29 01000000000000000000100000000
42.0556  29 01000000000000000010100000000
44.0556  29 00001000000000000000100000000
37.0556  29 00001000000000000010100000000
62.0556  29 00001000000000000000100000000
54.0556  29 01000000000000000010100000000
42.0556  29 01000000000000000010100000000
40.0556  29 00001000000000000010100000000
29.0556  29 01000000000000000010100000000
38.0556  29 00001000000000000000100000000
43.0556  29 00001000000000000010100000000
29.0556  29 00001000000000000010100000000
40.0556  29 00001000000000000010100000000
41.0556  29 01000000000000000010100000000
32.0556  29 00001000000000000010100000000
31.0556  29 00001000000000000000100000000
42.0556  29 01000000000000000000100000000
48.0556  29 01000000000000000000100000000
44.0556  29 01000000000000000010100000000
51.0556  29 01000000000000000000100000000
48.0556  29 00001000000000000000100000000
41.0556  29 00001000000000000010100000000
46.0556  29 01000000000000000010100000000
31.0556  29 01000000000000000000100000000
43.0556  29 00001000000000000010100000000
43.0556  29 01000000000000000010100000000
43.0556  29 00001000000000000000100000000
36.0556  29 01000000000000000000100000000
42.0556  29 01000000000000000000100000000
50.0556  29 01000000000000000010100000000
44.0556  29 00001000000000000010100000000
51.0556  29 00001000000000000000100000000
44.0556  29 01000000000000000010100000000
51.0556  29 01000000000000000010100000000
39.0556  29 01000000000000000010100000000
54.0556  29 01000000000000000000100000000
52.0556  29 00001000000000000010100000000
45.0556  29 00001000000000000010100000000
62.0556  29 01000000000000000000100000000
44.0556  29 00001000000000000000100000000
46.0556  29 01000000000000000010100000000
45.0556  29 01000000000000000010100000000
42.0556  29 00001000000000000010100000000
52.1667  29 01001000000000100001000001000
48.0556  29 01000000000000000010100000000
36.0556  29 01000000000000000010100000000
51.0556  29 00001000000000000000100000000
56.0556  29 01000000000000000010100000000
37.0556  29 01000000000000000010100000000
55.0556  29 00001000000000000010100000000
46.0556  29 00001000000000000010100000000
62.0556  29 00001000000000000000100000000
42.0556  29 01000000000000000010100000000
38.0556  29 00001000000000000010100000000
45.0556  29 00001000000000000010100000000
