0.011 9 00001000000000000010100000000
0.011 14 00001000000000000010100000000
0.011 12 00001000000000000010100000000
0.011 17 01000000000000000000100000000
0.011 11 01000000000000000000100000000
0.011 15 00001000000000000010100000000
0.011 15 00001000000000000000100000000
0.011 22 01000000000000000010100000000
0.011 17 00001000000000000010100000000
0.011 17 01000000000000000010100000000
0.011 12 01000000000000000010100000000
0.011 11 01000000000000000000100000000
0.011 19 01000000000000000010100000000
0.011 19 00001000000000000010100000000
0.011 13 01000000000000000000100000000
0.011 22 00001000000000000010100000000
0.011 14 01000000000000000010100000000
0.011 12 01000000000000000010100000000
0.011 13 00001000000000000000100000000
0.011 13 00001000000000000000100000000
0.011 13 01000000000000000010100000000
0.011 19 01000000000000000010100000000
0.011 15 01000000000000000010100000000
0.011 17 00001000000000000010100000000
0.011 14 00001000000000000010100000000
0.011 15 01000000000000000010100000000
0.011 10 01000000000000000010100000000
0.011 9 01000000000000000010100000000
0.011 21 01000000000000000010100000000
0.011 12 01000000000000000010100000000
0.011 12 01000000000000000010100000000
0.011 14 00001000000000000000100000000
0.011 13 00001000000000000010100000000
0.011 18 01000000000000000010100000000
0.011 16 01000000000000000010100000000
0.011 20 01000000000000000010100000000
0.011 19 00001000000000000010100000000
0.011 13 01000000000000000010100000000
0.011 13 00001000000000000010100000000
0.011 17 00001000000000000010100000000
0.011 12 01000000000000000010100000000
0.011 23 01000000000000000010100000000
0.011 19 01000000000000000010100000000
0.011 8 00001000000000000010100000000
0.011 9 00001000000000000010100000000
0.011 19 01000000000000000010100000000
0.011 15 01000000000000000010100000000
0.011 20 01000000000000000010100000000
0.011 19 01000000000000000010100000000
0.011 14 00001000000000000010100000000
0.011 15 01000000000000000000100000000
0.011 17 01000000000000000010100000000
0.011 18 01000000000000000000100000000
0.011 11 00001000000000000000100000000
0.011 11 01000000000000000010100000000
0.011 13 00001000000000000010100000000
0.011 12 01000000000000000010100000000
0.011 15 00001000000000000010100000000
0.011 22 00001000000000000010100000000
0.011 15 01000000000000000010100000000
0.011 14 00001000000000000000100000000
0.011 15 01000000000000000010100000000
0.011 15 01000000000000000010100000000
0.011 6 00001000000000000000100000000
0.011 15 01000000000000000010100000000
0.011 13 00001000000000000000100000000
0.011 22 00001000000000000000100000000
0.011 17 01000000000000000010100000000
0.011 13 00001000000000000000100000000
0.011 9 01000000000000000010100000000
0.011 18 01000000000000000010100000000
0.011 13 01000000000000000010100000000
0.011 17 00001000000000000010100000000
0.011 16 01000000000000000010100000000
0.011 15 00001000000000000010100000000
0.011 19 01000000000000000010100000000
0.011 15 00001000000000000010100000000
0.011 11 01000000000000000000100000000
0.011 14 01000000000000000000100000000
0.011 19 00001000000000000010100000000
0.011 13 01000000000000000010100000000
0.011 16 01000000000000000010100000000
0.011 14 00001000000000000010100000000
0.011 16 00001000000000000010100000000
0.011 13 00001000000000000010100000000
0.011 18 00001000000000000000100000000
0.011 13 01000000000000000010100000000
0.011 17 01000000000000000010100000000
0.011 17 00001000000000000010100000000
0.011 13 01000000000000000000100000000
0.011 18 00001000000000000010100000000
0.011 13 01000000000000000000100000000
0.011 12 01000000000000000010100000000
0.011 15 00001000000000000010100000000
0.011 10 01000000000000000010100000000
0.011 19 00001000000000000010100000000
0.011 21 00001000000000000010100000000
0.011 15 00001000000000000000100000000
0.011 13 01000000000000000010100000000
0.011 15 00001000000000000000100000000
