41.0556  29 01000000000000000010100000000
41.0556  29 01000000000000000000100000000
41.0556  29 00001000000000000000100000000
41.0556  29 00001000000000000010100000000
41.0556  29 01000000000000000010100000000
41.0556  29 00001000000000000010100000000
41.0556  29 01000000000000000010100000000
41.0556  29 00001000000000000010100000000
41.0556  29 01000000000000000000100000000
41.0556  29 00001000000000000010100000000
41.0556  29 01000000000000000000100000000
41.0556  29 00001000000000000000100000000
41.0556  29 00001000000000000000100000000
41.0556  29 01000000000000000010100000000
41.0556  29 01000000000000000000100000000
41.0556  29 00001000000000000000100000000
41.0556  29 01000000000000000000100000000
41.0556  29 00001000000000000000100000000
41.0556  29 00001000000000000010100000000
41.0556  29 00001000000000000000100000000
41.0556  29 00001000000000000010100000000
41.0556  29 00001000000000000000100000000
41.0556  29 01000000000000000010100000000
41.0556  29 00001000000000000000100000000
41.0556  29 01000000000000000010100000000
41.0556  29 01000000000000000000100000000
41.0556  29 00001000000000000010100000000
41.0556  29 00001000000000000000100000000
41.0556  29 00001000000000000000100000000
41.0556  29 01000000000000000010100000000
41.0556  29 01000000000000000010100000000
41.0556  29 01000000000000000010100000000
41.0556  29 00001000000000000010100000000
41.0556  29 00001000000000000010100000000
41.0556  29 01000000000000000000100000000
41.0556  29 00001000000000000000100000000
41.0556  29 01000000000000000010100000000
41.0556  29 00001000000000000010100000000
41.0556  29 01000000000000000010100000000
41.0556  29 01000000000000000010100000000
41.0556  29 01000000000000000010100000000
41.0556  29 01000000000000000010100000000
41.0556  29 01000000000000000010100000000
41.0556  29 00001000000000000010100000000
41.0556  29 00001000000000000000100000000
41.0556  29 00001000000000000000100000000
41.0556  29 00001000000000000010100000000
41.0556  29 00001000000000000000100000000
41.0556  29 00001000000000000000100000000
41.0556  29 00001000000000000000100000000
41.0556  29 01000000000000000010100000000
41.0556  29 00001000000000000000100000000
41.0556  29 01000000000000000000100000000
41.0556  29 01000000000000000010100000000
41.0556  29 01000000000000000000100000000
41.0556  29 00001000000000000000100000000
41.0556  29 00001000000000000010100000000
41.0556  29 00001000000000000000100000000
41.0556  29 01000000000000000010100000000
41.0556  29 01000000000000000000100000000
41.0556  29 00001000000000000000100000000
41.0556  29 00001000000000000010100000000
41.0556  29 00001000000000000010100000000
41.0556  29 01000000000000000000100000000
41.0556  29 00001000000000000010100000000
41.0556  29 01000000000000000000100000000
41.0556  29 00001000000000000010100000000
41.0556  29 01000000000000000000100000000
41.0556  29 01000000000000000000100000000
41.0556  29 01000000000000000000100000000
41.0556  29 01000000000000000000100000000
41.0556  29 01000000000000000010100000000
41.0556  29 01000000000000000000100000000
41.0556  29 01000000000000000000100000000
41.0556  29 00001000000000000000100000000
41.0556  29 00001000000000000000100000000
41.0556  29 00001000000000000010100000000
41.0556  29 01000000000000000010100000000
41.0556  29 01000000000000000000100000000
41.0556  29 00001000000000000010100000000
41.0556  29 00001000000000000010100000000
41.0556  29 01000000000000000010100000000
41.0556  29 01000000000000000000100000000
41.0556  29 01000000000000000000100000000
41.0556  29 00001000000000000010100000000
41.0556  29 01000000000000000010100000000
41.0556  29 00001000000000000010100000000
41.0556  29 00001000000000000000100000000
41.0556  29 00001000000000000010100000000
41.0556  29 01000000000000000010100000000
41.0556  29 00001000000000000010100000000
41.0556  29 01000000000000000010100000000
41.0556  29 01000000000000000010100000000
41.0556  29 01000000000000000000100000000
41.0556  29 01000000000000000010100000000
41.0556  29 00001000000000000000100000000
41.0556  29 00001000000000000010100000000
41.0556  29 01000000000000000010100000000
41.0556  29 00001000000000000000100000000
41.0556  29 01000000000000000000100000000
