0.8034 20 00000000000100000010100000000
0.8034 18 00000000000100000010100000000
0.8034 12 00000000000100000010100000000
0.8034 18 00000000000100000010100000000
0.8034 22 00000000000100000010100000000
0.8034 18 00000000000100000010100000000
1.5545 29 00000010001001100011001000000
0.8034 17 00000000000100000010100000000
0.8034 17 00000000000100000000100000000
1.5545 22 00000010001001100011001000000
0.8034 13 00000000000100000000100000000
0.8034 19 00000000000100000010100000000
0.8034 18 00000000000100000010100000000
1.5545 24 00000010001001100011001000000
1.5545 22 00000010001001100011001000000
0.8034 19 00000000000100000000100000000
0.8034 16 00000000000100000010100000000
0.8034 19 00000000000100000000100000000
0.8034 19 00000000000100000010100000000
0.8034 18 00000000000100000010100000000
1.5545 24 00000010001001100011001000000
1.37575 11 00000000001000000000000000100
0.8034 20 00000000000100000000100000000
0.8034 14 00000000000100000010100000000
0.8034 12 00000000000100000010100000000
0.8034 17 00000000000100000010100000000
0.8034 26 00000000000100000010100000000
1.5545 25 00000010001001100011001000000
0.8034 12 00000000000100000000100000000
0.8034 19 00000000000100000010100000000
0.8034 15 00000000000100000010100000000
0.8034 14 00000000000100000010100000000
0.8034 15 00000000000100000010100000000
1.5545 24 00000010001001100011001000000
1.5545 21 00000010001001100011001000000
1.5545 22 00000010001001100011001000000
0.8034 10 00000000000100000010100000000
0.8034 15 00000000000100000010100000000
1.5545 22 00000010001001100011001000000
0.8034 18 00000000000100000010100000000
0.8034 12 00000000000100000010100000000
1.5545 20 00000010001001100011001000000
0.8034 14 00000000000100000000100000000
0.8034 12 00000000000100000010100000000
0.8034 21 00000000000100000010100000000
0.8034 22 00000000000100000010100000000
1.5545 22 00000010001001100011001000000
0.8034 21 00000000000100000010100000000
0.8034 12 00000000000100000010100000000
0.8034 17 00000000000100000000100000000
1.5545 20 00000010001001100011001000000
1.5545 26 00000010001001100011001000000
1.5545 24 00000010001001100011001000000
0.8034 19 00000000000100000010100000000
1.5545 21 00000010001001100011001000000
0.8034 14 00000000000100000010100000000
1.5545 22 00000010001001100011001000000
1.5545 27 00000010001001100011001000000
1.5545 19 00000010001001100011001000000
0.8034 22 00000000000100000010100000000
0.8034 13 00000000000100000000100000000
0.8034 19 00000000000100000010100000000
1.5545 19 00000010001001100011001000000
1.5545 26 00000010001001100011001000000
1.37575 12 00000000001000000010000000010
1.5545 21 00000010001001100011001000000
0.8034 12 00000000000100000000100000000
0.8034 13 00000000000100000010100000000
1.5545 17 00000010001001100011001000000
1.5545 28 00000010001001100011001000000
0.8034 14 00000000000100000010100000000
0.8034 21 00000000000100000000100000000
1.5545 19 00000010001001100011001000000
0.8034 18 00000000000100000010100000000
0.8034 16 00000000000100000010100000000
0.8034 18 00000000000100000010100000000
0.8034 15 00000000000100000010100000000
1.5545 16 00000010001001100011001000000
0.8034 16 00000000000100000010100000000
0.8034 14 00000000000100000010100000000
1.5545 21 00000010001001100011001000000
0.8034 17 00000000000100000010100000000
0.8034 18 00000000000100000010100000000
0.8034 23 00000000000100000010100000000
0.8034 18 00000000000100000010100000000
0.8034 18 00000000000100000010100000000
0.8034 19 00000000000100000010100000000
0.8034 12 00000000000100000000100000000
1.5545 18 00000010001001100011001000000
0.8034 17 00000000000100000010100000000
0.8034 18 00000000000100000000100000000
0.8034 12 00000000000100000000100000000
1.5545 19 00000010001001100011001000000
0.8034 16 00000000000100000000100000000
0.8034 15 00000000000100000010100000000
1.5545 19 00000010001001100011001000000
0.8034 14 00000000000100000010100000000
0.8034 17 00000000000100000010100000000
0.8034 16 00000000000100000010100000000
0.8034 13 00000000000100000010100000000
