1.6325 9 00000000001000000000000000010
1.179 23 00000000000100000010100000000
1.9255 23 00000010001001100011001000000
1.179 13 00000000000100000010100000000
1.9255 25 00000010001001100011001000000
1.179 15 00000000000100000000100000000
1.179 28 00000000000100000010100000000
1.179 18 00000000000100000010100000000
1.179 21 00000000000100000010100000000
1.9255 26 00000010001001100011001000000
1.6325 10 00000000001000000000000000100
0.836 10 00000000010000000111000001000
1.179 15 00000000000100000000100000000
1.179 15 00000000000100000010100000000
1.9255 28 00000010001001100011001000000
0.836 21 00000000010000000111000001000
0.836 15 00000000010000000111000001000
1.179 12 00000000000100000000100000000
1.6325 10 00000000001000000000000000010
1.179 14 00000000000100000000100000000
0.836 25 00000000010000000111000001000
1.9255 20 00000010001001100011001000000
1.9255 23 00000010001001100011001000000
1.179 20 00000000000100000010100000000
1.6325 11 00000000001000000010000000100
1.179 14 00000000000100000000100000000
1.128 15 00000010000100000011000001000
1.179 17 00000000000100000010100000000
1.9255 23 00000010001001100011001000000
1.179 17 00000000000100000010100000000
1.9255 22 00000010001001100011001000000
1.179 14 00000000000100000000100000000
1.179 15 00000000000100000010100000000
1.128 3 00000010000100000011000001000
1.179 18 00000000000100000010100000000
1.825 28 00000001010111000001000010000
1.179 17 00000000000100000010100000000
1.179 18 00000000000100000010100000000
1.179 16 00000000000100000010100000000
1.128 17 00000010000100000011000001000
1.128 1 00000010000100000011000001000
1.179 14 00000000000100000010100000000
1.9255 22 00000010001001100011001000000
1.179 13 00000000000100000010100000000
1.179 13 00000000000100000000100000000
1.179 17 00000000000100000010100000000
1.128 1 00000010000100000011000001000
1.128 7 00000010000100000011000001000
1.179 22 00000000000100000010100000000
1.179 13 00000000000100000000100000000
1.6325 10 00000000001000000010000000010
0.836 22 00000000010000000111000001000
1.128 1 00000010000100000011000001000
1.179 16 00000000000100000010100000000
1.179 12 00000000000100000000100000000
1.179 21 00000000000100000010100000000
1.128 10 00000010000100000011000001000
1.179 14 00000000000100000000100000000
1.9255 26 00000010001001100011001000000
1.179 14 00000000000100000010100000000
1.9255 19 00000010001001100011001000000
1.179 17 00000000000100000010100000000
0.836 1 00000000010000000111000001000
1.9255 23 00000010001001100011001000000
1.9255 26 00000010001001100011001000000
1.179 15 00000000000100000010100000000
1.9255 22 00000010001001100011001000000
1.6325 10 00000000001000000000000000010
1.179 14 00000000000100000010100000000
1.179 22 00000000000100000010100000000
1.128 9 00000010000100000011000001000
1.179 18 00000000000100000010100000000
1.9255 24 00000010001001100011001000000
1.128 3 00000010000100000011000001000
1.179 15 00000000000100000000100000000
1.179 13 00000000000100000000100000000
1.179 17 00000000000100000010100000000
1.128 11 00000010000100000011000001000
1.128 7 00000010000100000011000001000
1.179 17 00000000000100000010100000000
1.9255 27 00000010001001100011001000000
1.9255 25 00000010001001100011001000000
1.128 11 00000010000100000011000001000
1.128 1 00000010000100000011000001000
1.179 24 00000000000100000010100000000
1.6325 13 00000000001000000010000000100
1.128 11 00000010000100000011000001000
0.836 20 00000000010000000111000001000
1.9255 25 00000010001001100011001000000
1.179 19 00000000000100000010100000000
1.179 17 00000000000100000000100000000
1.179 19 00000000000100000010100000000
1.179 15 00000000000100000000100000000
0.836 7 00000000010000000111000001000
1.179 15 00000000000100000000100000000
1.179 12 00000000000100000000100000000
1.9255 22 00000010001001100011001000000
1.179 16 00000000000100000000100000000
1.179 9 00000000000100000010100000000
1.9255 21 00000010001001100011001000000
