0.01565 24 10000000000100010011000001000
0.06585 21 00011010001000000011000000010
0.06585 21 00011010001000000011000000010
0.01565 15 10000000000100010011000001000
0.01565 18 10000000000100010011000001000
0.06585 21 00011010001000000011000000010
0.01565 19 10000000000100010011000001000
0.01905 18 00000000010100000001000100000
0.01565 18 10000000000100010011000001000
0.01905 23 00000000010100000001000100000
0.02265 22 00000000010100000111000001000
0.01565 22 10000000000100010011000001000
0.01565 24 10000000000100010011000001000
0.01565 18 10000000000100010011000001000
0.06585 17 00011010001000000011000000010
0.06585 18 00011010001000000011000000010
0.01565 21 10000000000100010011000001000
0.01565 16 10000000000100010011000001000
0.06585 19 00011010001000000011000000010
0.02265 20 00000000010100000111000001000
0.01905 20 00000000010100000001000100000
0.02265 28 00000000010100000111000001000
0.06585 22 00011010001000000011000000010
0.06585 18 00011010001000000011000000010
0.01565 20 10000000000100010011000001000
0.01565 23 10000000000100010011000001000
0.01565 21 10000000000100010011000001000
0.01565 22 10000000000100010011000001000
0.06585 21 00011010001000000011000000010
0.01905 23 00000000010100000001000100000
0.06585 21 00011010001000000011000000010
0.06585 19 00011010001000000011000000010
0.01565 20 10000000000100010011000001000
0.01565 17 10000000000100010011000001000
0.06585 24 00011010001000000011000000010
0.06585 23 00011010001000000011000000010
0.01565 24 10000000000100010011000001000
0.01565 25 10000000000100010011000001000
0.06585 25 00011010001000000011000000010
0.02265 18 00000000010100000111000001000
0.06585 20 00011010001000000011000000010
0.06585 17 00011010001000000011000000010
0.06585 23 00011010001000000011000000010
0.06585 21 00011010001000000011000000010
0.01905 22 00000000010100000001000100000
0.01565 19 10000000000100010011000001000
0.01905 20 00000000010100000001000100000
0.02265 22 00000000010100000111000001000
0.01565 22 10000000000100010011000001000
0.06585 20 00011010001000000011000000010
0.06585 20 00011010001000000011000000010
0.02265 25 00000000010100000111000001000
0.01565 20 10000000000100010011000001000
0.06585 22 00011010001000000011000000010
0.06585 24 00011010001000000011000000010
0.01565 24 10000000000100010011000001000
0.01565 21 10000000000100010011000001000
0.06585 21 00011010001000000011000000010
0.01565 19 10000000000100010011000001000
0.02265 18 00000000010100000111000001000
0.01565 20 10000000000100010011000001000
0.06585 23 00011010001000000011000000010
0.01565 25 10000000000100010011000001000
0.01565 23 10000000000100010011000001000
0.01565 24 10000000000100010011000001000
0.02265 20 00000000010100000111000001000
0.06585 19 00011010001000000011000000010
0.01565 17 10000000000100010011000001000
0.01565 18 10000000000100010011000001000
0.01565 23 10000000000100010011000001000
0.01565 18 10000000000100010011000001000
0.01565 15 10000000000100010011000001000
0.06585 25 00011010001000000011000000010
0.02265 26 00000000010100000111000001000
0.02265 19 00000000010100000111000001000
0.01565 26 10000000000100010011000001000
0.06585 23 00011010001000000011000000010
0.02265 25 00000000010100000111000001000
0.01905 19 00000000010100000001000100000
0.01565 26 10000000000100010011000001000
0.01565 18 10000000000100010011000001000
0.06585 22 00011010001000000011000000010
0.01565 19 10000000000100010011000001000
0.01565 20 10000000000100010011000001000
0.01565 17 10000000000100010011000001000
0.06585 23 00011010001000000011000000010
0.01565 22 10000000000100010011000001000
0.06585 19 00011010001000000011000000010
0.06585 22 00011010001000000011000000010
0.06585 22 00011010001000000011000000010
0.01565 18 10000000000100010011000001000
0.06585 23 00011010001000000011000000010
0.01565 17 10000000000100010011000001000
0.06585 19 00011010001000000011000000010
0.01565 18 10000000000100010011000001000
0.02265 16 00000000010100000111000001000
0.06585 29 00011010001000000011000000010
0.06585 23 00011010001000000011000000010
0.01565 26 10000000000100010011000001000
0.01565 22 10000000000100010011000001000
