319.056  29 00000000000100000000100000000
165.111  29 00000000010000000111000001000
159.111  29 00000000010000000111000001000
283.056  29 00000000000100000010100000000
371.056  29 00000000001000000010000000010
284.056  29 00000000000100000000100000000
405.167  29 01010000001000000011000000010
400.056  29 00000000001000000010000000100
383.278  29 00011010001000100011000000010
178.111  29 00000000010000000111000001000
173.111  29 00000000010000000111000001000
271.111  29 00000010000100000011000001000
192.111  29 00000000010000000111000001000
412.278  29 01001010001000010011001000000
195.111  29 00000000010000000111000001000
296.056  29 00000000000100000000100000000
443.222  29 00000010001001100011001000000
207.111  29 00000000010000000111000001000
378.056  29 00000000001000000000000000010
191.111  29 00000000010000000111000001000
429.222  29 00000010001001100011001000000
404.278  29 00001010001001100011001000000
195.111  29 00000000010000000111000001000
261.111  29 00010000000100000011000001000
190.111  29 00000000010000000111000001000
285.056  29 00000000000100000010100000000
242.111  29 00000010000100000011000001000
243.111  29 00000010000100000011000001000
264.111  29 00010000000100000011000001000
238.111  29 00010000000100000011000001000
368.056  29 00000000001000000010000000010
337.111  29 00000000001000000110000000100
307.056  29 00000000000100000000100000000
278.056  29 00000000000100000000100000000
243.111  29 00010000000100000011000001000
194.111  29 00000000010000000111000001000
249.111  29 00000010000100000011000001000
159.111  29 00000000010000000111000001000
370.111  29 00000000001000000110000000100
264.111  29 00000010000100000011000001000
227.111  29 00010000000100000011000001000
298.056  29 00000000000100000000100000000
186.111  29 00000000010000000111000001000
301.056  29 00000000000100000010100000000
414.167  29 00001010001000000011000000010
404.222  29 00011010001000000011001000000
180.111  29 00000000010000000111000001000
378.111  29 00000000001000000110000000100
169.111  29 00000000010000000111000001000
366.111  29 00000000001000000110000000100
380.111  29 00000000001000000110000000010
155.111  29 00000000010000000111000001000
303.056  29 00000000000100000010100000000
288.056  29 00000000000100000000100000000
193.111  29 00000000010000000111000001000
304.056  29 00000000000100000010100000000
387.111  29 00000000001000000110000000100
202.111  29 00000000010000000111000001000
177.111  29 00000000010000000111000001000
257.111  29 00000010000100000011000001000
250.111  29 00010000000100000011000001000
377.167  29 00001010001000000011000000010
295.056  29 00000000000100000000100000000
183.111  29 00000000010000000111000001000
176.111  29 00000000010000000111000001000
246.111  29 00000010000100000011000001000
398.056  29 00000000001000000010000000010
182.111  29 00000000010000000111000001000
186.111  29 00000000010000000111000001000
169.111  29 00000000010000000111000001000
254.111  29 00010000000100000011000001000
179.111  29 00000000010000000111000001000
295.056  29 00000000000100000000100000000
301.056  29 00000000000100000010100000000
228.111  29 00010000000100000011000001000
435.278  29 01000000101001001011001000000
280.056  29 00000000000100000010100000000
457.222  29 01000000001001010011001000000
310.056  29 00000000000100000000100000000
406.278  29 01000010001001000111001000000
417.278  29 00011000001001100011001000000
397.056  29 00000000001000000000000000100
201.111  29 00000000010000000111000001000
175.111  29 00000000010000000111000001000
185.111  29 00000000010000000111000001000
165.111  29 00000000010000000111000001000
316.056  29 00000000000100000000100000000
372.056  29 00000000001000000010000000100
204.111  29 00000000010000000111000001000
368.111  29 00000000001000000110000000100
187.111  29 00000000010000000111000001000
396.111  29 00000000001000000110000000100
444.222  29 01001000001000010011001000000
402.278  29 00011010001000100011000000010
181.111  29 00000000010000000111000001000
417.278  29 00000001010111000001000010000
301.056  29 00000000000100000000100000000
176.111  29 00000000010000000111000001000
396.111  29 00000000001000000110000000100
231.111  29 00000000000100000111000001000
