715.222  29 00000010001001100011000000010
435.167  29 00000000010100000111000001000
642.056  29 00000000001000000010000000100
381.222  29 10010010000100000011000001000
642.056  29 00000000001000000010000000010
642.056  29 00000000001000000010000000100
642.056  29 00000000001000000010000000100
642.056  29 00000000001000000010000000010
719.278  29 00001010011001000011001000000
642.056  29 00000000001000000000000000100
381.222  29 10010010000100000011000001000
642.056  29 00000000001000000010000000100
704.167  29 00001000011000000011000000010
719.278  29 00001010011001000011001000000
381.222  29 10010010000100000011000001000
381.222  29 10010010000100000011000001000
642.056  29 00000000001000000000000000100
642.056  29 00000000001000000000000000100
381.222  29 10010010000100000011000001000
381.222  29 10010010000100000011000001000
381.222  29 10010010000100000011000001000
642.056  29 00000000001000000010000000100
642.056  29 00000000001000000010000000010
642.056  29 00000000001000000010000000100
381.222  29 10010010000100000011000001000
642.056  29 00000000001000000000000000010
642.056  29 00000000001000000000000000010
719.278  29 00001010011001000011001000000
381.222  29 10010010000100000011000001000
381.222  29 10010010000100000011000001000
381.222  29 10010010000100000011000001000
642.056  29 00000000001000000000000000010
381.222  29 10010010000100000011000001000
381.222  29 10010010000100000011000001000
642.056  29 00000000001000000000000000100
719.278  29 00001010011001000011001000000
642.056  29 00000000001000000010000000100
381.222  29 10010010000100000011000001000
381.222  29 10010010000100000011000001000
719.278  29 00001010011001000011001000000
642.056  29 00000000001000000000000000010
719.278  29 00001010011001000011001000000
381.222  29 10010010000100000011000001000
642.056  29 00000000001000000000000000100
704.167  29 00000000001001100011000000010
642.056  29 00000000001000000010000000010
642.056  29 00000000001000000010000000100
381.222  29 10010010000100000011000001000
381.222  29 10010010000100000011000001000
435.167  29 00000000010100000111000001000
642.056  29 00000000001000000000000000010
435.167  29 00000000010100000111000001000
642.056  29 00000000001000000010000000010
381.222  29 10010010000100000011000001000
719.278  29 00001010011001000011001000000
642.056  29 00000000001000000010000000010
381.222  29 10010010000100000011000001000
381.222  29 10010010000100000011000001000
642.056  29 00000000001000000010000000100
381.222  29 10010010000100000011000001000
381.222  29 10010010000100000011000001000
381.222  29 10010010000100000011000001000
642.056  29 00000000001000000000000000010
381.222  29 10010010000100000011000001000
642.056  29 00000000001000000000000000010
381.222  29 10010010000100000011000001000
642.056  29 00000000001000000000000000100
642.056  29 00000000001000000000000000100
642.056  29 00000000001000000000000000010
435.167  29 00000000010100000111000001000
642.056  29 00000000001000000000000000100
642.056  29 00000000001000000000000000010
642.056  29 00000000001000000010000000100
381.222  29 10010010000100000011000001000
381.222  29 10010010000100000011000001000
381.222  29 10010010000100000011000001000
642.056  29 00000000001000000010000000010
381.222  29 10010010000100000011000001000
435.167  29 00000000010100000111000001000
699.222  29 00011000001000100011000000010
704.167  29 00001000011000000011000000010
381.222  29 10010010000100000011000001000
642.056  29 00000000001000000000000000010
642.056  29 00000000001000000010000000100
381.222  29 10010010000100000011000001000
704.167  29 00000000001001100011000000010
381.222  29 10010010000100000011000001000
381.222  29 10010010000100000011000001000
381.222  29 10010010000100000011000001000
642.056  29 00000000001000000000000000010
435.167  29 00000000010100000111000001000
719.278  29 00001010011001000011001000000
381.222  29 10010010000100000011000001000
642.056  29 00000000001000000010000000100
719.278  29 00001010011001000011001000000
642.056  29 00000000001000000000000000100
642.056  29 00000000001000000010000000010
642.056  29 00000000001000000000000000100
381.222  29 10010010000100000011000001000
642.056  29 00000000001000000000000000010
