3084.22  29 10010010000100000011000001000
6337.17  29 00000000001001100010001000000
6337.17  29 00000000001001100010001000000
3084.22  29 10010010000100000011000001000
6346.28  29 01010010001001000011001000000
5252.11  29 00000000001000000110000000010
6346.28  29 01010010001001000011001000000
6337.17  29 00000000001001100010001000000
3084.22  29 10010010000100000011000001000
6337.17  29 00000000001001100010001000000
3084.22  29 10010010000100000011000001000
6337.17  29 00000000001001100010001000000
6346.28  29 11000010001001000011001000000
6346.28  29 01010010001001000011001000000
6337.17  29 00000000001001100010001000000
3084.22  29 10010010000100000011000001000
6337.17  29 00000000001001100010001000000
6337.17  29 00000000001001100010001000000
6337.17  29 00000000001001100010001000000
6346.28  29 01000010101001000011001000000
3084.22  29 10010010000100000011000001000
6337.17  29 00000000001001100010001000000
5252.11  29 00000000001000000110000000010
3084.22  29 10010010000100000011000001000
3084.22  29 10010010000100000011000001000
6346.28  29 01000010001001000111001000000
3084.22  29 10010010000100000011000001000
5252.11  29 00000000001000000110000000100
3084.22  29 10010010000100000011000001000
3084.22  29 10010010000100000011000001000
6337.17  29 00000000001001100010001000000
3084.22  29 10010010000100000011000001000
5252.11  29 00000000001000000110000000100
6346.28  29 01000010101001000011001000000
3084.22  29 10010010000100000011000001000
3373.11  29 10000000000100000011100000000
6337.17  29 00000000001001100010001000000
3084.22  29 10010010000100000011000001000
6337.17  29 00000000001001100010001000000
6337.17  29 00000000001001100010001000000
6337.17  29 00000000001001100010001000000
6346.28  29 01000010101001000011001000000
6337.17  29 00000000001001100010001000000
6337.17  29 00000000001001100010001000000
3084.22  29 10010010000100000011000001000
3084.22  29 10010010000100000011000001000
3084.22  29 10010010000100000011000001000
5252.11  29 00000000001000000110000000010
6346.28  29 01000010001001000111001000000
3084.22  29 10010010000100000011000001000
3084.22  29 10010010000100000011000001000
5252.11  29 00000000001000000110000000100
3084.22  29 10010010000100000011000001000
3084.22  29 10010010000100000011000001000
6337.17  29 00000000001001100010001000000
6346.28  29 01000010001001010011001000000
5252.11  29 00000000001000000110000000100
6337.17  29 00000000001001100010001000000
3084.22  29 10010010000100000011000001000
3084.22  29 10010010000100000011000001000
3084.22  29 10010010000100000011000001000
6346.28  29 01000010001001010011001000000
3084.22  29 10010010000100000011000001000
6152.11  29 01000000001000000011000000010
5252.11  29 00000000001000000110000000100
6346.28  29 01010010001001000011001000000
5252.11  29 00000000001000000110000000100
6346.28  29 01000010001001010011001000000
6346.28  29 01000010101001000011001000000
6346.28  29 01000010001001010011001000000
6337.17  29 00000000001001100010001000000
3084.22  29 10010010000100000011000001000
6346.28  29 01000010101001000011001000000
6346.28  29 01000010001001010011001000000
6337.17  29 00000000001001100010001000000
3084.22  29 10010010000100000011000001000
3084.22  29 10010010000100000011000001000
6346.28  29 11000010001001000011001000000
6337.17  29 00000000001001100010001000000
6337.17  29 00000000001001100010001000000
3084.22  29 10010010000100000011000001000
6337.17  29 00000000001001100010001000000
6337.17  29 00000000001001100010001000000
3084.22  29 10010010000100000011000001000
6346.28  29 01000010001001010011001000000
6346.28  29 01000010001001010011001000000
6337.17  29 00000000001001100010001000000
6337.17  29 00000000001001100010001000000
3084.22  29 10010010000100000011000001000
6337.17  29 00000000001001100010001000000
6337.17  29 00000000001001100010001000000
6346.28  29 01000010001001010011001000000
3084.22  29 10010010000100000011000001000
6346.28  29 01010010001001000011001000000
3084.22  29 10010010000100000011000001000
3084.22  29 10010010000100000011000001000
6337.17  29 00000000001001100010001000000
6337.28  29 10010000001001100010001000000
6346.28  29 01010010001001000011001000000
6337.17  29 00000000001001100010001000000
