755.278  29 01000011001001000011001000000
786.278  29 01010010011000000010010000000
544.167  29 00000010010100000011000001000
727.111  29 00100010000000000010010000000
761.278  29 01000110001001000011001000000
698.111  29 00010000001000000010000000010
761.278  29 00010001011000100010010000000
776.222  29 00001000001001001010001000000
524.167  29 00000010010100000011000001000
707.111  29 00001000001000000011000000010
757.278  29 00101000011001000011001000000
547.167  29 00000000010100010011000001000
735.111  29 00000000001000000110000000010
752.222  29 00011001001000000010001000000
723.111  29 00000000001000000110000000010
517.167  29 00010000010100000011000001000
769.278  29 00001001011001000011001000000
535.167  29 00010000010100000011000001000
715.222  29 00010110010000000010100000000
761.278  29 01100010001001000011001000000
567.167  29 00000010010100000011000001000
686.167  29 00000000001000010110000000100
562.167  29 00000010010100000011000001000
768.278  29 01000011001000100011001000000
755.333  29 00010101010010100011001000000
506.167  29 00010000010100000011000001000
514.167  29 00010000010100000011000001000
544.167  29 00010000010100000011000001000
773.222  29 01000011001000000011001000000
549.167  29 00010000010100000011000001000
547.167  29 00000010010100000011000001000
546.167  29 00000010010100000011000001000
774.222  29 01000000011001000011001000000
540.167  29 00000010010100000011000001000
549.167  29 00000000010101000011000001000
571.167  29 00000010010100000011000001000
700.111  29 00000000001000000110000000010
529.167  29 00010000010100000011000001000
766.278  29 01000101001010000011001000000
530.167  29 00000010000100010011000001000
500.167  29 00010000000100010011000001000
753.278  29 01000010011001000011001000000
504.167  29 00000000010101000011000001000
521.167  29 00000010010100000011000001000
757.167  29 00001000001001000010001000000
547.167  29 00000000010101000011000001000
752.167  29 01001000000010000011001000000
770.333  29 01011010011000000011001000000
517.167  29 00000010010100000011000001000
512.167  29 00010000000100010011000001000
759.278  29 00011001011000000011001000000
738.111  29 00000000101000000010000000100
648.167  29 00000001000000100111000000010
746.111  29 00000000010000001010010000000
546.167  29 00010000010100000011000001000
740.222  29 01000000011000100011000000010
555.167  29 00000000010100010011000001000
676.111  29 00000000001000000110000000010
524.167  29 00010000010100000011000001000
771.222  29 00001010001001000011001000000
770.222  29 01001000011000000011001000000
560.167  29 00010000010100000011000001000
776.333  29 01100001011001000011001000000
756.333  29 01010111001000000011001000000
767.278  29 01011010100000000011001000000
546.167  29 00000010010100000011000001000
523.167  29 00010000010100000011000001000
755.333  29 00011001011010000011001000000
543.167  29 00000000010100010011000001000
714.111  29 00000000001000000110000000010
516.167  29 00010000010100000011000001000
523.167  29 00010000010100000011000001000
745.333  29 00110111000000100011001000000
530.167  29 00000010010100000011000001000
772.222  29 00011001001000000010001000000
720.167  29 00000000001000010110000000010
721.167  29 00001010001000000011000000010
724.222  29 00100100000000010110010000000
763.278  29 00000001011001100011001000000
523.167  29 00000010010100000011000001000
544.167  29 00010000010100000011000001000
745.333  29 01100011001000010011001000000
522.167  29 00010000010100000011000001000
768.278  29 01010011000010000011001000000
762.278  29 00000011001001100011001000000
495.167  29 00000000010100010011000001000
549.167  29 00000010010100000011000001000
529.167  29 00000000010101000011000001000
551.167  29 00010000000100010011000001000
697.167  29 00000000001000010110000000010
762.222  29 01000100001001000011001000000
768.278  29 00000011001001100011001000000
522.167  29 00000010010100000011000001000
758.333  29 01111000011000000011001000000
515.167  29 00000010000100010011000001000
555.167  29 00000010010100000011000001000
715.222  29 00010000001001100011000000010
554.167  29 00010000010100000011000001000
537.167  29 00010000010100000011000001000
560.167  29 00000000000101010011000001000
