623.111  29 00000000001000000110000000010
702.333  29 01000011101001000011001000000
706.278  29 01000010011001000011001000000
621.056  29 00000000001000000010000000010
643.167  29 01000000011000000011000000010
701.167  29 00011000001000000011000000010
698.278  29 01000011001001000011001000000
629.111  29 00000000001000000110000000010
700.278  29 11000001001001000011001000000
728.278  29 01000011011000000011001000000
627.111  29 00000000001000000110000000100
330.222  29 10010010000100000011000001000
700.278  29 00000011001001100011001000000
402.167  29 00000000010100000111000001000
738.278  29 00000010011001000110001000000
705.278  29 01010010011000000011001000000
399.167  29 00000000010100000111000001000
712.222  29 01000010001001000011001000000
386.222  29 10010010000100000011000001000
592.111  29 00000000001000000110000000010
381.222  29 10010010000100000011000001000
305.222  29 10010010000100000011000001000
698.278  29 00000001011001100011001000000
340.222  29 10010010000100000011000001000
648.111  29 00000000001000000110000000010
697.278  29 00001010011001000011001000000
348.222  29 10010010000100000011000001000
704.222  29 00000001001001100011001000000
716.333  29 00001011011001000011001000000
359.222  29 10010010000100000011000001000
358.222  29 10010010000100000011000001000
414.222  29 10010010000100000011000001000
628.111  29 00000000001000000110000000100
681.167  29 00000001011000000011000000010
581.111  29 00000000001000000110000000100
701.222  29 00000001011001000010001000000
379.222  29 10010010000100000011000001000
350.222  29 10010010000100000011000001000
694.278  29 00000001011001100011001000000
394.222  29 10010010000100000011000001000
706.278  29 01000001011001000011001000000
598.111  29 00000000001000000110000000100
628.111  29 00000000001000000110000000010
686.278  29 00001011001001000011001000000
605.111  29 00000000001000000110000000010
349.222  29 10010010000100000011000001000
685.111  29 01000000001000000011000000010
404.222  29 10010010000100000011000001000
712.333  29 00011011011000000011001000000
694.333  29 00011011011000000011001000000
742.222  29 00000011001001000010001000000
362.222  29 10010010000100000011000001000
381.222  29 10010010000100000011000001000
590.111  29 00000000001000000110000000010
720.278  29 00001010011001000011001000000
351.222  29 10010010000100000011000001000
634.111  29 00000000001000000110000000010
357.222  29 10010010000100000011000001000
704.333  29 00001010011001001011001000000
376.222  29 10010010000100000011000001000
330.222  29 10010010000100000011000001000
395.222  29 10010010000100000011000001000
595.111  29 00000000001000000110000000010
371.222  29 10010010000100000011000001000
316.222  29 10010010000100000011000001000
369.222  29 10010010000100000011000001000
376.222  29 10010010000100000011000001000
711.278  29 00011001001001000011001000000
367.222  29 10010010000100000011000001000
367.222  29 10010010000100000011000001000
634.111  29 00000000001000000110000000100
365.222  29 10010010000100000011000001000
371.222  29 10010010000100000011000001000
667.222  29 01000010001000100011000000010
695.278  29 00001010011001000011001000000
714.278  29 00000001011001100011001000000
346.222  29 10010010000100000011000001000
316.222  29 10010010000100000011000001000
642.111  29 00000000001000000110000000100
341.222  29 10010010000100000011000001000
393.167  29 00000000010100000111000001000
364.222  29 10010010000100000011000001000
629.111  29 00000000001000000110000000010
709.333  29 00001001011001000111001000000
585.111  29 00000000001000000110000000100
637.222  29 01000010001000100011000000010
607.111  29 00000000001000000110000000100
702.278  29 00001110001001000011001000000
603.111  29 00000000001000000110000000100
344.222  29 10010010000100000011000001000
734.278  29 01000001011001000011001000000
357.222  29 10010010000100000011000001000
292.222  29 10010010000100000011000001000
735.278  29 00000010011001000110001000000
669.333  29 00000011001001110011001000000
346.222  29 10010010000100000011000001000
328.222  29 10010010000100000011000001000
723.222  29 01000001001001000011001000000
348.222  29 10010010000100000011000001000
711.278  29 10001001001001000011001000000
