0.0209 23 00000000010100000111000001000
0.06255 19 00011010001000000011000000010
0.0147 19 10000000000100010011000001000
0.01905 21 00000000010100000001000100000
0.0147 14 10000000000100010011000001000
0.0147 19 10000000000100010011000001000
0.0209 15 00000000010100000111000001000
0.0147 23 10000000000100010011000001000
0.06255 23 00011010001000000011000000010
0.0147 18 10000000000100010011000001000
0.06255 21 00011010001000000011000000010
0.0147 22 10000000000100010011000001000
0.0147 22 10000000000100010011000001000
0.0147 20 10000000000100010011000001000
0.0147 22 10000000000100010011000001000
0.06255 19 00011010001000000011000000010
0.06255 23 00011010001000000011000000010
0.0147 17 10000000000100010011000001000
0.0147 20 10000000000100010011000001000
0.0147 19 10000000000100010011000001000
0.01905 20 00000000010100000001000100000
0.0147 22 10000000000100010011000001000
0.0147 17 10000000000100010011000001000
0.06255 20 00011010001000000011000000010
0.0147 21 10000000000100010011000001000
0.0209 20 00000000010100000111000001000
0.06255 25 00011010001000000011000000010
0.06255 20 00011010001000000011000000010
0.0147 22 10000000000100010011000001000
0.0209 20 00000000010100000111000001000
0.01905 15 00000000010100000001000100000
0.0209 19 00000000010100000111000001000
0.0327 19 00010010000100000011000001000
0.0147 23 10000000000100010011000001000
0.06255 22 00011010001000000011000000010
0.06255 20 00011010001000000011000000010
0.06255 21 00011010001000000011000000010
0.06255 23 00011010001000000011000000010
0.01905 24 00000000010100000001000100000
0.0209 19 00000000010100000111000001000
0.01905 26 00000000010100000001000100000
0.06255 19 00011010001000000011000000010
0.06255 23 00011010001000000011000000010
0.0209 21 00000000010100000111000001000
0.01905 21 00000000010100000001000100000
0.0147 19 10000000000100010011000001000
0.0147 23 10000000000100010011000001000
0.0209 21 00000000010100000111000001000
0.0147 20 10000000000100010011000001000
0.0209 22 00000000010100000111000001000
0.0147 18 10000000000100010011000001000
0.06255 27 00011010001000000011000000010
0.06255 25 00011010001000000011000000010
0.0147 21 10000000000100010011000001000
0.06255 16 00011010001000000011000000010
0.06255 20 00011010001000000011000000010
0.01905 28 00000000010100000001000100000
0.06255 19 00011010001000000011000000010
0.0147 19 10000000000100010011000001000
0.0147 20 10000000000100010011000001000
0.0147 22 10000000000100010011000001000
0.0147 18 10000000000100010011000001000
0.06255 22 00011010001000000011000000010
0.0147 21 10000000000100010011000001000
0.06255 24 00011010001000000011000000010
0.0147 20 10000000000100010011000001000
0.06255 15 00011010001000000011000000010
0.0147 21 10000000000100010011000001000
0.0209 17 00000000010100000111000001000
0.0147 20 10000000000100010011000001000
0.0209 15 00000000010100000111000001000
0.0209 25 00000000010100000111000001000
0.0147 26 10000000000100010011000001000
0.06255 20 00011010001000000011000000010
0.06255 23 00011010001000000011000000010
0.0147 23 10000000000100010011000001000
0.0147 20 10000000000100010011000001000
0.06255 21 00011010001000000011000000010
0.0209 22 00000000010100000111000001000
0.0147 17 10000000000100010011000001000
0.0147 18 10000000000100010011000001000
0.01905 15 00000000010100000001000100000
0.0147 21 10000000000100010011000001000
0.0147 20 10000000000100010011000001000
0.0147 23 10000000000100010011000001000
0.06255 23 00011010001000000011000000010
0.06255 14 00011010001000000011000000010
0.0147 20 10000000000100010011000001000
0.0147 9 10000000000100010011000001000
0.0147 26 10000000000100010011000001000
0.0147 22 10000000000100010011000001000
0.06255 24 00011010001000000011000000010
0.0147 15 10000000000100010011000001000
0.06255 22 00011010001000000011000000010
0.0147 17 10000000000100010011000001000
0.0147 18 10000000000100010011000001000
0.06255 19 00011010001000000011000000010
0.06255 18 00011010001000000011000000010
0.06255 19 00011010001000000011000000010
0.0147 22 10000000000100010011000001000
