1451.28  29 00010010010000101010000001000
1456.11  29 00000000000010000110000010000
1451.28  29 00010010010000101010000001000
1451.28  29 00010010010000101010000001000
1451.28  29 00010010010000101010000001000
1455.28  29 00000110010001100010000001000
1451.28  29 00010010010000101010000001000
1451.28  29 00010010010000101010000001000
1451.28  29 00010010010000101010000001000
1451.28  29 00010010010000101010000001000
1451.28  29 00010010010000101010000001000
1451.28  29 00010010010000101010000001000
1451.28  29 00010010010000101010000001000
1451.28  29 00010010010000101010000001000
1451.28  29 00010010010000101010000001000
1451.28  29 00010010010000101010000001000
1451.28  29 00010010010000101010000001000
1451.28  29 00010010010000101010000001000
1451.28  29 00010010010000101010000001000
1451.28  29 00010010010000101010000001000
1451.28  29 00010010010000101010000001000
1451.28  29 00010010010000101010000001000
1451.28  29 00010010010000101010000001000
1451.28  29 00010010010000101010000001000
1451.28  29 00010010010000101010000001000
1451.28  29 00010010010000101010000001000
1451.28  29 00010010010000101010000001000
1451.28  29 00010010010000101010000001000
1451.28  29 00010010010000101010000001000
1463.17  29 01000000010010000010000001000
1451.28  29 00010010010000101010000001000
1451.28  29 00010010010000101010000001000
1451.28  29 00010010010000101010000001000
1463.22  29 00101011000000000010000001000
1451.28  29 00010010010000101010000001000
1451.28  29 00010010010000101010000001000
1451.28  29 00010010010000101010000001000
1451.28  29 00010010010000101010000001000
1451.28  29 00010010010000101010000001000
1451.28  29 00010010010000101010000001000
1451.28  29 00010010010000101010000001000
1451.28  29 00010010010000101010000001000
1451.28  29 00010010010000101010000001000
1451.28  29 00010010010000101010000001000
1451.28  29 00010010010000101010000001000
1451.28  29 00010010010000101010000001000
1463.22  29 00101011000000000010000001000
1451.28  29 00010010010000101010000001000
1451.28  29 00010010010000101010000001000
1451.28  29 00010010010000101010000001000
1451.28  29 00010010010000101010000001000
1451.28  29 00010010010000101010000001000
1451.28  29 00010010010000101010000001000
1451.28  29 00010010010000101010000001000
1451.28  29 00010010010000101010000001000
1451.28  29 00010010010000101010000001000
1451.28  29 00010010010000101010000001000
1451.28  29 00010010010000101010000001000
1451.28  29 00010010010000101010000001000
1451.28  29 00010010010000101010000001000
1451.28  29 00010010010000101010000001000
1451.28  29 00010010010000101010000001000
1451.28  29 00010010010000101010000001000
1451.28  29 00010010010000101010000001000
1451.28  29 00010010010000101010000001000
1463.17  29 01000000010010000010000001000
1451.28  29 00010010010000101010000001000
1451.28  29 00010010010000101010000001000
1451.28  29 00010010010000101010000001000
1451.28  29 00010010010000101010000001000
1451.28  29 00010010010000101010000001000
1451.28  29 00010010010000101010000001000
1451.28  29 00010010010000101010000001000
1451.28  29 00010010010000101010000001000
1479.17  29 00000010101000000000000000100
1451.28  29 00010010010000101010000001000
1451.28  29 00010010010000101010000001000
1451.28  29 00010010010000101010000001000
1451.28  29 00010010010000101010000001000
1451.28  29 00010010010000101010000001000
1451.28  29 00010010010000101010000001000
1451.28  29 00010010010000101010000001000
1451.28  29 00010010010000101010000001000
1451.28  29 00010010010000101010000001000
1451.28  29 00010010010000101010000001000
1451.28  29 00010010010000101010000001000
1451.28  29 00010010010000101010000001000
1451.28  29 00010010010000101010000001000
1451.28  29 00010010010000101010000001000
1451.28  29 00010010010000101010000001000
1451.28  29 00010010010000101010000001000
1451.28  29 00010010010000101010000001000
1451.28  29 00010010010000101010000001000
1451.28  29 00010010010000101010000001000
1451.28  29 00010010010000101010000001000
1451.28  29 00010010010000101010000001000
1451.28  29 00010010010000101010000001000
1451.28  29 00010010010000101010000001000
1451.28  29 00010010010000101010000001000
1463.17  29 01000000010010000010000001000
