150.056  29 00000000000100000000100000000
136.056  29 00000000000100000010100000000
142.056  29 00000000000100000010100000000
125.056  29 00000000000100000010100000000
139.056  29 00000000000100000000100000000
139.056  29 00000000000100000010100000000
136.056  29 00000000000100000000100000000
135.056  29 00000000000100000000100000000
164.056  29 00000000000100000000100000000
112.056  29 00000000000100000010100000000
140.056  29 00000000000100000010100000000
127.056  29 00000000000100000010100000000
156.056  29 00000000000100000000100000000
135.056  29 00000000000100000010100000000
144.056  29 00000000000100000000100000000
138.056  29 00000000000100000010100000000
137.056  29 00000000000100000010100000000
171.056  29 00000000000100000010100000000
148.056  29 00000000000100000010100000000
142.056  29 00000000000100000000100000000
138.056  29 00000000000100000010100000000
164.056  29 00000000000100000010100000000
146.056  29 00000000000100000010100000000
146.056  29 00000000000100000010100000000
145.056  29 00000000000100000000100000000
142.056  29 00000000000100000010100000000
145.056  29 00000000000100000010100000000
154.056  29 00000000000100000000100000000
157.056  29 00000000000100000010100000000
135.056  29 00000000000100000010100000000
141.056  29 00000000000100000010100000000
127.056  29 00000000000100000000100000000
155.056  29 00000000000100000010100000000
134.056  29 00000000000100000010100000000
144.056  29 00000000000100000010100000000
141.056  29 00000000000100000000100000000
140.056  29 00000000000100000000100000000
116.056  29 00000000000100000000100000000
145.056  29 00000000000100000010100000000
151.056  29 00000000000100000010100000000
140.056  29 00000000000100000000100000000
147.056  29 00000000000100000010100000000
120.056  29 00000000000100000010100000000
140.056  29 00000000000100000000100000000
142.056  29 00000000000100000010100000000
142.056  29 00000000000100000010100000000
161.056  29 00000000000100000010100000000
144.056  29 00000000000100000010100000000
133.056  29 00000000000100000000100000000
152.056  29 00000000000100000000100000000
117.056  29 00000000000100000010100000000
150.056  29 00000000000100000000100000000
157.056  29 00000000000100000010100000000
141.056  29 00000000000100000000100000000
157.056  29 00000000000100000000100000000
145.056  29 00000000000100000000100000000
169.056  29 00000000000100000010100000000
154.056  29 00000000000100000000100000000
150.056  29 00000000000100000010100000000
158.056  29 00000000000100000010100000000
151.056  29 00000000000100000000100000000
159.056  29 00000000000100000010100000000
140.056  29 00000000000100000000100000000
123.056  29 00000000000100000010100000000
153.056  29 00000000000100000010100000000
141.056  29 00000000000100000010100000000
188.056  29 00000000000100000000100000000
137.056  29 00000000000100000010100000000
157.056  29 00000000000100000010100000000
152.056  29 00000000000100000010100000000
159.056  29 00000000000100000010100000000
142.056  29 00000000000100000010100000000
153.056  29 00000000000100000000100000000
132.056  29 00000000000100000010100000000
150.056  29 00000000000100000000100000000
121.056  29 00000000000100000000100000000
164.056  29 00000000000100000000100000000
154.056  29 00000000000100000000100000000
154.056  29 00000000000100000010100000000
133.056  29 00000000000100000010100000000
142.056  29 00000000000100000010100000000
140.056  29 00000000000100000010100000000
144.056  29 00000000000100000010100000000
142.056  29 00000000000100000010100000000
148.056  29 00000000000100000010100000000
162.056  29 00000000000100000000100000000
148.056  29 00000000000100000010100000000
148.056  29 00000000000100000010100000000
146.056  29 00000000000100000010100000000
143.056  29 00000000000100000000100000000
146.056  29 00000000000100000010100000000
139.056  29 00000000000100000000100000000
128.056  29 00000000000100000000100000000
133.056  29 00000000000100000010100000000
142.056  29 00000000000100000000100000000
141.056  29 00000000000100000000100000000
127.056  29 00000000000100000000100000000
144.056  29 00000000000100000000100000000
1615.11  29 01000000001000000000000000100
131.056  29 00000000000100000010100000000
