201.222  29 00010001000000101010100000000
220.167  29 00110000000000100011001000000
213.167  29 01000010001000000011001000000
215.222  29 00100100000000010110000010000
219.167  29 00000000000001101011001000000
209.167  29 00101000000000010011000100000
218.222  29 00110100010000000010010000000
222.111  29 00000100000001000011001000000
217.111  29 00110000000000000010000100000
210.167  29 00010001000010000011001000000
206.167  29 00000000010001100010100000000
220.111  29 01000001000000000010010000000
218.222  29 00100100000000010110010000000
229.167  29 00000010010010000010001000000
205.222  29 00010000010000101010100000000
218.222  29 01010001001000000010001000000
206.167  29 00011000010000000010001000000
223.222  29 00010100010000000110001000000
212.167  29 00001001000000001010010000000
214.222  29 00000010000000101110100000000
209.167  29 00110000000000100010001000000
201.222  29 00100001010000001011000001000
203.222  29 00110100000000000111000001000
225.222  29 00000001010000101010100000000
217.222  29 00000011100001000010000010000
212.222  29 00000010000001100110100000000
212.167  29 01001100000000000010000010000
195.167  29 00000101000010000011000001000
225.167  29 00000001010000100011000001000
218.167  29 00110000000000100011001000000
213.222  29 00100001010000100010100000000
219.167  29 00000000001010010010100000000
219.167  29 01100000000000000110100000000
231.167  29 01000010010000000011001000000
216.111  29 00100000010000000011001000000
221.167  29 00000010011000000010000100000
227.222  29 00000010010010000111001000000
214.278  29 00000001010001101011000001000
210.111  29 00010100000000000010010000000
201.222  29 01000011001000000010100000000
217.167  29 00000000001010100010100000000
212.111  29 00100000000001000010000010000
214.278  29 00000011111000000010010000000
221.111  29 00100100000000000010000100000
205.222  29 00010011000000100010100000000
216.222  29 00010111000000000010001000000
216.167  29 00001101000000000010000010000
215.167  29 01000011000000000011000001000
211.167  29 00100100000000010010010000000
203.222  29 00000001011000100011001000000
214.278  29 00010011010000001010010000000
220.111  29 00001000000010000010000010000
220.167  29 01000000001000010010001000000
203.278  29 00000010101001000110100000000
204.167  29 00000111000000000010010000000
209.222  29 00010001110000000010001000000
220.167  29 00010100010000000011001000000
231.278  29 00000001010010001111000001000
210.222  29 00010000100010100010100000000
222.167  29 01010000000000001010000010000
209.167  29 01000001000000001010100000000
199.111  29 00000100010000000010000100000
203.111  29 00010000000000000100000000100
206.167  29 00000010010000001010000100000
225.222  29 01100010100000000010100000000
210.333  29 01010001000001101011000001000
213.222  29 00000100000101100000000000010
213.167  29 00010000000010000111001000000
226.167  29 00000000000001101011001000000
219.222  29 01110000010000000010010000000
219.167  29 01100000010000000010000010000
213.167  29 01010001000000000011001000000
203.222  29 00010000011000100010100000000
200.167  29 00000000101001000010000010000
208.222  29 00100010000000100111000001000
220.111  29 00000000000010000100000000010
227.167  29 00100010000000100010010000000
223.222  29 01000010011000000010001000000
216.222  29 00000010010001100010010000000
210.111  29 00000000001001000010000100000
222.222  29 00000100010001000110000010000
207.167  29 00000000100001000110000100000
214.222  29 00000110010000100010100000000
224.167  29 00010101000000000010010000000
219.222  29 00010011001000000010001000000
210.167  29 01000100100000000010100000000
220.167  29 00000100010001000010010000000
202.167  29 01000010001000000011000001000
203.222  29 00000000111001000010100000000
200.222  29 00000101010001000010000010000
222.222  29 01010000011000000010001000000
217.222  29 00010000011000000110000100000
211.167  29 00000010100010000010100000000
226.111  29 00000100000001000011001000000
217.278  29 00101010011000000011000001000
198.167  29 00010010001000000010000100000
215.222  29 00101001000001000000000000010
207.167  29 00100000010000100010100000000
207.111  29 00000100010000000011000001000
203.167  29 01110000000000000010010000000
209.222  29 00010000011000100010100000000
206.167  29 00000000010001001010100000000
210.167  29 00011000000000001010001000000
204.167  29 00010010010000000010000100000
209.278  29 00001101000000011011000001000
221.222  29 00000100001000110010100000000
212.167  29 01010100000000000011001000000
211.389  29 10110111010000000011000001000
208.167  29 00110100000000000010001000000
195.278  29 00000011011000100010100000000
216.167  29 00010000010010000011000001000
207.222  29 00010000010000101010100000000
226.222  29 00001010011000000011001000000
220.167  29 01000010000001000011001000000
209.167  29 01010010000000000010010000000
215.167  29 00000000001001000110010000000
223.167  29 00001000010001000010001000000
210.222  29 00000011010000100010100000000
209.167  29 00001001000001000010100000000
206.333  29 00101010010000101011000001000
217.167  29 00100001010000000010001000000
211.167  29 00000110010000000010100000000
204.111  29 01000000000000010010010000000
225.222  29 00000001001001100011001000000
214.222  29 01001000001000010010001000000
208.278  29 00000010111001000011001000000
221.167  29 01000000010001000010001000000
207.167  29 00000011000001000010100000000
212.222  29 00000010000001100110100000000
219.111  29 00000100010000000010010000000
219.167  29 00101000001000000010100000000
190.167  29 00000110000000000110000100000
226.111  29 01000100000000000011001000000
214.167  29 00000001011000000010000100000
215.167  29 01100100000000000010010000000
214.222  29 00110001000000100011000001000
229.111  29 00001000001000000010000010000
207.111  29 01000000010000000010010000000
208.167  29 00000001000001001010010000000
223.167  29 01000010000000001011001000000
207.222  29 00000110001000100010100000000
221.167  29 00000110000000100010001000000
208.222  29 00000000110001000110000010000
216.278  29 00110010001000100011000001000
209.167  29 01000000001001000011000001000
209.222  29 00010001010000001010001000000
226.167  29 00100000000001000111001000000
216.111  29 00000000000010010010010000000
226.167  29 00001100000010000010001000000
216.278  29 00000010111000000110001000000
217.222  29 00000001000001101011001000000
216.167  29 01000010010000000010001000000
211.167  29 00100000000000010110000100000
218.167  29 00001001000001000010000010000
220.222  29 00000000010001001110001000000
223.111  29 00000000000010010010010000000
228.056  29 00000000001000000010000000100
215.111  29 00101000000000000010001000000
211.111  29 01000001000000000011001000000
213.167  29 00101001000000000010010000000
229.167  29 00100010010000000010001000000
200.222  29 00000011010000001010010000000
222.167  29 00000000010010001011000001000
206.167  29 00110001000000000011000001000
221.167  29 00001100010000000000000000100
227.167  29 00100100000000100011001000000
218.167  29 00001001000000001011001000000
206.167  29 00010001001000000010001000000
208.111  29 00000000010001000010000100000
218.167  29 01010000001000000010000100000
220.222  29 00100000010001000111001000000
218.167  29 00001001001000000010100000000
208.222  29 00000001101001000010000001000
218.111  29 00000000001000100000000000100
220.111  29 00000000000010100010001000000
210.222  29 00001011001000000010100000000
221.167  29 00000001001001000010000010000
208.167  29 01000010001000000010000010000
224.111  29 00000010000010000011001000000
210.111  29 00001000000000010010000100000
230.167  29 00001001001000000010010000000
211.167  29 00000100000001000111000001000
218.167  29 00000010010010000010010000000
214.167  29 00100010010000000010000001000
209.167  29 00010101000000000010100000000
206.222  29 00000010010001001010100000000
233.111  29 01000000010000000011001000000
219.111  29 00001010000000000010010000000
228.167  29 01000100000000010011001000000
227.167  29 01000011000000000011001000000
222.167  29 01100001000000000000000000100
220.222  29 01000100001010000010100000000
215.167  29 00000000010001100000000000100
204.167  29 00010010001000000011001000000
214.167  29 00010110000000000010010000000
215.222  29 00101000010000010011000001000
213.222  29 00010110000000000110100000000
219.222  29 00001011000000001010010000000
220.111  29 01000000000010000011001000000
207.222  29 00000000010001001110010000000
