0.0585 17 00000000000100000000100000000
0.0585 21 00000000000100000010100000000
0.0585 15 00000000000100000010100000000
0.0585 15 00000000000100000010100000000
0.0585 18 00000000000100000010100000000
0.0585 15 00000000000100000010100000000
0.0585 19 00000000000100000010100000000
0.0585 20 00000000000100000010100000000
0.0585 13 00000000000100000000100000000
0.0585 15 00000000000100000010100000000
0.0585 14 00000000000100000010100000000
0.0585 13 00000000000100000000100000000
0.0585 14 00000000000100000010100000000
0.0585 14 00000000000100000010100000000
0.0585 15 00000000000100000010100000000
0.0585 12 00000000000100000010100000000
0.0585 23 00000000000100000010100000000
0.0585 15 00000000000100000000100000000
0.0585 17 00000000000100000010100000000
0.0585 17 00000000000100000010100000000
0.0585 15 00000000000100000000100000000
0.0585 13 00000000000100000000100000000
0.0585 20 00000000000100000010100000000
0.0585 20 00000000000100000010100000000
0.0585 16 00000000000100000000100000000
0.0585 17 00000000000100000010100000000
0.0585 22 00000000000100000010100000000
0.0585 20 00000000000100000000100000000
0.0585 16 00000000000100000000100000000
0.0585 16 00000000000100000000100000000
0.0585 16 00000000000100000010100000000
0.0585 12 00000000000100000010100000000
0.0585 14 00000000000100000010100000000
0.0585 16 00000000000100000010100000000
0.0585 15 00000000000100000010100000000
0.0585 11 00000000000100000000100000000
0.0585 16 00000000000100000010100000000
0.0585 18 00000000000100000000100000000
0.0585 14 00000000000100000000100000000
0.0585 19 00000000000100000010100000000
0.0585 12 00000000000100000000100000000
0.0585 19 00000000000100000010100000000
0.0585 18 00000000000100000010100000000
0.0585 17 00000000000100000010100000000
0.0585 18 00000000000100000010100000000
0.0585 18 00000000000100000010100000000
0.0585 20 00000000000100000000100000000
0.0585 19 00000000000100000010100000000
0.0585 21 00000000000100000010100000000
0.0585 14 00000000000100000000100000000
0.0585 28 00000000000100000010100000000
0.0585 16 00000000000100000010100000000
0.0585 19 00000000000100000010100000000
0.0585 16 00000000000100000000100000000
0.0585 19 00000000000100000010100000000
0.0585 24 00000000000100000010100000000
0.0585 16 00000000000100000010100000000
0.0585 15 00000000000100000010100000000
0.0585 16 00000000000100000010100000000
0.0585 17 00000000000100000010100000000
0.0585 20 00000000000100000010100000000
0.0585 16 00000000000100000010100000000
0.0585 17 00000000000100000010100000000
0.0585 21 00000000000100000010100000000
0.0585 17 00000000000100000010100000000
0.0585 19 00000000000100000000100000000
0.0585 14 00000000000100000000100000000
0.0585 23 00000000000100000010100000000
0.0585 19 00000000000100000010100000000
0.0585 14 00000000000100000010100000000
0.0585 18 00000000000100000010100000000
0.0585 18 00000000000100000000100000000
0.0585 14 00000000000100000000100000000
0.0585 16 00000000000100000010100000000
0.0585 16 00000000000100000010100000000
0.0585 16 00000000000100000010100000000
0.0585 21 00000000000100000010100000000
0.0585 17 00000000000100000010100000000
0.0585 18 00000000000100000000100000000
0.0585 17 00000000000100000010100000000
0.0585 18 00000000000100000010100000000
0.0585 20 00000000000100000010100000000
0.0585 12 00000000000100000010100000000
0.0585 15 00000000000100000010100000000
0.0585 16 00000000000100000000100000000
0.0585 18 00000000000100000010100000000
0.0585 19 00000000000100000010100000000
0.0585 15 00000000000100000010100000000
0.0585 13 00000000000100000010100000000
0.0585 18 00000000000100000010100000000
0.0585 13 00000000000100000000100000000
0.0585 19 00000000000100000010100000000
0.0585 17 00000000000100000010100000000
0.0585 14 00000000000100000000100000000
0.0585 14 00000000000100000010100000000
0.0585 16 00000000000100000010100000000
0.0585 16 00000000000100000000100000000
0.0585 21 00000000000100000010100000000
0.0585 15 00000000000100000000100000000
0.0585 19 00000000000100000010100000000
