119.056  29 00000000000100000000100000000
119.056  29 00000000000100000010100000000
119.056  29 00000000000100000000100000000
119.056  29 00000000000100000010100000000
119.056  29 00000000000100000010100000000
119.056  29 00000000000100000000100000000
119.056  29 00000000000100000000100000000
119.056  29 00000000000100000010100000000
119.056  29 00000000000100000010100000000
119.056  29 00000000000100000010100000000
119.056  29 00000000000100000010100000000
119.056  29 00000000000100000000100000000
119.056  29 00000000000100000000100000000
119.056  29 00000000000100000010100000000
119.056  29 00000000000100000010100000000
119.056  29 00000000000100000000100000000
119.056  29 00000000000100000000100000000
119.056  29 00000000000100000010100000000
119.056  29 00000000000100000010100000000
119.056  29 00000000000100000010100000000
119.056  29 00000000000100000000100000000
119.056  29 00000000000100000010100000000
119.056  29 00000000000100000010100000000
119.056  29 00000000000100000010100000000
119.056  29 00000000000100000000100000000
119.056  29 00000000000100000010100000000
119.056  29 00000000000100000010100000000
119.056  29 00000000000100000010100000000
119.056  29 00000000000100000000100000000
119.056  29 00000000000100000000100000000
119.056  29 00000000000100000010100000000
119.056  29 00000000000100000010100000000
119.056  29 00000000000100000010100000000
119.056  29 00000000000100000000100000000
119.056  29 00000000000100000000100000000
119.056  29 00000000000100000000100000000
119.056  29 00000000000100000010100000000
119.056  29 00000000000100000010100000000
119.056  29 00000000000100000010100000000
119.056  29 00000000000100000000100000000
119.056  29 00000000000100000000100000000
1615.11  29 00000001001000000000000000100
119.056  29 00000000000100000000100000000
119.056  29 00000000000100000000100000000
119.056  29 00000000000100000000100000000
119.056  29 00000000000100000010100000000
119.056  29 00000000000100000010100000000
119.056  29 00000000000100000010100000000
119.056  29 00000000000100000010100000000
119.056  29 00000000000100000010100000000
119.056  29 00000000000100000000100000000
119.056  29 00000000000100000010100000000
119.056  29 00000000000100000010100000000
119.056  29 00000000000100000010100000000
119.056  29 00000000000100000010100000000
119.056  29 00000000000100000000100000000
119.056  29 00000000000100000000100000000
119.056  29 00000000000100000010100000000
119.056  29 00000000000100000000100000000
119.056  29 00000000000100000010100000000
119.056  29 00000000000100000010100000000
1551.11  29 00000000001000010011001000000
119.056  29 00000000000100000000100000000
119.056  29 00000000000100000000100000000
119.056  29 00000000000100000010100000000
119.056  29 00000000000100000010100000000
119.056  29 00000000000100000000100000000
119.056  29 00000000000100000000100000000
119.056  29 00000000000100000010100000000
119.056  29 00000000000100000000100000000
119.056  29 00000000000100000000100000000
119.056  29 00000000000100000010100000000
119.056  29 00000000000100000000100000000
119.056  29 00000000000100000000100000000
119.056  29 00000000000100000010100000000
119.056  29 00000000000100000010100000000
119.056  29 00000000000100000000100000000
119.056  29 00000000000100000010100000000
119.056  29 00000000000100000000100000000
119.056  29 00000000000100000010100000000
119.056  29 00000000000100000010100000000
119.056  29 00000000000100000010100000000
119.056  29 00000000000100000010100000000
119.056  29 00000000000100000000100000000
119.056  29 00000000000100000000100000000
119.056  29 00000000000100000000100000000
119.056  29 00000000000100000010100000000
119.056  29 00000000000100000000100000000
119.056  29 00000000000100000010100000000
119.056  29 00000000000100000000100000000
119.056  29 00000000000100000010100000000
119.056  29 00000000000100000000100000000
119.056  29 00000000000100000010100000000
119.056  29 00000000000100000010100000000
119.056  29 00000000000100000000100000000
119.056  29 00000000000100000010100000000
119.056  29 00000000000100000010100000000
119.056  29 00000000000100000000100000000
119.056  29 00000000000100000000100000000
119.056  29 00000000000100000000100000000
