206.167  29 01000010001000000010000010000
206.167  29 01000010001000000010010000000
206.167  29 01000010001000000010010000000
206.167  29 01000010001000000010010000000
206.167  29 01000010001000000010000010000
206.167  29 01000010001000000010000010000
206.167  29 01000010001000000010010000000
206.167  29 01000010001000000010000010000
206.167  29 01000010001000000010000010000
206.167  29 01000010001000000010000010000
206.167  29 01000010001000000010010000000
206.167  29 01000010001000000010010000000
206.167  29 01000010001000000010010000000
206.167  29 01000010001000000010010000000
206.167  29 01000010001000000010010000000
213.222  29 00001100001010000010000001000
218.167  29 00110000010000000010100000000
206.167  29 01000010001000000010010000000
206.167  29 01000010001000000010000010000
206.167  29 01000010001000000010010000000
206.167  29 01000010001000000010010000000
206.167  29 01000010001000000010000010000
206.167  29 01000010001000000010010000000
206.167  29 01000010001000000010010000000
206.167  29 01000010001000000010010000000
206.167  29 01000010001000000010000010000
206.167  29 01000010001000000010000010000
206.167  29 01000010001000000010010000000
206.167  29 01000010001000000010000010000
213.222  29 00001100100010000010000001000
206.167  29 01000010001000000010010000000
206.167  29 01000010001000000010000010000
206.167  29 01000010001000000010000010000
206.167  29 01000010001000000010000010000
206.167  29 01000010001000000010000010000
206.167  29 01000010001000000010010000000
206.167  29 01000010001000000010010000000
206.167  29 01000010001000000010010000000
206.167  29 01000010001000000010010000000
206.167  29 01000010001000000010010000000
206.167  29 01000010001000000010010000000
206.167  29 01000010001000000010000010000
206.167  29 01000010001000000010010000000
206.167  29 01000010001000000010010000000
206.167  29 01000010001000000010000010000
206.167  29 01000010001000000010000010000
206.167  29 01000010001000000010010000000
206.167  29 01000010001000000010010000000
206.167  29 01000010001000000010010000000
206.167  29 01000010001000000010010000000
206.167  29 01000010001000000010010000000
206.167  29 01000010001000000010010000000
206.167  29 01000010001000000010010000000
206.167  29 01000010001000000010010000000
206.167  29 01000010001000000010010000000
206.167  29 01000010001000000010000010000
206.167  29 01000010001000000010000010000
206.167  29 01000010001000000010000010000
206.167  29 01000010001000000010000010000
206.167  29 01000010001000000010000010000
206.167  29 01000010001000000010000010000
206.167  29 01000010001000000010000010000
206.167  29 01000010001000000010010000000
206.167  29 01000010001000000010010000000
206.167  29 01000010001000000010000010000
206.167  29 01000010001000000010000010000
206.167  29 01000010001000000010000010000
206.167  29 01000010001000000010010000000
206.167  29 01000010001000000010010000000
206.167  29 01000010001000000010010000000
206.167  29 01000010001000000010000010000
206.167  29 01000010001000000010010000000
206.167  29 01000010001000000010000010000
206.167  29 01000010001000000010010000000
206.167  29 01000010001000000010010000000
206.167  29 01000010001000000010000010000
206.167  29 01000010001000000010000010000
206.167  29 01000010001000000010010000000
206.167  29 01000010001000000010000010000
206.167  29 01000010001000000010010000000
206.167  29 01000010001000000010000010000
206.167  29 01000010001000000010010000000
206.167  29 01000010001000000010000010000
206.167  29 01000010001000000010010000000
206.167  29 01000010001000000010000010000
213.222  29 00001100000010000110000001000
206.167  29 01000010001000000010010000000
206.167  29 01000010001000000010010000000
206.167  29 01000010001000000010010000000
206.167  29 01000010001000000010010000000
206.167  29 01000010001000000010010000000
206.167  29 01000010001000000010000010000
206.167  29 01000010001000000010000010000
206.167  29 01000010001000000010000010000
206.167  29 01000010001000000010000010000
206.167  29 01000010001000000010000010000
206.167  29 01000010001000000010010000000
206.167  29 01000010001000000010000010000
206.167  29 01000010001000000010010000000
206.167  29 01000010001000000010010000000
