0.117 17 00000000000100000010100000000
0.117 16 00000000000100000000100000000
0.117 14 00000000000100000000100000000
0.117 19 00000000000100000010100000000
0.117 18 00000000000100000010100000000
0.117 19 00000000000100000010100000000
0.117 12 00000000000100000000100000000
0.117 15 00000000000100000000100000000
0.117 19 00000000000100000000100000000
0.117 17 00000000000100000010100000000
0.117 21 00000000000100000010100000000
0.117 20 00000000000100000010100000000
0.117 21 00000000000100000010100000000
0.117 15 00000000000100000000100000000
0.117 20 00000000000100000000100000000
0.117 16 00000000000100000000100000000
0.117 14 00000000000100000010100000000
0.117 18 00000000000100000010100000000
0.117 19 00000000000100000010100000000
0.117 19 00000000000100000010100000000
0.117 17 00000000000100000010100000000
0.117 19 00000000000100000010100000000
0.117 19 00000000000100000010100000000
0.117 21 00000000000100000010100000000
0.117 13 00000000000100000010100000000
0.117 18 00000000000100000010100000000
0.117 24 00000000000100000010100000000
0.117 16 00000000000100000000100000000
0.117 22 00000000000100000010100000000
0.117 18 00000000000100000000100000000
0.117 20 00000000000100000010100000000
0.117 20 00000000000100000000100000000
0.117 14 00000000000100000000100000000
1.567 14 01000000001000000000000000010
0.117 16 00000000000100000000100000000
0.117 15 00000000000100000010100000000
0.117 19 00000000000100000010100000000
0.117 19 00000000000100000010100000000
0.117 14 00000000000100000000100000000
0.117 20 00000000000100000010100000000
0.117 19 00000000000100000000100000000
0.117 17 00000000000100000010100000000
0.117 16 00000000000100000000100000000
0.117 12 00000000000100000000100000000
0.117 21 00000000000100000010100000000
0.117 15 00000000000100000010100000000
0.117 16 00000000000100000010100000000
0.117 16 00000000000100000010100000000
0.117 13 00000000000100000000100000000
0.117 25 00000000000100000010100000000
0.117 15 00000000000100000000100000000
0.117 14 00000000000100000000100000000
0.117 22 00000000000100000010100000000
0.117 21 00000000000100000010100000000
0.117 24 00000000000100000010100000000
0.117 19 00000000000100000010100000000
0.117 17 00000000000100000010100000000
0.117 18 00000000000100000010100000000
0.117 12 00000000000100000000100000000
0.117 13 00000000000100000000100000000
0.117 25 00000000000100000010100000000
0.117 17 00000000000100000010100000000
0.117 21 00000000000100000010100000000
0.117 18 00000000000100000010100000000
0.117 19 00000000000100000010100000000
0.117 15 00000000000100000000100000000
0.117 23 00000000000100000010100000000
0.117 19 00000000000100000010100000000
0.117 19 00000000000100000010100000000
0.117 18 00000000000100000000100000000
0.117 16 00000000000100000000100000000
0.117 18 00000000000100000000100000000
0.117 18 00000000000100000010100000000
0.117 17 00000000000100000000100000000
0.117 22 00000000000100000010100000000
0.117 15 00000000000100000010100000000
0.117 19 00000000000100000010100000000
0.117 21 00000000000100000010100000000
0.117 16 00000000000100000010100000000
0.117 17 00000000000100000010100000000
0.117 21 00000000000100000010100000000
0.117 19 00000000000100000000100000000
0.117 16 00000000000100000010100000000
0.117 16 00000000000100000010100000000
0.117 24 00000000000100000010100000000
0.117 19 00000000000100000010100000000
0.117 24 00000000000100000010100000000
0.117 14 00000000000100000010100000000
0.117 23 00000000000100000010100000000
0.117 16 00000000000100000000100000000
0.117 18 00000000000100000010100000000
0.117 13 00000000000100000000100000000
0.117 19 00000000000100000010100000000
0.117 16 00000000000100000000100000000
0.117 14 00000000000100000010100000000
0.117 18 00000000000100000010100000000
0.117 22 00000000000100000010100000000
0.117 17 00000000000100000010100000000
0.117 15 00000000000100000010100000000
0.117 15 00000000000100000000100000000
