69.1667  29 10000000000100010011000001000
70.0556  29 00000000000100000000100000000
70.0556  29 00000000000100000010100000000
69.1667  29 10000000000100010011000001000
69.1667  29 10000000000100010011000001000
69.1667  29 10000000000100010011000001000
69.1667  29 10000000000100010011000001000
69.1667  29 10000000000100010011000001000
70.0556  29 00000000000100000000100000000
70.0556  29 00000000000100000000100000000
70.0556  29 00000000000100000010100000000
69.1667  29 10000000000100010011000001000
69.1667  29 10000000000100010011000001000
70.0556  29 00000000000100000000100000000
69.1667  29 10000000000100010011000001000
69.1667  29 10000000000100010011000001000
69.1667  29 10000000000100010011000001000
69.1667  29 10000000000100010011000001000
69.1667  29 10000000000100010011000001000
70.0556  29 00000000000100000010100000000
69.1667  29 10000000000100010011000001000
69.1667  29 10000000000100010011000001000
70.0556  29 00000000000100000000100000000
69.1667  29 10000000000100010011000001000
69.1667  29 10000000000100010011000001000
70.0556  29 00000000000100000000100000000
70.0556  29 00000000000100000010100000000
69.1667  29 10000000000100010011000001000
70.0556  29 00000000000100000010100000000
70.0556  29 00000000000100000000100000000
69.1667  29 10000000000100010011000001000
69.1667  29 10000000000100010011000001000
70.0556  29 00000000000100000010100000000
70.0556  29 00000000000100000000100000000
69.1667  29 10000000000100010011000001000
69.1667  29 10000000000100010011000001000
70.0556  29 00000000000100000010100000000
69.1667  29 10000000000100010011000001000
69.1667  29 10000000000100010011000001000
70.0556  29 00000000000100000010100000000
70.0556  29 00000000000100000010100000000
70.0556  29 00000000000100000010100000000
69.1667  29 10000000000100010011000001000
69.1667  29 10000000000100010011000001000
70.0556  29 00000000000100000010100000000
69.1667  29 10000000000100010011000001000
69.1667  29 10000000000100010011000001000
69.1667  29 10000000000100010011000001000
70.0556  29 00000000000100000000100000000
70.0556  29 00000000000100000010100000000
69.1667  29 10000000000100010011000001000
69.1667  29 10000000000100010011000001000
70.0556  29 00000000000100000010100000000
70.0556  29 00000000000100000010100000000
70.0556  29 00000000000100000010100000000
70.0556  29 00000000000100000000100000000
70.0556  29 00000000000100000010100000000
69.1667  29 10000000000100010011000001000
69.1667  29 10000000000100010011000001000
70.0556  29 00000000000100000010100000000
70.0556  29 00000000000100000000100000000
69.1667  29 10000000000100010011000001000
69.1667  29 10000000000100010011000001000
70.0556  29 00000000000100000010100000000
69.1667  29 10000000000100010011000001000
70.0556  29 00000000000100000010100000000
69.1667  29 10000000000100010011000001000
69.1667  29 10000000000100010011000001000
70.0556  29 00000000000100000000100000000
70.0556  29 00000000000100000010100000000
69.1667  29 10000000000100010011000001000
70.0556  29 00000000000100000010100000000
70.0556  29 00000000000100000000100000000
193.111  29 00000000001000100010001000000
69.1667  29 10000000000100010011000001000
70.0556  29 00000000000100000010100000000
69.1667  29 10000000000100010011000001000
69.1667  29 10000000000100010011000001000
69.1667  29 10000000000100010011000001000
70.0556  29 00000000000100000000100000000
70.0556  29 00000000000100000000100000000
69.1667  29 10000000000100010011000001000
70.0556  29 00000000000100000010100000000
69.1667  29 10000000000100010011000001000
69.1667  29 10000000000100010011000001000
69.1667  29 10000000000100010011000001000
69.1667  29 10000000000100010011000001000
69.1667  29 10000000000100010011000001000
186.111  29 01000000001000000000000000010
70.0556  29 00000000000100000010100000000
70.0556  29 00000000000100000000100000000
69.1667  29 10000000000100010011000001000
69.1667  29 10000000000100010011000001000
69.1667  29 10000000000100010011000001000
69.1667  29 10000000000100010011000001000
70.0556  29 00000000000100000000100000000
69.1667  29 10000000000100010011000001000
70.0556  29 00000000000100000000100000000
70.0556  29 00000000000100000000100000000
70.0556  29 00000000000100000000100000000
