474.167  29 00000010001000100010000100000
470.222  29 00000110010000100010010000000
482.167  29 00100100000000000110010000000
498.167  29 01001010000000000010001000000
458.167  29 00000001000000101010100000000
460.222  29 00010001110000000010000100000
470.222  29 00000001001001100011000001000
479.167  29 00010010001000000010000100000
492.222  29 00111010000000000010010000000
485.167  29 00110000010000000010000100000
469.167  29 00000001010000001010000100000
484.167  29 00000010010000100010000100000
475.167  29 00110000010000000010010000000
470.222  29 00000011010000001010000100000
468.222  29 00000111010000000010100000000
456.111  29 00010100000000000010000100000
486.111  29 00000000000010000110100000000
470.167  29 00000000010000001110000100000
491.222  29 00010111000000000010100000000
476.111  29 00000101000000000010000100000
489.167  29 00100011000000000010100000000
481.222  29 00000110001000100010100000000
468.111  29 00100100000000000010010000000
478.222  29 00010110000000000110100000000
477.222  29 00000110010000100010100000000
481.222  29 00000011110000000010000100000
489.111  29 00000000000010000110100000000
505.222  29 00100100000001000111001000000
486.222  29 01010101000000000011001000000
482.167  29 00000000010001100010100000000
483.167  29 00010100010000000010100000000
474.167  29 00010000001010000010100000000
481.111  29 01000100000000000010010000000
467.222  29 00110100001000000010100000000
495.167  29 00000001010010000010001000000
504.222  29 01000010011000000011001000000
498.167  29 00000001100001000010100000000
485.111  29 00100000000001000010010000000
477.167  29 00100000010000000110010000000
471.222  29 00010010100010000010100000000
480.111  29 00100010000000000010010000000
474.111  29 00100001000000000010000100000
462.167  29 00000101000000100010100000000
458.167  29 00010001010000000010000100000
490.167  29 00100010010000000010000100000
477.222  29 00100010010000000110010000000
469.167  29 00000110010000000010010000000
483.167  29 00000100010000000110000100000
474.167  29 00010001000000100010000100000
475.111  29 00001000001000000010000100000
498.222  29 01000110010000000011001000000
507.167  29 01100000000001000010001000000
490.111  29 00000000000001100010000100000
495.111  29 00010100000000000010010000000
481.222  29 00010011000000100010100000000
486.167  29 00000101010000000010010000000
494.222  29 01010001010000000010001000000
472.278  29 00010001111000000010000100000
485.222  29 00000010010000101010000100000
459.222  29 00010000010000101010100000000
482.167  29 00010011000000000010010000000
499.167  29 00010011000000000010010000000
480.167  29 00000100000010000110000100000
489.167  29 01000010010000000010010000000
458.167  29 00010001000000100010100000000
455.167  29 00100011000000000010100000000
489.222  29 00010010101000000010010000000
476.278  29 01000100010010000111000001000
471.278  29 01001000001001000111000001000
473.222  29 00000100010001100010010000000
500.111  29 00100001000000000010010000000
453.222  29 00010011000000100010100000000
499.222  29 00000111000010000010010000000
489.167  29 00000100000000110010010000000
479.167  29 00100010010000000010010000000
461.111  29 00000110000000000010000100000
471.222  29 00000001011000100010100000000
496.278  29 01000011010010000010001000000
451.222  29 00010010011000000010000100000
492.167  29 00000100000010000110010000000
467.278  29 00110110001000000010100000000
500.222  29 01001000010001000010000010000
478.278  29 00010010111000000010000100000
473.111  29 00010100000000000010000100000
476.167  29 00000001000000101010000100000
481.222  29 00100110010000000010010000000
481.111  29 00000011000000000010000100000
476.222  29 00000110001000100010100000000
465.167  29 00100000010000100010100000000
477.167  29 00000000010001000110100000000
465.111  29 00100010000000000010000100000
463.222  29 00100010001000100010100000000
485.278  29 01010010011000000010001000000
484.222  29 00010100000010000110010000000
460.222  29 01000101000000001011000001000
495.222  29 01000001000001001011001000000
443.222  29 00100100001000100010100000000
465.167  29 00000010001000100010000100000
495.222  29 01000011000001000010001000000
485.278  29 00100110000000100110100000000
