481.167  29 00000001010000001010010000000
481.167  29 00000001010000001010010000000
481.167  29 00000001010000001010010000000
481.167  29 00000001010000001010010000000
481.167  29 00000001010000001010010000000
481.167  29 00000001010000001010010000000
481.167  29 00000001010000001010010000000
481.167  29 00000001010000001010010000000
481.167  29 00000001010000001010010000000
481.167  29 00000001010000001010010000000
481.167  29 00000001010000001010010000000
481.167  29 00000001010000001010010000000
481.167  29 00000001010000001010010000000
481.167  29 00000001010000001010010000000
481.167  29 00000001010000001010010000000
481.167  29 00000001010000001010010000000
481.167  29 00000001010000001010010000000
481.167  29 00000001010000001010010000000
481.167  29 00000001010000001010010000000
481.167  29 00000001010000001010010000000
481.167  29 00000001010000001010010000000
481.167  29 00000001010000001010010000000
481.167  29 00000001010000001010010000000
481.167  29 00000001010000001010010000000
481.167  29 00000001010000001010010000000
481.167  29 00000001010000001010010000000
481.167  29 00000001010000001010010000000
481.167  29 00000001010000001010010000000
481.167  29 00000001010000001010010000000
481.167  29 00000001010000001010010000000
481.167  29 00000001010000001010010000000
506.222  29 00011100010000000010000010000
506.222  29 00011100010000000010000010000
481.167  29 00000001010000001010010000000
481.167  29 00000001010000001010010000000
481.167  29 00000001010000001010010000000
481.167  29 00000001010000001010010000000
481.167  29 00000001010000001010010000000
481.167  29 00000001010000001010010000000
481.167  29 00000001010000001010010000000
481.167  29 00000001010000001010010000000
481.167  29 00000001010000001010010000000
481.167  29 00000001010000001010010000000
481.167  29 00000001010000001010010000000
506.222  29 00011100010000000010000010000
481.167  29 00000001010000001010010000000
481.167  29 00000001010000001010010000000
481.167  29 00000001010000001010010000000
481.167  29 00000001010000001010010000000
481.167  29 00000001010000001010010000000
481.167  29 00000001010000001010010000000
481.167  29 00000001010000001010010000000
481.167  29 00000001010000001010010000000
481.167  29 00000001010000001010010000000
481.167  29 00000001010000001010010000000
481.167  29 00000001010000001010010000000
481.167  29 00000001010000001010010000000
481.167  29 00000001010000001010010000000
481.167  29 00000001010000001010010000000
481.167  29 00000001010000001010010000000
481.167  29 00000001010000001010010000000
481.167  29 00000001010000001010010000000
481.167  29 00000001010000001010010000000
481.167  29 00000001010000001010010000000
481.167  29 00000001010000001010010000000
481.167  29 00000001010000001010010000000
481.167  29 00000001010000001010010000000
481.167  29 00000001010000001010010000000
481.167  29 00000001010000001010010000000
481.167  29 00000001010000001010010000000
481.167  29 00000001010000001010010000000
481.167  29 00000001010000001010010000000
481.167  29 00000001010000001010010000000
481.167  29 00000001010000001010010000000
481.167  29 00000001010000001010010000000
481.167  29 00000001010000001010010000000
481.167  29 00000001010000001010010000000
481.167  29 00000001010000001010010000000
481.167  29 00000001010000001010010000000
481.167  29 00000001010000001010010000000
481.167  29 00000001010000001010010000000
481.167  29 00000001010000001010010000000
481.167  29 00000001010000001010010000000
481.167  29 00000001010000001010010000000
481.167  29 00000001010000001010010000000
481.167  29 00000001010000001010010000000
481.167  29 00000001010000001010010000000
481.167  29 00000001010000001010010000000
481.167  29 00000001010000001010010000000
506.222  29 00011100010000000010000010000
481.167  29 00000001010000001010010000000
481.167  29 00000001010000001010010000000
481.167  29 00000001010000001010010000000
481.167  29 00000001010000001010010000000
481.167  29 00000001010000001010010000000
481.167  29 00000001010000001010010000000
481.167  29 00000001010000001010010000000
481.167  29 00000001010000001010010000000
481.167  29 00000001010000001010010000000
481.167  29 00000001010000001010010000000
