3897.22  29 00000011001001000010001000000
3897.22  29 00000011001001000010001000000
2760.17  29 00000010010100000011000001000
3420.06  29 00000000001000000000000000010
3897.22  29 00000011001001000010001000000
3897.22  29 00000011001001000010001000000
3897.22  29 00000011001001000010001000000
3897.22  29 00000011001001000010001000000
2760.17  29 00000010010100000011000001000
3420.06  29 00000000001000000000000000100
2760.17  29 00000010010100000011000001000
3897.22  29 00000011001001000010001000000
3897.22  29 00000011001001000010001000000
3897.22  29 00000011001001000010001000000
3897.22  29 00000011001001000010001000000
3897.22  29 00000011001001000010001000000
3897.22  29 00000011001001000010001000000
3897.22  29 00000011001001000010001000000
3897.22  29 00000011001001000010001000000
3897.22  29 00000011001001000010001000000
3897.22  29 00000011001001000010001000000
2760.17  29 00000010010100000011000001000
3897.22  29 00000011001001000010001000000
2760.17  29 00000010010100000011000001000
3897.22  29 00000011001001000010001000000
3897.22  29 00000011001001000010001000000
3897.22  29 00000011001001000010001000000
3897.22  29 00000011001001000010001000000
3897.22  29 00000011001001000010001000000
3897.22  29 00000011001001000010001000000
2760.17  29 00000010010100000011000001000
3897.22  29 00000011001001000010001000000
3897.22  29 00000011001001000010001000000
3897.22  29 00000011001001000010001000000
3420.06  29 00000000001000000010000000010
2760.17  29 00000010010100000011000001000
2760.17  29 00000010010100000011000001000
2760.17  29 00000010010100000011000001000
3897.22  29 00000011001001000010001000000
3897.22  29 00000011001001000010001000000
2760.17  29 00000010010100000011000001000
3897.22  29 00000011001001000010001000000
3897.22  29 00000011001001000010001000000
2760.17  29 00000010010100000011000001000
3897.22  29 00000011001001000010001000000
3897.22  29 00000011001001000010001000000
3897.22  29 00000011001001000010001000000
3897.22  29 00000011001001000010001000000
2760.17  29 00000010010100000011000001000
3897.22  29 00000011001001000010001000000
3897.22  29 00000011001001000010001000000
3897.22  29 00000011001001000010001000000
3897.22  29 00000011001001000010001000000
2760.17  29 00000010010100000011000001000
3897.22  29 00000011001001000010001000000
2760.17  29 00000010010100000011000001000
2760.17  29 00000010010100000011000001000
2760.17  29 00000010010100000011000001000
3897.22  29 00000011001001000010001000000
2760.17  29 00000010010100000011000001000
3897.22  29 00000011001001000010001000000
3897.22  29 00000011001001000010001000000
2760.17  29 00000010010100000011000001000
3897.22  29 00000011001001000010001000000
3897.22  29 00000011001001000010001000000
3897.22  29 00000011001001000010001000000
3420.06  29 00000000001000000000000000100
3897.22  29 00000011001001000010001000000
3897.22  29 00000011001001000010001000000
2760.17  29 00000010010100000011000001000
3897.22  29 00000011001001000010001000000
3897.22  29 00000011001001000010001000000
2760.17  29 00000010010100000011000001000
2760.17  29 00000010010100000011000001000
3897.22  29 00000011001001000010001000000
3897.22  29 00000011001001000010001000000
3897.22  29 00000011001001000010001000000
3897.22  29 00000011001001000010001000000
2760.17  29 00000010010100000011000001000
2760.17  29 00000010010100000011000001000
3897.22  29 00000011001001000010001000000
3897.22  29 00000011001001000010001000000
3897.22  29 00000011001001000010001000000
3897.22  29 00000011001001000010001000000
3897.22  29 00000011001001000010001000000
3897.22  29 00000011001001000010001000000
2760.17  29 00000010010100000011000001000
3897.22  29 00000011001001000010001000000
3897.22  29 00000011001001000010001000000
2760.17  29 00000010010100000011000001000
3897.22  29 00000011001001000010001000000
3897.22  29 00000011001001000010001000000
2760.17  29 00000010010100000011000001000
3897.22  29 00000011001001000010001000000
3897.22  29 00000011001001000010001000000
2760.17  29 00000010010100000011000001000
3897.22  29 00000011001001000010001000000
2760.17  29 00000010010100000011000001000
3897.22  29 00000011001001000010001000000
2760.17  29 00000010010100000011000001000
