301.222  29 00010010001000100011001000000
123.111  29 00000000000100010011000001000
123.111  29 00000000000100010011000001000
123.111  29 00000000000100010011000001000
301.222  29 00010010001000100011001000000
123.111  29 00000000000100010011000001000
123.111  29 00000000000100010011000001000
301.222  29 00010010001000100011001000000
123.111  29 00000000000100010011000001000
123.111  29 00000000000100010011000001000
123.111  29 00000000000100010011000001000
123.111  29 00000000000100010011000001000
123.111  29 00000000000100010011000001000
301.222  29 00010010001000100011001000000
123.111  29 00000000000100010011000001000
123.111  29 00000000000100010011000001000
301.222  29 00010010001000100011001000000
301.222  29 00010010001000100011001000000
123.111  29 00000000000100010011000001000
123.111  29 00000000000100010011000001000
123.111  29 00000000000100010011000001000
123.111  29 00000000000100010011000001000
123.111  29 00000000000100010011000001000
123.111  29 00000000000100010011000001000
123.111  29 00000000000100010011000001000
123.111  29 00000000000100010011000001000
123.111  29 00000000000100010011000001000
123.111  29 00000000000100010011000001000
301.222  29 00010010001000100011001000000
301.222  29 00010010001000100011001000000
123.111  29 00000000000100010011000001000
301.222  29 00010010001000100011001000000
123.111  29 00000000000100010011000001000
123.111  29 00000000000100010011000001000
123.111  29 00000000000100010011000001000
123.111  29 00000000000100010011000001000
123.111  29 00000000000100010011000001000
123.111  29 00000000000100010011000001000
123.111  29 00000000000100010011000001000
301.222  29 00010010001000100011001000000
123.111  29 00000000000100010011000001000
123.111  29 00000000000100010011000001000
123.111  29 00000000000100010011000001000
123.111  29 00000000000100010011000001000
123.111  29 00000000000100010011000001000
123.111  29 00000000000100010011000001000
301.222  29 00010010001000100011001000000
123.111  29 00000000000100010011000001000
123.111  29 00000000000100010011000001000
123.111  29 00000000000100010011000001000
301.222  29 00010010001000100011001000000
123.111  29 00000000000100010011000001000
123.111  29 00000000000100010011000001000
123.111  29 00000000000100010011000001000
123.111  29 00000000000100010011000001000
301.222  29 00010010001000100011001000000
123.111  29 00000000000100010011000001000
301.222  29 00010010001000100011001000000
123.111  29 00000000000100010011000001000
123.111  29 00000000000100010011000001000
123.111  29 00000000000100010011000001000
123.111  29 00000000000100010011000001000
123.111  29 00000000000100010011000001000
123.111  29 00000000000100010011000001000
123.111  29 00000000000100010011000001000
123.111  29 00000000000100010011000001000
123.111  29 00000000000100010011000001000
301.222  29 00010010001000100011001000000
301.222  29 00010010001000100011001000000
123.111  29 00000000000100010011000001000
123.111  29 00000000000100010011000001000
301.222  29 00010010001000100011001000000
123.111  29 00000000000100010011000001000
123.111  29 00000000000100010011000001000
123.111  29 00000000000100010011000001000
123.111  29 00000000000100010011000001000
123.111  29 00000000000100010011000001000
271.056  29 00000000001000000010000000010
301.222  29 00010010001000100011001000000
301.222  29 00010010001000100011001000000
123.111  29 00000000000100010011000001000
123.111  29 00000000000100010011000001000
123.111  29 00000000000100010011000001000
301.222  29 00010010001000100011001000000
123.111  29 00000000000100010011000001000
123.111  29 00000000000100010011000001000
123.111  29 00000000000100010011000001000
123.111  29 00000000000100010011000001000
301.222  29 00010010001000100011001000000
301.222  29 00010010001000100011001000000
301.222  29 00010010001000100011001000000
301.222  29 00010010001000100011001000000
271.056  29 00000000001000000010000000100
123.111  29 00000000000100010011000001000
123.111  29 00000000000100010011000001000
123.111  29 00000000000100010011000001000
301.222  29 00010010001000100011001000000
123.111  29 00000000000100010011000001000
301.222  29 00010010001000100011001000000
123.111  29 00000000000100010011000001000
