1335.06  29 00000000000100000010100000000
1271.11  29 00000000000100010011000001000
2588.22  29 00010010001000100011001000000
1271.11  29 00000000000100010011000001000
1335.06  29 00000000000100000000100000000
1271.11  29 00000000000100010011000001000
2389.06  29 00000000001000000000000000100
1271.11  29 00000000000100010011000001000
1335.06  29 00000000000100000010100000000
1271.11  29 00000000000100010011000001000
2588.22  29 00010010001000100011001000000
2588.22  29 00010010001000100011001000000
2588.22  29 00010010001000100011001000000
1271.11  29 00000000000100010011000001000
1271.11  29 00000000000100010011000001000
1271.11  29 00000000000100010011000001000
1271.11  29 00000000000100010011000001000
1271.11  29 00000000000100010011000001000
1271.11  29 00000000000100010011000001000
1271.11  29 00000000000100010011000001000
1335.06  29 00000000000100000010100000000
1271.11  29 00000000000100010011000001000
2588.22  29 00010010001000100011001000000
2588.22  29 00010010001000100011001000000
2588.22  29 00010010001000100011001000000
1271.11  29 00000000000100010011000001000
1271.11  29 00000000000100010011000001000
1271.11  29 00000000000100010011000001000
1271.11  29 00000000000100010011000001000
1271.11  29 00000000000100010011000001000
2588.22  29 00010010001000100011001000000
2588.22  29 00010010001000100011001000000
1271.11  29 00000000000100010011000001000
1271.11  29 00000000000100010011000001000
1271.11  29 00000000000100010011000001000
1335.06  29 00000000000100000000100000000
1271.11  29 00000000000100010011000001000
1271.11  29 00000000000100010011000001000
1271.11  29 00000000000100010011000001000
1271.11  29 00000000000100010011000001000
2588.22  29 00010010001000100011001000000
2588.22  29 00010010001000100011001000000
1271.11  29 00000000000100010011000001000
1335.06  29 00000000000100000010100000000
1271.11  29 00000000000100010011000001000
1335.06  29 00000000000100000010100000000
1271.11  29 00000000000100010011000001000
1271.11  29 00000000000100010011000001000
1271.11  29 00000000000100010011000001000
1271.11  29 00000000000100010011000001000
1271.11  29 00000000000100010011000001000
1271.11  29 00000000000100010011000001000
1271.11  29 00000000000100010011000001000
2588.22  29 00010010001000100011001000000
1335.06  29 00000000000100000010100000000
1335.06  29 00000000000100000010100000000
1271.11  29 00000000000100010011000001000
1271.11  29 00000000000100010011000001000
2588.22  29 00010010001000100011001000000
1335.06  29 00000000000100000010100000000
1271.11  29 00000000000100010011000001000
1335.06  29 00000000000100000010100000000
1271.11  29 00000000000100010011000001000
1271.11  29 00000000000100010011000001000
2588.22  29 00010010001000100011001000000
1271.11  29 00000000000100010011000001000
2588.22  29 00010010001000100011001000000
2588.22  29 00010010001000100011001000000
1271.11  29 00000000000100010011000001000
2588.22  29 00010010001000100011001000000
1271.11  29 00000000000100010011000001000
1335.06  29 00000000000100000010100000000
1271.11  29 00000000000100010011000001000
1335.06  29 00000000000100000010100000000
1271.11  29 00000000000100010011000001000
1271.11  29 00000000000100010011000001000
1335.06  29 00000000000100000000100000000
1271.11  29 00000000000100010011000001000
1335.06  29 00000000000100000000100000000
1271.11  29 00000000000100010011000001000
1271.11  29 00000000000100010011000001000
1271.11  29 00000000000100010011000001000
1271.11  29 00000000000100010011000001000
1271.11  29 00000000000100010011000001000
1271.11  29 00000000000100010011000001000
2588.22  29 00010010001000100011001000000
1271.11  29 00000000000100010011000001000
1271.11  29 00000000000100010011000001000
2588.22  29 00010010001000100011001000000
1271.11  29 00000000000100010011000001000
2588.22  29 00010010001000100011001000000
1271.11  29 00000000000100010011000001000
1271.11  29 00000000000100010011000001000
1271.11  29 00000000000100010011000001000
1271.11  29 00000000000100010011000001000
1271.11  29 00000000000100010011000001000
1271.11  29 00000000000100010011000001000
2588.22  29 00010010001000100011001000000
1271.11  29 00000000000100010011000001000
1271.11  29 00000000000100010011000001000
