131.111  29 00000000000100010011000001000
213.056  29 00000000000100000000100000000
120.111  29 00000000000100010011000001000
289.056  29 00000000001000000000000000010
330.222  29 00010000001001100011001000000
123.111  29 00000000000100010011000001000
112.111  29 00000000000100010011000001000
136.111  29 00000000000100010011000001000
129.111  29 00000000000100010011000001000
110.111  29 00000000000100010011000001000
138.111  29 00000000000100010011000001000
199.056  29 00000000000100000000100000000
357.111  29 00010000001000000011000000010
354.167  29 00001000001000100011000000010
131.111  29 00000000000100010011000001000
301.222  29 00010010001000100011001000000
342.167  29 01000000001000100011000000010
364.222  29 00010010001000100011001000000
129.111  29 00000000000100010011000001000
112.111  29 00000000000100010011000001000
145.111  29 00000000000100010011000001000
117.111  29 00000000000100010011000001000
133.111  29 00000000000100010011000001000
284.056  29 00000000001000000000000000100
336.222  29 00010010001000100011001000000
116.111  29 00000000000100010011000001000
123.111  29 00000000000100010011000001000
122.111  29 00000000000100010011000001000
125.111  29 00000000000100010011000001000
370.222  29 00000010001001100011001000000
121.111  29 00000000000100010011000001000
114.111  29 00000000000100010011000001000
326.222  29 00010010001000100011001000000
343.222  29 00000000001001110011001000000
142.111  29 00000000000100010011000001000
130.111  29 00000000000100010011000001000
324.278  29 00010010001001100011001000000
113.111  29 00000000000100010011000001000
133.111  29 00000000000100010011000001000
117.111  29 00000000000100010011000001000
123.111  29 00000000000100010011000001000
290.222  29 00010010001000100011001000000
118.111  29 00000000000100010011000001000
333.222  29 00010010001000100011001000000
135.111  29 00000000000100010011000001000
117.111  29 00000000000100010011000001000
335.222  29 00010000001001100011001000000
126.111  29 00000000000100010011000001000
131.111  29 00000000000100010011000001000
125.111  29 00000000000100010011000001000
320.278  29 00010010001001100011001000000
128.111  29 00000000000100010011000001000
136.111  29 00000000000100010011000001000
134.111  29 00000000000100010011000001000
131.111  29 00000000000100010011000001000
304.222  29 00010010001001000011001000000
141.111  29 00000000000100010011000001000
122.111  29 00000000000100010011000001000
122.111  29 00000000000100010011000001000
118.111  29 00000000000100010011000001000
122.111  29 00000000000100010011000001000
325.222  29 00010010001000100011001000000
141.111  29 00000000000100010011000001000
304.278  29 00011010001000100011001000000
153.111  29 00000000000100010011000001000
128.111  29 00000000000100010011000001000
123.111  29 00000000000100010011000001000
330.222  29 00010010001000100011001000000
127.111  29 00000000000100010011000001000
141.111  29 00000000000100010011000001000
97.1111  29 00000000000100010011000001000
135.111  29 00000000000100010011000001000
277.056  29 00000000001000000000000000100
296.222  29 00010010001000100011001000000
136.111  29 00000000000100010011000001000
118.111  29 00000000000100010011000001000
125.111  29 00000000000100010011000001000
115.111  29 00000000000100010011000001000
134.111  29 00000000000100010011000001000
138.111  29 00000000000100010011000001000
129.111  29 00000000000100010011000001000
117.111  29 00000000000100010011000001000
113.111  29 00000000000100010011000001000
113.111  29 00000000000100010011000001000
296.222  29 00010000001001100011001000000
134.111  29 00000000000100010011000001000
117.111  29 00000000000100010011000001000
131.111  29 00000000000100010011000001000
117.111  29 00000000000100010011000001000
131.111  29 00000000000100010011000001000
311.222  29 00000010001001100011001000000
121.111  29 00000000000100010011000001000
125.111  29 00000000000100010011000001000
130.111  29 00000000000100010011000001000
124.111  29 00000000000100010011000001000
119.111  29 00000000000100010011000001000
122.111  29 00000000000100010011000001000
122.111  29 00000000000100010011000001000
130.111  29 00000000000100010011000001000
121.111  29 00000000000100010011000001000
