4022.17  29 00011100000000000010010000000
4022.17  29 00011100000000000010010000000
4022.17  29 00011100000000000010010000000
4031.22  29 00000010000001101010010000000
4022.17  29 00011100000000000010010000000
4022.17  29 00011100000000000010010000000
4050.22  29 00001100000010010011001000000
4022.17  29 00011100000000000010010000000
4022.17  29 00011100000000000010010000000
4022.17  29 00011100000000000010010000000
4022.17  29 00011100000000000010010000000
4050.22  29 00001100000010010010001000000
4022.17  29 00011100000000000010010000000
4031.22  29 00000010000001101010010000000
4022.17  29 00011100000000000010010000000
4022.22  29 00011100001000000010010000000
4031.22  29 00000010000001101010010000000
4022.17  29 00011100000000000010010000000
4022.17  29 00011100000000000010010000000
4042.28  29 01110101000000000010010000000
4022.17  29 00011100000000000010010000000
4022.17  29 00011100000000000010010000000
4022.17  29 00011100000000000010010000000
4031.22  29 00000010000001101010010000000
4031.22  29 00000010000001101010010000000
4031.22  29 00000010000001101010010000000
4022.17  29 00011100000000000010010000000
4031.22  29 00000010000001101010010000000
4033.11  29 00000001000000001000000000010
4022.17  29 00011100000000000010010000000
4022.17  29 00011100000000000010010000000
4022.17  29 00011100000000000010010000000
4022.17  29 00011100000000000010010000000
4031.22  29 00000010000001101010010000000
4022.17  29 00011100000000000010010000000
4042.28  29 01110101000000000010010000000
4022.17  29 00011100000000000010010000000
4022.17  29 00011100000000000010010000000
4022.17  29 00011100000000000010010000000
4042.28  29 01110101000000000010010000000
4050.22  29 00001100000010010010001000000
4022.17  29 00011100000000000010010000000
4022.17  29 00011100000000000010010000000
4022.17  29 00011100000000000010010000000
4031.22  29 00000010000001101010010000000
4022.17  29 00011100000000000010010000000
4022.17  29 00011100000000000010010000000
4031.22  29 00000010000001101010010000000
4022.17  29 00011100000000000010010000000
4022.17  29 00011100000000000010010000000
4022.17  29 00011100000000000010010000000
4022.17  29 00011100000000000010010000000
4050.22  29 00001100000010010010001000000
4022.17  29 00011100000000000010010000000
4022.17  29 00011100000000000010010000000
4031.22  29 00000010000001101010010000000
4022.17  29 00011100000000000010010000000
4022.17  29 00011100000000000010010000000
4022.17  29 00011100000000000010010000000
4022.17  29 00011100000000000010010000000
4031.22  29 00000010000001101010010000000
4022.17  29 00011100000000000010010000000
4022.17  29 00011100000000000010010000000
4022.17  29 00011100000000000010010000000
4031.22  29 00000010000001101010010000000
4022.17  29 00011100000000000010010000000
4022.17  29 00011100000000000010010000000
4022.17  29 00011100000000000010010000000
4022.17  29 00011100000000000010010000000
4022.17  29 00011100000000000010010000000
4022.17  29 00011100000000000010010000000
4031.22  29 00000010000001101010010000000
4031.22  29 00000010000001101010010000000
4022.17  29 00011100000000000010010000000
4022.17  29 00011100000000000010010000000
4031.22  29 00000010000001101010010000000
4022.17  29 00011100000000000010010000000
4022.17  29 00011100000000000010010000000
4022.17  29 00011100000000000010010000000
4022.17  29 00011100000000000010010000000
4022.17  29 00011100000000000010010000000
4022.17  29 00011100000000000010010000000
4022.17  29 00011100000000000010010000000
4022.17  29 00011100000000000010010000000
4022.17  29 00011100000000000010010000000
4022.17  29 00011100000000000010010000000
4022.17  29 00011100000000000010010000000
4022.17  29 00011100000000000010010000000
4022.17  29 00011100000000000010010000000
4031.22  29 00000010000001101010010000000
4022.17  29 00011100000000000010010000000
4031.22  29 00000010000001101010010000000
4022.17  29 00011100000000000010010000000
4022.17  29 00011100000000000010010000000
4042.28  29 01110101000000000010010000000
4022.17  29 00011100000000000010010000000
4022.17  29 00011100000000000010010000000
4022.17  29 00011100000000000010010000000
4022.17  29 00011100000000000010010000000
4022.17  29 00011100000000000010010000000
