467.278  29 00100011001001000011001000000
460.278  29 11100000001001000011001000000
471.222  29 00001001001001000011001000000
465.278  29 11000101001000000011001000000
472.222  29 00001010001001000011001000000
458.222  29 00000001001001100011001000000
399.056  29 00000000001000000010000000100
480.222  29 00011000001001000011001000000
350.167  29 00000010010100000011000001000
457.222  29 01000000011001000011001000000
290.167  29 00000010010100000011000001000
359.167  29 00010000010100000011000001000
416.167  29 00000000000101000111000001000
341.167  29 00000000010100010011000001000
451.222  29 00100110100000000010100000000
337.167  29 00010000010100000011000001000
472.278  29 00110010011000000011001000000
330.167  29 00000010010100000011000001000
266.167  29 00010000010100000011000001000
329.167  29 00010000010100000011000001000
354.167  29 00000010010100000011000001000
316.167  29 00000010010100000011000001000
475.222  29 00100000001001100011001000000
328.167  29 00000000010100010011000001000
357.167  29 00010000000100010011000001000
487.222  29 00101001001000000011001000000
343.167  29 00010000010100000011000001000
458.278  29 01010010011000000011001000000
460.222  29 00001001011000000011001000000
342.167  29 00010000010100000011000001000
463.222  29 00011100001000000011001000000
473.333  29 00000011011001100011001000000
353.167  29 00010000010100000011000001000
460.222  29 00000000001001100111001000000
318.167  29 00000010010100000011000001000
394.111  29 00000000000101000011100000000
462.222  29 01000000011001000011001000000
323.167  29 00000000010100010011000001000
465.278  29 00000001111001000010001000000
294.167  29 00000010010100000011000001000
373.167  29 00000010000100010011000001000
476.222  29 00000000001010110011001000000
477.278  29 00010010011000100010001000000
337.167  29 00000000010100010011000001000
343.167  29 00000010010100000011000001000
479.278  29 00100010001001000111001000000
457.278  29 00000011011001000011001000000
464.278  29 00000011011000100011001000000
351.167  29 00010000000100010011000001000
464.278  29 00000101001000101011001000000
444.278  29 00000010011001100011001000000
460.222  29 00010001001000100011001000000
335.167  29 00010000010100000011000001000
480.278  29 00111000011000000011001000000
342.167  29 00000000010101000011000001000
476.222  29 00000011001001000011001000000
452.278  29 00001000011001100011001000000
342.167  29 00000010010100000011000001000
470.278  29 01000001001001010011001000000
342.167  29 00000010010100000011000001000
456.278  29 01000010001001010011001000000
465.056  29 00000000001000000000000000100
451.222  29 00000010001001100011001000000
427.111  29 00000000001000000110000000100
460.222  29 00101000011000000011001000000
328.167  29 00000010000100010011000001000
335.167  29 00000000010100010011000001000
464.222  29 00001000001001000111001000000
343.167  29 00010000000100010011000001000
345.167  29 00010000010100000011000001000
476.167  29 01000000001001000011001000000
451.278  29 00011011001000000011001000000
475.222  29 01000000001010010011001000000
316.167  29 00010000010100000011000001000
478.278  29 01010010011000000011001000000
305.167  29 00000000010100010011000001000
457.222  29 00001001001001000011001000000
457.167  29 00100101000000000010100000000
468.222  29 00001000101001000011001000000
329.167  29 00000010010100000011000001000
482.278  29 01000011001000010011001000000
310.167  29 00010000010100000011000001000
477.222  29 01011000001000000011001000000
460.278  29 00000010011001000111001000000
336.167  29 00010000010100000011000001000
319.167  29 00010000000100010011000001000
330.167  29 00000000010100010011000001000
346.167  29 00000010000100010011000001000
323.167  29 00010000010100000011000001000
299.167  29 00000010010100000011000001000
347.167  29 00000010010100000011000001000
484.278  29 01010001011000000011001000000
457.222  29 00001010001001000011001000000
481.222  29 00011000011000000011001000000
319.167  29 00000000010100010011000001000
449.278  29 01010011001000000011001000000
342.167  29 00000010010100000011000001000
477.278  29 00001000011001000111001000000
472.278  29 00100010001001000111001000000
454.278  29 00100010011000100011001000000
