765.111  29 00000100001000000000000000010
739.222  29 00010010000100100010100000000
775.111  29 00100000010000000000000000010
785.222  29 00010010000000100110100000000
782.111  29 00010000001000000000000000100
629.111  29 11000000000000000001001000000
774.222  29 00010010000100100010100000000
781.167  29 00000010010000100000000000010
764.111  29 00000100000000000110000000100
735.222  29 00010010000000100110100000000
756.111  29 00000100000000000110000000100
712.111  29 01000000000000000111000001000
770.111  29 00000000000000001110000000010
783.167  29 00000010100000100010100000000
768.111  29 00010001000000000000000000010
616.056  29 10000000000000000011010000000
761.111  29 00000100001000000000000000010
771.167  29 00000010000100100010100000000
752.222  29 00100100000000110011000010000
700.222  29 00010010100000100010100000000
567.056  29 10000000000000000011010000000
740.222  29 00010010000100100010100000000
649.056  29 10000000000000000001000010000
758.111  29 00000100010000000000000000100
763.167  29 01010000010000000000000000100
745.222  29 01001010000000000111000001000
749.111  29 00000100000000000110000000100
726.222  29 00010010000000100110100000000
783.167  29 00000000100001100010100000000
751.222  29 00010010000000100110100000000
746.111  29 00100000000000000110000000100
616.056  29 10000000000000000011010000000
775.167  29 00000100100001000010100000000
746.111  29 00000000000010000110100000000
747.167  29 00010000000100100010100000000
766.111  29 00000100010000000000000000100
763.167  29 00000100100000010010000000100
773.167  29 00010001000000100000000000010
621.056  29 10000000000000000001010000000
740.167  29 00011000100000000010100000000
748.111  29 00100000000000000110000000010
775.111  29 00000100001000000000000000010
773.167  29 00000101000010000000000000010
780.111  29 00000000000000001110000000010
785.167  29 00001000001001000000000000100
652.056  29 10000000000000000011000010000
667.056  29 10000000000000000001000010000
764.167  29 00000100001010000000000000100
770.111  29 00000100010000000000000000010
755.222  29 00010010000100100010100000000
765.278  29 01101000000000100101000010000
779.111  29 00000000010000001000000000010
730.222  29 00110000100000100010100000000
742.167  29 00000000000101100010100000000
788.111  29 00000100001000000000000000010
730.222  29 00010010100000100010100000000
729.222  29 00010000000000101110100000000
739.222  29 00010010000000100110100000000
747.111  29 00000000000000001110000000010
759.222  29 00010010000100100010100000000
538.056  29 10000000000000000001010000000
779.167  29 01000010000000000110100000000
763.167  29 00000000000101100010100000000
755.167  29 00000000100001100010100000000
781.111  29 00100000000000000110000000010
759.167  29 00000000001001100000000000100
755.167  29 00000011000000100000000000010
761.278  29 00110010000000100110100000000
775.278  29 01000100000001100101000010000
639.111  29 10001000000000000001001000000
756.222  29 00000010000000101110100000000
735.222  29 00010010000000100110100000000
747.167  29 00000100000100010010000000010
764.222  29 00100010000100100010100000000
740.167  29 00000000000101100010100000000
761.222  29 00000010100001100010100000000
783.167  29 00010000000110000010100000000
768.222  29 00010010100000100010100000000
756.111  29 00000100000000000110000000100
788.278  29 00000100100010110010100000000
762.222  29 00010010100000100010100000000
741.167  29 00000010000100100010100000000
749.111  29 00000101000000000000000000100
749.111  29 00001000000000000111000001000
756.167  29 00001000000100010010100000000
780.111  29 00100000001000000000000000100
746.167  29 00010000000000100110100000000
775.111  29 00000001000000100000000000010
763.167  29 00000010100000100010100000000
617.056  29 10000000000000000011010000000
767.167  29 00000000100001100010100000000
741.167  29 00010000000100100010100000000
721.167  29 00010000100000100010100000000
760.167  29 01000000000000010110100000000
758.222  29 00010010100000100010100000000
763.167  29 00000000010001100000000000100
773.167  29 00000100010010000000000000100
777.167  29 00011000010000000000000000100
767.167  29 01000000010001000000000000100
737.167  29 00010000000100100010100000000
