742.222  29 00000010000100101010100000000
742.222  29 00000010000000101110100000000
742.222  29 00000010000100101010100000000
789.222  29 01000010010000100001000001000
742.222  29 00000010100000101010100000000
742.222  29 00000010000000101110100000000
742.222  29 00000010100000101010100000000
742.222  29 00000010000000101110100000000
742.222  29 00000010000000101110100000000
742.222  29 00000010000000101110100000000
577.056  29 10000000000000000001010000000
742.222  29 00000010100000101010100000000
742.222  29 00000010000100101010100000000
742.222  29 00000010000000101110100000000
577.056  29 10000000000000000011010000000
742.222  29 00000010000100101010100000000
742.222  29 00000010000100101010100000000
742.222  29 00000010100000101010100000000
742.222  29 00000010100000101010100000000
577.056  29 10000000000000000011010000000
577.056  29 10000000000000000001010000000
742.222  29 00000010000000101110100000000
577.056  29 10000000000000000011010000000
742.222  29 00000010100000101010100000000
577.056  29 10000000000000000001010000000
577.056  29 10000000000000000001010000000
793.222  29 00001010001010000000000000100
742.222  29 00000010000000101110100000000
742.222  29 00000010000100101010100000000
742.222  29 00000010100000101010100000000
742.222  29 00000010000100101010100000000
577.056  29 10000000000000000001010000000
742.222  29 00000010000100101010100000000
742.222  29 00000010000100101010100000000
789.222  29 01000011000000100001000001000
742.222  29 00000010100000101010100000000
577.056  29 10000000000000000001010000000
742.222  29 00000010000100101010100000000
742.222  29 00000010000100101010100000000
577.056  29 10000000000000000011010000000
577.056  29 10000000000000000011010000000
742.222  29 00000010100000101010100000000
742.222  29 00000010100000101010100000000
742.222  29 00000010100000101010100000000
742.222  29 00000010000100101010100000000
742.222  29 00000010000000101110100000000
577.056  29 10000000000000000001010000000
742.222  29 00000010000000101110100000000
742.222  29 00000010000100101010100000000
577.056  29 10000000000000000001010000000
742.222  29 00000010000000101110100000000
742.222  29 00000010000100101010100000000
742.222  29 00000010000000101110100000000
742.222  29 00000010000100101010100000000
742.222  29 00000010000100101010100000000
793.167  29 00000001000011000000000000010
742.222  29 00000010000100101010100000000
577.056  29 10000000000000000001010000000
577.056  29 10000000000000000011010000000
742.222  29 00000010000100101010100000000
742.222  29 00000010000100101010100000000
577.056  29 10000000000000000001010000000
577.056  29 10000000000000000011010000000
742.222  29 00000010100000101010100000000
742.222  29 00000010000100101010100000000
742.222  29 00000010100000101010100000000
742.222  29 00000010000000101110100000000
742.222  29 00000010000100101010100000000
577.056  29 10000000000000000001010000000
577.056  29 10000000000000000011010000000
577.056  29 10000000000000000011010000000
577.056  29 10000000000000000001010000000
742.222  29 00000010000100101010100000000
742.222  29 00000010000000101110100000000
742.222  29 00000010000000101110100000000
742.222  29 00000010100000101010100000000
742.222  29 00000010000000101110100000000
742.222  29 00000010000100101010100000000
742.222  29 00000010000100101010100000000
742.222  29 00000010000000101110100000000
742.222  29 00000010000100101010100000000
577.056  29 10000000000000000001010000000
742.222  29 00000010000100101010100000000
742.222  29 00000010100000101010100000000
742.222  29 00000010100000101010100000000
742.222  29 00000010000100101010100000000
577.056  29 10000000000000000001010000000
742.222  29 00000010000000101110100000000
742.222  29 00000010100000101010100000000
742.222  29 00000010000100101010100000000
742.222  29 00000010000100101010100000000
742.222  29 00000010000100101010100000000
742.222  29 00000010100000101010100000000
742.222  29 00000010100000101010100000000
742.222  29 00000010000100101010100000000
577.056  29 10000000000000000001010000000
772.167  29 00000100000001000111000000010
742.222  29 00000010000100101010100000000
742.222  29 00000010100000101010100000000
742.222  29 00000010100000101010100000000
