773.167  29 00001100000000000110100000000
653.056  29 10000000000000000011000010000
653.056  29 10000000000000000001000010000
770.167  29 00001001000010000000000000100
773.167  29 00001100000000000110100000000
773.167  29 00001100100000000010100000000
653.056  29 10000000000000000011000010000
740.222  29 01001100000000000111000001000
770.167  29 00001000010010000000000000100
770.167  29 00001001000010000000000000010
653.056  29 10000000000000000001000010000
773.167  29 00001100100000000010100000000
770.167  29 00001000010010000000000000010
740.222  29 01001100000000000111000001000
653.056  29 10000000000000000011000010000
773.167  29 00001100100000000010100000000
653.056  29 10000000000000000011000010000
773.167  29 00001100100000000010100000000
773.167  29 00001100000100000010100000000
773.167  29 00001100100000000010100000000
773.167  29 00001100100000000010100000000
773.167  29 00001100100000000010100000000
773.167  29 00001100100000000010100000000
653.056  29 10000000000000000001000010000
770.167  29 00001001000010000000000000010
773.167  29 00001100100000000010100000000
653.056  29 10000000000000000011000010000
773.167  29 00001100000100000010100000000
653.056  29 10000000000000000011000010000
740.222  29 01001100000000000111000001000
770.167  29 00001000010010000000000000010
653.056  29 10000000000000000011000010000
653.056  29 10000000000000000001000010000
773.167  29 00001100000100000010100000000
740.222  29 01001100000000000111000001000
790.167  29 00100000000100010010000000010
773.167  29 00001100100000000010100000000
773.167  29 00001100000100000010100000000
773.167  29 00001100000100000010100000000
770.167  29 00001000001010000000000000100
770.167  29 00001001000010000000000000010
773.167  29 00001100000000000110100000000
773.167  29 00001100000100000010100000000
653.056  29 10000000000000000001000010000
653.056  29 10000000000000000001000010000
653.056  29 10000000000000000011000010000
770.167  29 00001000001010000000000000010
773.167  29 00001100100000000010100000000
653.056  29 10000000000000000011000010000
740.222  29 01001100000000000111000001000
773.167  29 00001100000000000110100000000
773.167  29 00001100000100000010100000000
773.167  29 00001100000100000010100000000
740.222  29 01001100000000000111000001000
773.167  29 00001100000100000010100000000
773.167  29 00001100000000000110100000000
653.056  29 10000000000000000011000010000
653.056  29 10000000000000000011000010000
773.167  29 00001100000000000110100000000
773.167  29 00001100000100000010100000000
740.222  29 01001100000000000111000001000
773.167  29 00001100000000000110100000000
773.167  29 00001100000100000010100000000
773.167  29 00001100100000000010100000000
773.167  29 00001100100000000010100000000
740.222  29 01001100000000000111000001000
770.167  29 00001000001010000000000000100
773.167  29 00001100100000000010100000000
653.056  29 10000000000000000011000010000
773.167  29 00001100000100000010100000000
653.056  29 10000000000000000011000010000
773.167  29 00001100100000000010100000000
653.056  29 10000000000000000001000010000
653.056  29 10000000000000000011000010000
653.056  29 10000000000000000011000010000
653.056  29 10000000000000000001000010000
740.222  29 01001100000000000111000001000
773.167  29 00001100100000000010100000000
740.222  29 01001100000000000111000001000
740.222  29 01001100000000000111000001000
653.056  29 10000000000000000001000010000
773.167  29 00001100000100000010100000000
770.167  29 00001001000010000000000000100
770.167  29 00001001000010000000000000100
773.167  29 00001100100000000010100000000
653.056  29 10000000000000000001000010000
773.167  29 00001100000000000110100000000
770.167  29 00001000001010000000000000100
773.167  29 00001100000100000010100000000
653.056  29 10000000000000000001000010000
770.167  29 00001000010010000000000000100
773.167  29 00001100000100000010100000000
773.167  29 00001100000000000110100000000
770.167  29 00001001000010000000000000010
653.056  29 10000000000000000001000010000
770.167  29 00001000010010000000000000100
653.056  29 10000000000000000011000010000
740.222  29 01001100000000000111000001000
773.167  29 00001100100000000010100000000
653.056  29 10000000000000000001000010000
