6735.22  29 00100100000000100110100000000
6735.22  29 00100100100000100010100000000
5415.06  29 10000000000000000011000010000
6735.22  29 00100100000100100010100000000
5415.06  29 10000000000000000001000010000
6735.22  29 00100100000100100010100000000
6779.17  29 00000000010010100000000000100
5415.06  29 10000000000000000001000010000
5415.06  29 10000000000000000001000010000
6735.22  29 00100100000100100010100000000
6779.17  29 00000001000010100000000000100
6779.17  29 00000000010010100000000000100
5415.06  29 10000000000000000001000010000
6779.17  29 00000000001010100000000000100
5415.06  29 10000000000000000011000010000
6735.22  29 00100100100000100010100000000
6735.22  29 00100100000100100010100000000
6779.17  29 00000000010010100000000000010
6735.22  29 00100100000000100110100000000
6779.17  29 00000000001010100000000000010
5415.06  29 10000000000000000001000010000
6779.17  29 00000000001010100000000000010
6735.22  29 00100100100000100010100000000
6735.22  29 00100100000000100110100000000
6735.22  29 00100100000100100010100000000
6779.17  29 00000000010010100000000000100
5415.06  29 10000000000000000011000010000
6735.22  29 00100100000000100110100000000
5415.06  29 10000000000000000011000010000
6779.17  29 00000000001010100000000000010
6735.22  29 00100100000100100010100000000
6735.22  29 00100100000100100010100000000
5415.06  29 10000000000000000001000010000
5415.06  29 10000000000000000001000010000
6800.11  29 00000000000100010010000000100
6735.22  29 00100100000100100010100000000
6735.22  29 00100100100000100010100000000
6799.17  29 00000010001001000000000000010
6735.22  29 00100100000000100110100000000
6779.17  29 00000001000010100000000000100
5415.06  29 10000000000000000001000010000
5415.06  29 10000000000000000001000010000
6735.22  29 00100100100000100010100000000
5415.06  29 10000000000000000001000010000
6735.22  29 00100100000000100110100000000
6735.22  29 00100100000000100110100000000
6779.17  29 00000000001010100000000000100
6779.17  29 00000000001010100000000000100
6779.17  29 00000000010010100000000000010
5415.06  29 10000000000000000011000010000
6735.22  29 00100100000100100010100000000
6779.17  29 00000001000010100000000000100
6735.22  29 00100100100000100010100000000
6779.17  29 00000000010010100000000000010
6735.22  29 00100100100000100010100000000
6735.22  29 00100100000000100110100000000
6735.22  29 00100100000100100010100000000
5415.06  29 10000000000000000011000010000
6735.22  29 00100100000100100010100000000
6735.22  29 00100100000000100110100000000
6779.17  29 00000000010010100000000000100
5415.06  29 10000000000000000001000010000
6735.22  29 00100100100000100010100000000
5415.06  29 10000000000000000011000010000
5415.06  29 10000000000000000001000010000
6779.17  29 00000000001010100000000000010
6735.22  29 00100100100000100010100000000
6735.22  29 00100100100000100010100000000
5415.06  29 10000000000000000001000010000
6779.17  29 00000000001010100000000000010
6735.22  29 00100100000100100010100000000
6735.22  29 00100100100000100010100000000
6735.22  29 00100100100000100010100000000
5415.06  29 10000000000000000001000010000
6735.22  29 00100100100000100010100000000
5415.06  29 10000000000000000011000010000
6779.17  29 00000000001010100000000000100
6735.22  29 00100100000000100110100000000
6735.22  29 00100100000100100010100000000
6799.17  29 00000010010001000000000000100
6735.22  29 00100100000000100110100000000
6735.22  29 00100100100000100010100000000
6779.17  29 00000001000010100000000000100
5415.06  29 10000000000000000001000010000
5415.06  29 10000000000000000011000010000
6735.22  29 00100100000100100010100000000
5415.06  29 10000000000000000011000010000
6735.22  29 00100100100000100010100000000
6735.22  29 00100100100000100010100000000
6735.22  29 00100100000100100010100000000
5415.06  29 10000000000000000011000010000
6799.17  29 00000010001001000000000000100
5415.06  29 10000000000000000001000010000
6735.22  29 00100100000000100110100000000
6779.17  29 00000001000010100000000000010
6779.17  29 00000001000010100000000000100
6735.22  29 00100100000000100110100000000
6779.17  29 00000001000010100000000000100
6735.22  29 00100100000000100110100000000
5415.06  29 10000000000000000001000010000
