292.167  29 10000000000011000001000010000
544.167  29 00000010000100001010100000000
287.167  29 10000000000011000001000010000
497.167  29 00010000000100001010100000000
281.167  29 10000000000011000001000010000
244.111  29 01000001000000000001000000010
294.167  29 10000000000011000001000010000
306.111  29 00001001000000000001000000010
284.111  29 01000001000000000001000000010
286.167  29 10000000000011000001000010000
524.167  29 00010000100000001010100000000
525.167  29 00000010000100001010100000000
274.167  29 10000000000011000001000010000
294.111  29 01000000001000000001000000010
284.167  29 10000000000011000001000010000
272.111  29 00001000001000000001000000010
283.111  29 01000000010000000001000000010
283.167  29 10000000000011000001000010000
517.167  29 00000010000100001010100000000
282.167  29 10000000000011000001000010000
508.167  29 00000010000000001110100000000
275.111  29 01000000010000000001000000010
282.167  29 10000000000011000001000010000
534.167  29 00010000000100001010100000000
278.167  29 10000000000011000001000010000
296.167  29 10000000000011000001000010000
287.167  29 10000000000011000001000010000
267.167  29 10000000000011000001000010000
273.167  29 10000000000011000001000010000
296.167  29 10000000000011000001000010000
515.167  29 01001000000000000111000000010
526.167  29 00010000100000001010100000000
278.167  29 10000000000011000001000010000
482.222  29 01001000000001000111000000010
514.111  29 00000000000010000111000001000
551.167  29 00000000000000110110000000010
305.167  29 10000000000011000001000010000
291.167  29 10000000000011000001000010000
288.167  29 10000000000011000001000010000
295.167  29 10000000000011000001000010000
259.111  29 01000000010000000001000000010
281.167  29 10000000000011000001000010000
520.167  29 00010000000000001110100000000
298.167  29 10000000000011000001000010000
277.167  29 10000000000011000001000010000
506.167  29 00010000100000001010100000000
465.222  29 01001000000001000111000000010
292.167  29 10000000000011000001000010000
273.167  29 10000000000011000001000010000
294.167  29 10000000000011000001000010000
287.167  29 10000000000011000001000010000
553.167  29 00000010100000001010100000000
287.167  29 10000000000011000001000010000
272.167  29 10000000000011000001000010000
295.167  29 10000000000011000001000010000
314.111  29 01000000001000000001000000010
527.167  29 00010000100000001010100000000
279.111  29 00001001000000000001000000010
274.167  29 10000000000011000001000010000
541.167  29 00000000000100110010000000010
525.167  29 00000010100000001010100000000
496.278  29 01011000000001000111000000010
529.167  29 00000010000000001110100000000
320.111  29 01000001000000000001000000010
565.167  29 00010000000000001110100000000
285.111  29 01000001000000000001000000010
535.167  29 00010000000000001110100000000
548.167  29 00010000000100001010100000000
281.167  29 10000000000011000001000010000
536.167  29 00000010000100001010100000000
295.167  29 10000000000011000001000010000
311.111  29 00001001000000000001000000010
280.167  29 10000000000011000001000010000
293.111  29 00001000001000000001000000010
539.167  29 00000010100000001010100000000
273.167  29 10000000000011000001000010000
573.167  29 00000010000100001010100000000
288.111  29 01000001000000000001000000010
259.167  29 10000000000011000001000010000
534.167  29 00000010000000001110100000000
257.111  29 00001001000000000001000000010
567.167  29 00010000000000001110100000000
554.167  29 00010000000000001110100000000
492.167  29 01001000000000000111000000010
289.111  29 00001001000000000001000000010
280.167  29 10000000000011000001000010000
537.167  29 00000010000100001010100000000
281.167  29 10000000000011000001000010000
522.167  29 00010000000100001010100000000
291.111  29 00001000001000000001000000010
290.111  29 00001000001000000001000000010
278.167  29 10000000000011000001000010000
290.111  29 00001000010000000001000000010
546.167  29 00010000000000001110100000000
269.111  29 01000001000000000001000000010
471.167  29 01001000000000000111000000010
282.167  29 10000000000011000001000010000
276.167  29 10000000000011000001000010000
289.111  29 01000001000000000001000000010
561.167  29 00010000000000001110100000000
