3.3105 12 00000000000010100110100000000
3.363 14 00000000001000010000000000010
3.363 13 00000000100000010010000000100
3.3105 8 00000000000110100010100000000
3.3105 18 00000000100010100010100000000
3.3105 13 00000000000110100010100000000
3.3105 17 00000000000110100010100000000
3.3105 10 00000000000010100110100000000
3.363 15 00000000010000010000000000100
3.3105 11 00000000100010100010100000000
3.3105 20 00000000000010100110100000000
3.3105 14 00000000100010100010100000000
3.3105 13 00000000000010100110100000000
3.3105 16 00000000000010100110100000000
3.3105 13 00000000000010100110100000000
3.3105 13 00000000000010100110100000000
3.3105 10 00000000100010100010100000000
3.3105 14 00000000000110100010100000000
3.363 9 00000001000000010000000000100
3.363 13 00000001000000010000000000010
3.3105 17 00000000000110100010100000000
3.3105 15 00000000000010100110100000000
2.7295 16 10000000000000000001000010000
3.3105 15 00000000100010100010100000000
3.363 10 00000001000000010000000000010
3.3105 14 00000000000010100110100000000
3.3105 10 00000000000010100110100000000
3.363 9 00000001000000010000000000010
3.3105 10 00000000000110100010100000000
3.3105 15 00000000100010100010100000000
3.3105 11 00000000100010100010100000000
3.3105 16 00000000000010100110100000000
3.3105 10 00000000100010100010100000000
3.363 11 00000001000000010000000000010
3.363 9 00000000010000010000000000010
3.363 9 00000000010000010000000000010
3.3105 15 00000000000110100010100000000
2.7295 18 10000000000000000011000010000
3.3105 17 00000000100010100010100000000
3.363 16 00000001000000010000000000100
3.3105 13 00000000000110100010100000000
3.3105 11 00000000000110100010100000000
3.3105 12 00000000000010100110100000000
3.3105 12 00000000000010100110100000000
3.3105 10 00000000000010100110100000000
3.363 13 00000000001000010000000000100
3.3105 6 00000000000010100110100000000
3.3105 14 00000000000010100110100000000
3.363 10 00000000010000010000000000010
3.3105 10 00000000000110100010100000000
3.3105 11 00000000000010100110100000000
3.3105 13 00000000000110100010100000000
2.7295 15 10000000000000000001000010000
3.3105 15 00000000000110100010100000000
3.363 12 00000000010000010000000000100
3.3105 15 00000000100010100010100000000
3.3105 13 00000000100010100010100000000
3.363 10 00000000000100010010000000010
3.3105 12 00000000000110100010100000000
3.3105 12 00000000000110100010100000000
3.3105 8 00000000000010100110100000000
2.7295 16 10000000000000000001000010000
3.3105 9 00000000000110100010100000000
3.3105 13 00000000100010100010100000000
3.3105 12 00000000000010100110100000000
3.363 10 00000000010000010000000000100
3.3105 11 00000000100010100010100000000
3.3105 16 00000000000110100010100000000
3.363 13 00000000000100010010000000010
3.3105 12 00000000000110100010100000000
3.3105 14 00000000000110100010100000000
3.3105 22 00000000000010100110100000000
3.3105 12 00000000000110100010100000000
3.3105 23 00000000000110100010100000000
2.7295 15 10000000000000000001000010000
3.3105 12 00000000000010100110100000000
3.3105 9 00000000000010100110100000000
2.7295 19 10000000000000000011000010000
3.363 15 00000000001000010000000000100
3.3105 24 00000000000010100110100000000
2.7295 16 10000000000000000001000010000
3.3105 10 00000000000010100110100000000
3.3105 9 00000000000010100110100000000
3.363 9 00000000000100010010000000010
3.3105 13 00000000000110100010100000000
3.363 13 00000000010000010000000000100
3.3105 22 00000000000110100010100000000
2.7295 19 10000000000000000011000010000
3.363 11 00000000010000010000000000100
3.363 13 00000000010000010000000000010
3.3105 12 00000000100010100010100000000
3.3105 13 00000000000110100010100000000
3.3105 11 00000000100010100010100000000
3.3105 12 00000000000010100110100000000
3.3105 11 00000000000110100010100000000
3.363 11 00000000010000010000000000100
3.3105 10 00000000000010100110100000000
3.3105 13 00000000000110100010100000000
3.363 12 00000000001000010000000000100
3.3105 11 00000000100010100010100000000
