6705.17  29 00011000000100000010100000000
6717.11  29 00000000000000001110000000100
6792.11  29 00000001000000001000000000010
6705.17  29 00011000100000000010100000000
6819.22  29 00000010001001100000000000100
6705.17  29 00011000000100000010100000000
6680.11  29 01000000000000000111000001000
6705.17  29 00011000100000000010100000000
6792.11  29 00000001000000001000000000100
6717.11  29 00000000000000001110000000100
6705.17  29 00011000000000000110100000000
6705.17  29 00011000100000000010100000000
6705.17  29 00011000100000000010100000000
5467.06  29 10000000000000000001000010000
6705.17  29 00011000000000000110100000000
6705.17  29 00011000000000000110100000000
6717.11  29 00000000000000001110000000010
6792.11  29 00000001000000001000000000010
6705.17  29 00011000000100000010100000000
6717.11  29 00000000000000001110000000010
6705.17  29 00011000100000000010100000000
6705.17  29 00011000000000000110100000000
6705.17  29 00011000100000000010100000000
6705.17  29 00011000000100000010100000000
6705.17  29 00011000100000000010100000000
6705.17  29 00011000100000000010100000000
6705.17  29 00011000100000000010100000000
6705.17  29 00011000100000000010100000000
6680.11  29 00001000000000000111000001000
6819.22  29 00000010010001100000000000010
6819.22  29 00000010001001100000000000100
6792.11  29 00000000001000001000000000100
6705.17  29 00011000000000000110100000000
6705.17  29 00011000000100000010100000000
6705.17  29 00011000000100000010100000000
6705.17  29 00011000100000000010100000000
6705.17  29 00011000100000000010100000000
6792.11  29 00000000001000001000000000100
6705.17  29 00011000000000000110100000000
6819.22  29 00000011000001100000000000010
6705.17  29 00011000000000000110100000000
6705.17  29 00011000000100000010100000000
6717.11  29 00000000000000001110000000100
6792.11  29 00000001000000001000000000100
6717.11  29 00000000000000001110000000100
6792.11  29 00000000001000001000000000010
5467.06  29 10000000000000000011000010000
6705.17  29 00011000000000000110100000000
6792.11  29 00000000010000001000000000100
6717.11  29 00000000000000001110000000010
6792.11  29 00000000010000001000000000100
6680.11  29 00001000000000000111000001000
5467.06  29 10000000000000000001000010000
6705.17  29 00011000100000000010100000000
6705.17  29 00011000100000000010100000000
6792.11  29 00000000010000001000000000100
6717.11  29 00000000000000001110000000010
6792.11  29 00000000001000001000000000100
6705.17  29 00011000100000000010100000000
6717.11  29 00000000000000001110000000010
6819.22  29 00000010001001100000000000010
6717.11  29 00000000000000001110000000100
6705.17  29 00011000000100000010100000000
6792.11  29 00000001000000001000000000100
6717.11  29 00000000000000001110000000100
6717.11  29 00000000000000001110000000010
6717.11  29 00000000000000001110000000010
6705.17  29 00011000000000000110100000000
6819.22  29 00000010001001100000000000010
6717.11  29 00000000000000001110000000100
6705.17  29 00011000000100000010100000000
6792.11  29 00000000010000001000000000010
6717.11  29 00000000000000001110000000100
6705.17  29 00011000100000000010100000000
6705.17  29 00011000000000000110100000000
6705.17  29 00011000000100000010100000000
6819.22  29 00000011000001100000000000100
6705.17  29 00011000100000000010100000000
6792.11  29 00000000001000001000000000100
6705.17  29 00011000000100000010100000000
6717.11  29 00000000000000001110000000100
6792.11  29 00000001000000001000000000010
6717.11  29 00000000000000001110000000100
6705.17  29 00011000000100000010100000000
6717.11  29 00000000000000001110000000010
6717.11  29 00000000000000001110000000100
6705.17  29 00011000000100000010100000000
6792.11  29 00000000001000001000000000010
6792.11  29 00000000001000001000000000100
6680.11  29 00001000000000000111000001000
6819.22  29 00000011000001100000000000100
6705.17  29 00011000100000000010100000000
6792.11  29 00000000010000001000000000100
6717.11  29 00000000000000001110000000010
6717.11  29 00000000000000001110000000010
6705.17  29 00011000100000000010100000000
6819.22  29 00000010010001100000000000100
6705.17  29 00011000000000000110100000000
6792.11  29 00000000010000001000000000010
5467.06  29 10000000000000000001000010000
