2.7444 14 00000000000001001110100000000
1.49155 20 10000000000000000001000010000
1.49155 15 10000000000000000001000010000
1.49155 22 10000000000000000001000010000
1.49155 16 10000000000000000001000010000
2.7444 11 00000000000001001110100000000
1.49155 19 10000000000000000001000010000
1.49155 29 10000000000000000001000010000
1.49155 16 10000000000000000001000010000
1.49155 16 10000000000000000001000010000
1.49155 19 10000000000000000001000010000
2.5634 10 00000000000000110110000000100
2.7444 13 00000000100001001010100000000
1.49155 17 10000000000000000001000010000
1.49155 19 10000000000000000001000010000
2.5634 9 00000000100000110010000000100
2.5634 7 00000000000100110010000000010
1.49155 23 10000000000000000001000010000
2.5634 5 00000000000000110110000000100
2.7444 16 00000000000101001010100000000
1.49155 14 10000000000000000001000010000
1.49155 20 10000000000000000001000010000
1.49155 13 10000000000000000001000010000
1.49155 16 10000000000000000001000010000
1.49155 22 10000000000000000001000010000
2.5634 6 00000000100000110010000000100
1.49155 15 10000000000000000001000010000
1.49155 16 10000000000000000001000010000
1.49155 18 10000000000000000001000010000
1.49155 21 10000000000000000001000010000
1.49155 17 10000000000000000001000010000
1.49155 14 10000000000000000011000010000
2.5634 8 00000000100000110010000000010
1.49155 17 10000000000000000001000010000
1.49155 18 10000000000000000011000010000
2.4486 21 00000000000010000111000001000
2.5634 15 00000000000000110110000000010
1.49155 18 10000000000000000001000010000
2.5634 5 00000000000000110110000000010
1.49155 18 10000000000000000001000010000
1.49155 20 10000000000000000001000010000
1.49155 14 10000000000000000001000010000
2.5634 10 00000000000000110110000000100
1.49155 17 10000000000000000011000010000
2.5634 7 00000000100000110010000000100
1.49155 19 10000000000000000001000010000
1.49155 21 10000000000000000001000010000
1.49155 15 10000000000000000011000010000
2.5634 11 00000000000100110010000000100
1.49155 21 10000000000000000001000010000
2.5634 8 00000000100000110010000000010
1.49155 21 10000000000000000001000010000
1.49155 15 10000000000000000011000010000
2.7444 20 00000000000001001110100000000
2.7444 10 00000000100001001010100000000
1.49155 17 10000000000000000001000010000
1.49155 12 10000000000000000001000010000
2.7444 21 00000000000101001010100000000
1.49155 18 10000000000000000011000010000
1.49155 14 10000000000000000001000010000
1.49155 13 10000000000000000001000010000
1.49155 17 10000000000000000001000010000
2.5634 5 00000000000000110110000000010
2.5634 10 00000000000100110010000000100
1.49155 17 10000000000000000001000010000
1.49155 19 10000000000000000001000010000
1.49155 16 10000000000000000001000010000
2.5634 13 00000000000100110010000000100
1.49155 14 10000000000000000001000010000
1.49155 22 10000000000000000001000010000
1.49155 22 10000000000000000001000010000
1.49155 15 10000000000000000001000010000
1.49155 18 10000000000000000001000010000
2.7444 12 00000000000001001110100000000
1.49155 14 10000000000000000011000010000
1.49155 14 10000000000000000011000010000
1.49155 22 10000000000000000001000010000
1.49155 18 10000000000000000001000010000
2.7444 10 00000000000001001110100000000
1.49155 16 10000000000000000001000010000
1.49155 18 10000000000000000001000010000
2.5634 8 00000000000000110110000000010
1.49155 20 10000000000000000001000010000
1.49155 13 10000000000000000001000010000
1.49155 20 10000000000000000001000010000
1.49155 20 10000000000000000001000010000
1.49155 18 10000000000000000001000010000
1.49155 21 10000000000000000001000010000
1.49155 17 10000000000000000001000010000
1.49155 17 10000000000000000001000010000
2.5634 11 00000000000000110110000000100
1.49155 23 10000000000000000001000010000
1.49155 21 10000000000000000001000010000
2.7444 11 00000000100001001010100000000
1.49155 17 10000000000000000001000010000
2.5634 14 00000000000000110110000000100
1.49155 10 10000000000000000001000010000
1.49155 18 10000000000000000001000010000
1.49155 17 10000000000000000001000010000
1.49155 20 10000000000000000001000010000
