1.51875 11 10000000000000000001000010000
1.51875 16 10000000000000000001000010000
2.68995 17 00000000100001001010100000000
1.51875 24 10000000000000000001000010000
1.51875 16 10000000000000000001000010000
1.51875 15 10000000000000000011000010000
1.51875 16 10000000000000000001000010000
2.68995 14 00000000000001001110100000000
1.51875 19 10000000000000000001000010000
1.51875 16 10000000000000000001000010000
1.51875 15 10000000000000000011000010000
1.51875 13 10000000000000000011000010000
1.51875 21 10000000000000000001000010000
2.68995 18 00000000100001001010100000000
1.51875 17 10000000000000000001000010000
1.51875 19 10000000000000000001000010000
2.68995 13 00000000000001001110100000000
1.51875 24 10000000000000000001000010000
2.68995 12 00000000000101001010100000000
1.51875 22 10000000000000000001000010000
1.51875 18 10000000000000000001000010000
2.5269 10 00000000000100110010000000010
2.5269 14 00000000000100110010000000100
1.51875 23 10000000000000000001000010000
1.51875 22 10000000000000000001000010000
1.51875 15 10000000000000000001000010000
1.51875 21 10000000000000000001000010000
1.51875 18 10000000000000000001000010000
1.51875 12 10000000000000000001000010000
1.51875 14 10000000000000000011000010000
2.68995 15 00000000000101001010100000000
1.51875 20 10000000000000000001000010000
1.51875 15 10000000000000000001000010000
1.51875 18 10000000000000000011000010000
1.51875 19 10000000000000000001000010000
1.51875 20 10000000000000000001000010000
1.51875 18 10000000000000000001000010000
1.51875 15 10000000000000000001000010000
1.51875 18 10000000000000000001000010000
1.51875 16 10000000000000000001000010000
1.51875 20 10000000000000000001000010000
1.51875 21 10000000000000000001000010000
2.68995 13 00000000000001001110100000000
1.51875 16 10000000000000000001000010000
1.51875 15 10000000000000000001000010000
1.51875 17 10000000000000000001000010000
1.51875 20 10000000000000000001000010000
1.51875 15 10000000000000000001000010000
1.51875 20 10000000000000000001000010000
1.51875 23 10000000000000000001000010000
2.68995 16 00000000100001001010100000000
1.51875 22 10000000000000000001000010000
2.68995 10 00000000000001001110100000000
2.68995 14 00000000000101001010100000000
1.51875 17 10000000000000000001000010000
1.51875 19 10000000000000000001000010000
1.51875 14 10000000000000000001000010000
1.51875 20 10000000000000000001000010000
1.51875 16 10000000000000000001000010000
1.51875 15 10000000000000000001000010000
1.51875 16 10000000000000000001000010000
1.51875 19 10000000000000000011000010000
1.51875 15 10000000000000000001000010000
1.51875 21 10000000000000000001000010000
1.51875 16 10000000000000000011000010000
1.51875 19 10000000000000000001000010000
2.68995 11 00000000000001001110100000000
2.68995 12 00000000000101001010100000000
2.68995 12 00000000000101001010100000000
1.51875 19 10000000000000000001000010000
1.51875 13 10000000000000000011000010000
1.51875 19 10000000000000000001000010000
1.51875 17 10000000000000000001000010000
1.51875 18 10000000000000000011000010000
1.51875 18 10000000000000000011000010000
1.51875 17 10000000000000000001000010000
1.51875 14 10000000000000000001000010000
2.68995 16 00000000000101001010100000000
1.51875 17 10000000000000000001000010000
1.51875 17 10000000000000000011000010000
1.51875 17 10000000000000000001000010000
1.51875 17 10000000000000000001000010000
1.51875 13 10000000000000000001000010000
2.68995 10 00000000100001001010100000000
1.51875 14 10000000000000000001000010000
1.51875 19 10000000000000000001000010000
1.51875 4 10000000000000000001000010000
1.51875 21 10000000000000000001000010000
1.51875 15 10000000000000000001000010000
2.68995 15 00000000100001001010100000000
1.51875 12 10000000000000000001000010000
1.51875 19 10000000000000000001000010000
1.51875 20 10000000000000000001000010000
1.51875 18 10000000000000000001000010000
1.51875 14 10000000000000000001000010000
1.51875 19 10000000000000000011000010000
2.68995 14 00000000000101001010100000000
1.51875 23 10000000000000000001000010000
1.51875 17 10000000000000000001000010000
2.68995 13 00000000000001001110100000000
