2.8741 10 00000000000110100010100000000
2.8741 15 00000000100010100010100000000
2.8741 14 00000000100010100010100000000
2.8741 10 00000000100010100010100000000
2.9127 13 00000001000000010000000000010
2.8741 12 00000000000010100110100000000
2.2539 16 10000000000000000001000010000
2.8741 12 00000000100010100010100000000
2.8741 15 00000000100010100010100000000
2.8741 11 00000000100010100010100000000
2.8741 8 00000000000010100110100000000
2.9127 11 00000000010000010000000000100
2.9127 16 00000001000000010000000000010
2.2539 15 10000000000000000001000010000
2.8741 15 00000000100010100010100000000
2.8741 9 00000000100010100010100000000
2.8741 9 00000000100010100010100000000
2.8741 14 00000000000010100110100000000
2.9127 11 00000000010000010000000000010
2.8741 11 00000000000010100110100000000
2.2539 16 10000000000000000001000010000
2.8741 9 00000000000110100010100000000
2.8741 11 00000000000010100110100000000
2.8741 19 00000000100010100010100000000
2.8741 13 00000000100010100010100000000
2.9127 9 00000001000000010000000000100
2.8741 16 00000000000010100110100000000
2.8741 12 00000000100010100010100000000
2.8741 14 00000000000010100110100000000
2.8741 16 00000000000110100010100000000
2.8741 17 00000000000110100010100000000
2.9127 9 00000000100000010010000000010
2.9127 7 00000000010000010000000000100
2.87515 14 00001100000100000010100000000
2.8741 7 00000000000110100010100000000
2.8741 14 00000000000010100110100000000
2.9127 11 00000001000000010000000000100
2.8741 9 00000000100010100010100000000
2.9127 12 00000000010000010000000000100
2.9127 12 00000000001000010000000000100
2.87515 15 00001100000100000010100000000
2.8741 15 00000000100010100010100000000
2.9127 7 00000001000000010000000000100
2.8741 16 00000000000110100010100000000
2.9127 5 00000001000000010000000000100
2.9127 7 00000000010000010000000000010
2.8741 16 00000000100010100010100000000
2.8741 13 00000000000110100010100000000
2.8741 13 00000000100010100010100000000
2.8741 12 00000000000110100010100000000
2.8741 11 00000000100010100010100000000
2.8741 15 00000000000010100110100000000
2.2539 15 10000000000000000001000010000
2.8741 11 00000000000110100010100000000
2.2539 16 10000000000000000001000010000
2.8741 8 00000000000110100010100000000
2.9127 8 00000000001000010000000000010
2.8741 14 00000000000010100110100000000
2.8741 10 00000000000010100110100000000
2.8741 12 00000000000010100110100000000
2.8741 15 00000000000010100110100000000
2.8741 16 00000000100010100010100000000
2.9127 10 00000000001000010000000000010
2.8741 10 00000000000010100110100000000
2.8741 16 00000000000010100110100000000
2.9127 16 00000000010000010000000000100
2.8741 16 00000000000110100010100000000
2.8741 19 00000000000110100010100000000
2.9127 9 00000000001000010000000000010
2.9127 13 00000000001000010000000000100
2.8741 13 00000000100010100010100000000
2.8741 13 00000000000110100010100000000
2.9127 7 00000000000000010110000000100
2.8381 4 10001000000000000011000001000
2.2539 18 10000000000000000001000010000
2.9127 8 00000000001000010000000000100
2.8741 12 00000000000110100010100000000
2.9127 12 00000000001000010000000000100
2.8741 9 00000000000110100010100000000
2.8741 11 00000000100010100010100000000
2.9127 12 00000000010000010000000000010
2.9127 8 00000000010000010000000000010
2.87515 11 00001100000100000010100000000
2.8741 13 00000000000010100110100000000
2.87515 14 00001100100000000010100000000
2.8741 10 00000000000110100010100000000
2.9127 8 00000000001000010000000000010
2.9127 8 00000000010000010000000000100
2.8741 11 00000000100010100010100000000
2.9127 8 00000000010000010000000000100
2.8741 12 00000000100010100010100000000
2.8741 12 00000000100010100010100000000
2.9127 10 00000000010000010000000000100
2.9127 16 00000001000000010000000000100
2.8741 9 00000000100010100010100000000
2.8741 14 00000000000010100110100000000
2.87515 10 00001100000000000110100000000
2.8741 16 00000000000110100010100000000
2.8741 10 00000000000010100110100000000
2.8741 13 00000000000110100010100000000
