1.896 21 10000000000000000001000010000
1.896 23 10000000000000000001000010000
1.896 17 10000000000000000001000010000
2.7275 11 00000000000000110110000000010
1.896 9 10000000000000000001000010000
1.896 14 10000000000000000001000010000
1.896 18 10000000000000000001000010000
2.0995 1 11000000000010000001000010000
1.896 19 10000000000000000001000010000
1.896 24 10000000000000000001000010000
1.896 16 10000000000000000001000010000
1.896 12 10000000000000000001000010000
1.896 18 10000000000000000001000010000
3.056 16 00000000100001001010100000000
1.896 19 10000000000000000001000010000
2.7275 12 00000000100000110010000000010
1.896 13 10000000000000000001000010000
1.896 24 10000000000000000001000010000
1.896 14 10000000000000000001000010000
1.896 21 10000000000000000001000010000
1.896 14 10000000000000000011000010000
1.896 21 10000000000000000001000010000
1.896 17 10000000000000000011000010000
1.896 19 10000000000000000001000010000
1.896 17 10000000000000000001000010000
1.896 12 10000000000000000001000010000
1.896 16 10000000000000000011000010000
1.896 21 10000000000000000001000010000
1.896 20 10000000000000000001000010000
1.896 18 10000000000000000011000010000
3.056 11 00000000000001001110100000000
2.586 8 00000000000010000111000001000
1.896 19 10000000000000000001000010000
1.896 16 10000000000000000001000010000
1.896 24 10000000000000000001000010000
1.896 17 10000000000000000001000010000
1.896 13 10000000000000000001000010000
1.896 18 10000000000000000011000010000
1.896 16 10000000000000000011000010000
1.896 13 10000000000000000001000010000
3.056 11 00000000100001001010100000000
1.896 22 10000000000000000001000010000
1.896 14 10000000000000000001000010000
1.896 19 10000000000000000001000010000
1.896 18 10000000000000000001000010000
1.896 16 10000000000000000001000010000
1.896 18 10000000000000000011000010000
2.2615 8 00001000001000000001000000010
1.896 16 10000000000000000001000010000
1.896 8 10000000000000000001000010000
1.896 22 10000000000000000001000010000
1.896 22 10000000000000000001000010000
1.896 23 10000000000000000001000010000
1.896 18 10000000000000000001000010000
2.7275 13 00000000000100110010000000010
1.896 15 10000000000000000001000010000
1.896 15 10000000000000000011000010000
1.896 17 10000000000000000001000010000
1.896 19 10000000000000000001000010000
1.896 17 10000000000000000001000010000
3.056 22 00000000000101001010100000000
3.056 15 00000000000001001110100000000
1.896 17 10000000000000000001000010000
1.896 19 10000000000000000001000010000
1.896 19 10000000000000000001000010000
1.896 15 10000000000000000001000010000
1.896 17 10000000000000000001000010000
1.896 19 10000000000000000001000010000
1.896 16 10000000000000000001000010000
1.896 19 10000000000000000001000010000
1.896 16 10000000000000000001000010000
1.896 12 10000000000000000001000010000
3.056 10 00000000000001001110100000000
1.896 19 10000000000000000001000010000
1.896 14 10000000000000000001000010000
1.896 3 10000000000000000001000010000
1.896 21 10000000000000000011000010000
1.896 18 10000000000000000001000010000
1.896 21 10000000000000000001000010000
2.7275 10 00000000000100110010000000010
1.896 16 10000000000000000011000010000
1.896 19 10000000000000000001000010000
1.896 18 10000000000000000001000010000
1.896 17 10000000000000000001000010000
1.896 18 10000000000000000001000010000
2.7275 11 00000000000000110110000000010
1.896 14 10000000000000000001000010000
1.896 17 10000000000000000011000010000
1.896 18 10000000000000000001000010000
3.056 14 00000000000101001010100000000
3.056 10 00000000000001001110100000000
1.896 14 10000000000000000011000010000
3.056 14 00000000000001001110100000000
1.896 15 10000000000000000001000010000
1.896 17 10000000000000000011000010000
1.896 18 10000000000000000011000010000
3.056 19 00000000100001001010100000000
1.896 17 10000000000000000001000010000
1.896 18 10000000000000000001000010000
1.896 13 10000000000000000001000010000
