768.222  29 00110000100000100011000000010
738.222  29 00000100100000110010100000000
646.056  29 10000000000000000001010000000
732.167  29 00100000000000100110100000000
547.056  29 10000000000000000001010000000
639.056  29 10000000000000000011000010000
653.056  29 10000000000000000011000010000
773.167  29 00000100000010000110100000000
752.111  29 00010000000100000010000000010
749.167  29 00100000000000100110100000000
754.167  29 00010000100000001010000000100
716.222  29 00100100000100100010100000000
728.167  29 00100000100000100010100000000
746.111  29 00000010000000000110000000010
758.111  29 00000010010000000000000000010
661.056  29 10000000000000000011000010000
786.222  29 00110000000000100110100000000
771.111  29 00000010000100000010000000010
772.167  29 00000001000010100000000000100
625.056  29 10000000000000000011010000000
755.278  29 00100100100000110010100000000
670.056  29 10000000000000000011000010000
775.111  29 00000011000000000000000000010
628.056  29 10000000000000000001000010000
725.222  29 00100100000100100010100000000
772.222  29 00000110000110000010100000000
776.222  29 00110010100000000010100000000
649.056  29 10000000000000000001000010000
757.222  29 00100100100000100010100000000
608.056  29 10000000000000000011010000000
649.056  29 10000000000000000001010000000
640.056  29 10000000000000000001010000000
759.167  29 00000100100000100010100000000
615.056  29 10000000000000000001010000000
735.222  29 00100100100000100010100000000
740.167  29 00100000000100100010100000000
650.056  29 10000000000000000001000010000
627.056  29 10000000000000000001010000000
531.056  29 10000000000000000001010000000
775.111  29 00000010100000000010000000010
589.056  29 10000000000000000011010000000
751.222  29 01001100100000000011000001000
770.278  29 00110110100000000010100000000
734.111  29 00000010000100000010000000010
765.222  29 00000000000010110110100000000
745.111  29 00000010100000000010000000100
755.167  29 00100000100000100010100000000
773.167  29 00000100100000100010100000000
746.222  29 00000110100000100010100000000
789.222  29 00000100010010100000000000100
731.222  29 00100100000100100010100000000
766.111  29 00000000000010000110100000000
777.222  29 00000101000010100000000000100
743.167  29 01000000000100001010100000000
775.167  29 00000011000001000000000000100
731.167  29 00000000000010100110100000000
771.111  29 00000010010000000000000000010
728.222  29 00100100100000100010100000000
640.056  29 10000000000000000011000010000
604.056  29 10000000000000000001010000000
610.056  29 10000000000000000011010000000
631.056  29 10000000000000000011010000000
775.167  29 00001100000100000010100000000
579.056  29 10000000000000000001010000000
742.167  29 00000100000100100010100000000
518.056  29 10000000000000000011010000000
645.056  29 10000000000000000011000010000
764.222  29 00000100100010100010100000000
774.222  29 00010100100000100010100000000
728.167  29 00100000000000100110100000000
741.167  29 00000010100000100010100000000
609.056  29 10000000000000000011010000000
776.222  29 00100100000100100010100000000
727.167  29 00000100100000100010100000000
533.056  29 10000000000000000011010000000
756.167  29 00000000000110100010100000000
762.167  29 00000100000100100010100000000
772.167  29 00000001000010100000000000100
776.222  29 00000100100010100010100000000
771.167  29 00100100000100000010000000010
767.167  29 00101000000000000110100000000
758.167  29 00000100000100010010000000100
757.111  29 00000011000000000000000000100
735.167  29 00100000100000100010100000000
757.167  29 00000100000000100110100000000
772.111  29 00010000010000000000000000100
776.167  29 00000101000000100000000000100
787.111  29 00000000010000010000000000100
655.056  29 10000000000000000011000010000
652.056  29 10000000000000000001010000000
754.167  29 00100000000100100010100000000
744.167  29 00000100100000010010000000100
570.056  29 10000000000000000001010000000
745.222  29 00100100000100100010100000000
609.056  29 10000000000000000001010000000
753.167  29 00000100000100100010100000000
769.111  29 00100001000000000000000000010
732.222  29 00100100000000100110100000000
773.111  29 00010000001000000000000000100
755.278  29 00100100000100110010100000000
