2517.11  29 10000000000001000001000010000
2517.11  29 10000000000001000001000010000
2517.11  29 10000000000001000001000010000
5050.17  29 00000010100000001010100000000
5050.17  29 00000010000100001010100000000
2575.11  29 00001000001000000001000000010
2517.11  29 10000000000001000001000010000
5050.17  29 00000010000000001110100000000
5050.17  29 00000010000000001110100000000
2517.11  29 10000000000001000001000010000
5050.17  29 00000010000100001010100000000
5050.17  29 00000010100000001010100000000
2575.11  29 00001000001000000001000000010
2531.17  29 10000001000010000001000010000
5050.17  29 00000010100000001010100000000
2517.11  29 10000000000001000001000010000
2517.11  29 10000000000001000001000010000
2517.11  29 10000000000001000001000010000
5050.17  29 00000010100000001010100000000
2517.11  29 10000000000001000001000010000
2517.11  29 10000000000001000001000010000
2517.11  29 10000000000001000001000010000
2517.11  29 10000000000001000001000010000
2517.11  29 10000000000001000001000010000
2575.11  29 00001000001000000001000000010
2517.11  29 10000000000001000001000010000
2517.11  29 10000000000001000001000010000
2517.11  29 10000000000001000001000010000
2517.11  29 10000000000001000001000010000
5050.17  29 00000010000000001110100000000
5050.17  29 00000010000000001110100000000
2517.11  29 10000000000001000001000010000
5050.17  29 00000010100000001010100000000
2517.11  29 10000000000001000001000010000
5248.17  29 00000000000000110110000000010
5050.17  29 00000010100000001010100000000
5050.17  29 00000010000000001110100000000
2575.11  29 01000001000000000001000000010
2517.11  29 10000000000001000001000010000
2517.11  29 10000000000001000001000010000
2517.11  29 10000000000001000001000010000
2517.11  29 10000000000001000001000010000
5050.17  29 00000010100000001010100000000
5050.17  29 00000010000000001110100000000
5248.17  29 00000000000000110110000000100
2517.11  29 10000000000001000001000010000
2517.11  29 10000000000001000001000010000
2517.11  29 10000000000001000001000010000
2575.11  29 00001000010000000001000000010
5248.17  29 00000000100000110010000000010
2517.11  29 10000000000001000001000010000
2517.11  29 10000000000001000001000010000
2575.11  29 00001000010000000001000000010
5050.17  29 00000010000000001110100000000
2517.11  29 10000000000001000001000010000
2575.11  29 01000001000000000001000000010
5050.17  29 00000010000100001010100000000
5050.17  29 00000010100000001010100000000
2517.11  29 10000000000001000001000010000
2517.11  29 10000000000001000001000010000
2517.11  29 10000000000001000001000010000
2517.11  29 10000000000001000001000010000
2517.11  29 10000000000001000001000010000
2575.11  29 01000000001000000001000000010
5050.17  29 00000010100000001010100000000
2517.11  29 10000000000001000001000010000
2517.11  29 10000000000001000001000010000
2517.11  29 10000000000001000001000010000
5050.17  29 00000010100000001010100000000
2575.11  29 01000000001000000001000000010
2517.11  29 10000000000001000001000010000
2517.11  29 10000000000001000001000010000
5248.17  29 00000000000000110110000000010
2517.11  29 10000000000001000001000010000
2517.11  29 10000000000001000001000010000
2517.11  29 10000000000001000001000010000
2517.11  29 10000000000001000001000010000
5050.17  29 00000010100000001010100000000
2517.11  29 10000000000001000001000010000
2517.11  29 10000000000001000001000010000
2517.11  29 10000000000001000001000010000
5050.17  29 00000010000100001010100000000
2517.11  29 10000000000001000001000010000
5050.17  29 00000010000000001110100000000
5050.17  29 00000010000100001010100000000
5050.17  29 00000010100000001010100000000
2517.11  29 10000000000001000001000010000
5050.17  29 00000010000000001110100000000
2517.11  29 10000000000001000001000010000
2517.11  29 10000000000001000001000010000
5050.17  29 00000010100000001010100000000
5050.17  29 00000010100000001010100000000
2575.11  29 00001000001000000001000000010
2517.11  29 10000000000001000001000010000
2575.11  29 00001001000000000001000000010
2517.11  29 10000000000001000001000010000
2575.11  29 00001000010000000001000000010
5050.17  29 00000010000100001010100000000
5248.17  29 00000000100000110010000000010
2517.11  29 10000000000001000001000010000
