0.972 11 00000000010010100000000000100
0.9795 15 00010010000000001111000001000
0.9795 11 00010010000000001111000001000
0.9795 12 00010010000000001111000001000
0.9795 17 00010010000000001111000001000
0.9795 12 00010010000000001111000001000
0.9795 17 00010010000000001111000001000
1.0665 11 00010010100000001010100000000
0.972 10 00000000010010100000000000100
0.9795 6 00010010000000001111000001000
0.9795 15 00010010000000001111000001000
0.972 8 00000000001010100000000000010
0.972 11 00000000001010100000000000010
0.9795 17 00010010000000001111000001000
0.9795 11 00010010000000001111000001000
0.972 14 00000000001010100000000000010
0.972 8 00000000001010100000000000100
0.972 10 00000000001010100000000000010
0.9795 12 00010010000000001111000001000
0.9795 15 00010010000000001111000001000
0.972 12 00000000001010100000000000010
0.9795 15 00010010000000001111000001000
0.972 7 00000000001010100000000000010
0.972 15 00000000001010100000000000100
0.972 8 00000001000010100000000000010
0.9795 14 00010010000000001111000001000
0.9795 2 00010010000000001111000001000
0.972 11 00000000001010100000000000010
0.9795 2 00010010000000001111000001000
0.972 13 00000000001010100000000000010
0.9795 16 00010010000000001111000001000
0.9795 10 00010010000000001111000001000
0.972 9 00000000001010100000000000100
0.9795 13 00010010000000001111000001000
0.9795 17 00010010000000001111000001000
0.9795 7 00010010000000001111000001000
0.9795 1 00010010000000001111000001000
1.1995 14 00000000001001001000000001000
1.1995 15 00000001000001001000000001000
0.9795 20 00010010000000001111000001000
0.972 9 00000000001010100000000000010
0.9795 21 00010010000000001111000001000
0.9795 5 00010010000000001111000001000
0.972 11 00000000010010100000000000010
0.9795 13 00010010000000001111000001000
0.9795 14 00010010000000001111000001000
0.9795 12 00010010000000001111000001000
0.972 11 00000000001010100000000000010
1.0665 11 00010010000100001010100000000
0.972 11 00000001000010100000000000100
0.9795 15 00010010000000001111000001000
0.9795 20 00010010000000001111000001000
0.972 11 00000000010010100000000000100
0.972 11 00000001000010100000000000100
0.972 12 00000000010010100000000000100
0.9795 15 00010010000000001111000001000
0.9795 11 00010010000000001111000001000
0.972 11 00000000010010100000000000010
0.9795 14 00010010000000001111000001000
0.9795 18 00010010000000001111000001000
0.2555 15 10000000000000000001000010000
0.9795 10 00010010000000001111000001000
0.2555 16 10000000000000000011000010000
0.9795 13 00010010000000001111000001000
0.9795 21 00010010000000001111000001000
0.972 10 00000000001010100000000000100
0.9795 15 00010010000000001111000001000
0.9795 9 00010010000000001111000001000
0.9795 9 00010010000000001111000001000
0.972 13 00000001000010100000000000100
0.9795 5 00010010000000001111000001000
0.9795 16 00010010000000001111000001000
0.9795 20 00010010000000001111000001000
0.972 11 00000000001010100000000000100
0.972 10 00000001000010100000000000010
0.972 11 00000000010010100000000000010
0.972 16 00000000001010100000000000100
0.972 12 00000000001010100000000000010
0.9795 14 00010010000000001111000001000
1.0665 18 00010010000100001010100000000
0.972 11 00000001000010100000000000100
0.2555 14 10000000000000000001000010000
0.2555 16 10000000000000000001000010000
0.9795 13 00010010000000001111000001000
0.972 8 00000000010010100000000000010
0.9795 10 00010010000000001111000001000
1.0665 12 00010010000100001010100000000
0.9795 14 00010010000000001111000001000
0.972 9 00000000010010100000000000010
0.972 10 00000000010010100000000000100
0.972 15 00000000010010100000000000100
0.972 11 00000001000010100000000000010
0.9795 12 00010010000000001111000001000
0.9795 14 00010010000000001111000001000
0.972 9 00000001000010100000000000100
0.9795 14 00010010000000001111000001000
0.9795 19 00010010000000001111000001000
1.0665 12 00010010100000001010100000000
0.972 7 00000001000010100000000000010
0.972 16 00000000001010100000000000100
