229.111  29 00000001000000001000000000010
228.167  29 01000010000000000110100000000
224.222  29 00010010000000100110000001000
228.167  29 00000001000000101000000001000
208.167  29 00000000000101100010100000000
216.167  29 00010001000000001000000000010
205.167  29 00011000000100000010100000000
205.167  29 00000000000101100010100000000
126.056  29 10000000000000000001000010000
201.222  29 00010010100000100010100000000
210.167  29 00000000000110010010100000000
213.222  29 00010101000010000000000000100
211.056  29 00000000000000000110000000100
228.111  29 00000001000000001000000000010
217.167  29 01000010000100000010100000000
221.056  29 00000000000000000100000000010
229.167  29 01010000000000000110100000000
217.167  29 00000001000001001000000000010
218.167  29 00000000010001001000000000010
233.167  29 01000000000001000110100000000
202.167  29 01010000000000000110100000000
230.167  29 00000000001001001000000000010
210.222  29 00010010000100100010100000000
203.167  29 00000000000101100010100000000
108.056  29 10000000000000000001000010000
224.222  29 00100110000000000110100000000
220.222  29 00000101000011000000000000010
201.167  29 01000010000000000110100000000
218.222  29 00000010100001100010100000000
232.167  29 00000000010001001000000000010
228.222  29 00000010010001100000000000100
203.167  29 00011000000100000010100000000
117.056  29 10000000000000000001000010000
233.222  29 00000010010001100000000000100
216.167  29 01000010100000000010100000000
106.056  29 10000000000000000011000010000
226.056  29 00000000000000000110000000010
247.056  29 00000000000000000100000000100
221.222  29 01001000000000010111000001000
211.167  29 01000000000100010010100000000
211.167  29 00001010000100000010100000000
218.167  29 00000000000101100010100000000
221.111  29 00000000010000001000000000010
214.167  29 01010000000100000010100000000
226.167  29 00001000000100010010100000000
194.167  29 00000000100001100010100000000
235.167  29 00000000010000101000000001000
224.111  29 00000000000001000101000100000
213.167  29 01010000000100000010100000000
226.167  29 00001010100000000010100000000
220.167  29 01010000100000000010100000000
217.222  29 00000100000110010010100000000
223.222  29 00010010000100100010100000000
214.167  29 00010001000000100000000000010
220.222  29 00000100010011000000000000010
208.222  29 00010010000000100110100000000
223.167  29 00000000001001001000000000100
220.278  29 01100100000000010111000001000
216.167  29 00001000100000010010100000000
219.167  29 01010000000100000010100000000
227.222  29 01010010100000000010100000000
221.222  29 00000110010001000000000000010
227.222  29 00101010001000000000000000100
221.111  29 00000001000000001000000000100
240.167  29 00000000010000101000000001000
209.222  29 00000010001001100000000000010
219.167  29 01010000000000000110100000000
221.056  29 00000000000000000110000000010
219.167  29 00000000000101100010100000000
206.167  29 01000000000001000110100000000
220.167  29 00000000000001100110100000000
216.222  29 00000010010001100000000000100
213.222  29 00000110001010000000000000100
209.111  29 00000001000000001000000000100
214.167  29 00000000010001001000000000100
219.167  29 00000000100001100010100000000
101.056  29 10000000000000000001000010000
212.056  29 00000000000000000110000000100
213.167  29 00000011000000100000000000010
214.167  29 00001010100000000010100000000
224.167  29 00001010000000000110100000000
220.167  29 00010000010000100000000000010
232.167  29 00010000001000100000000000010
109.056  29 10000000000000000001000010000
215.222  29 00000010000101100010100000000
219.167  29 00001010000100000010100000000
199.167  29 01010000000000000110100000000
215.167  29 00000000001000101000000001000
223.111  29 00000001000000001000000000010
202.222  29 00000010001001100000000000100
235.167  29 00001010000000000110100000000
224.167  29 00000000000110010010100000000
102.056  29 10000000000000000001000010000
220.222  29 00000010010001100000000000010
224.167  29 00000001000001001000000000100
237.111  29 00000100000000000100000000100
208.167  29 01010000000000000110100000000
233.056  29 00000000000000000100000000010
214.167  29 00000000000101100010100000000
217.222  29 00000100001011000000000000010
