93.0556  29 10000000000000000001000010000
93.0556  29 10000000000000000011000010000
93.0556  29 10000000000000000011000010000
248.222  29 00010010000000001111000001000
93.0556  29 10000000000000000001000010000
93.0556  29 10000000000000000001000010000
241.111  29 00000000000010000111000001000
248.222  29 00010010000000001111000001000
248.222  29 00010010000000001111000001000
248.222  29 00010010000000001111000001000
248.222  29 00010010000000001111000001000
93.0556  29 10000000000000000011000010000
93.0556  29 10000000000000000001000010000
93.0556  29 10000000000000000001000010000
216.111  29 00000000001000100001000000010
93.0556  29 10000000000000000001000010000
93.0556  29 10000000000000000001000010000
248.222  29 00010010000000001111000001000
262.222  29 00010010000100001010100000000
93.0556  29 10000000000000000011000010000
216.111  29 00000000001000100001000000010
248.222  29 00010010000000001111000001000
248.222  29 00010010000000001111000001000
248.222  29 00010010000000001111000001000
248.222  29 00010010000000001111000001000
93.0556  29 10000000000000000001000010000
93.0556  29 10000000000000000001000010000
93.0556  29 10000000000000000011000010000
93.0556  29 10000000000000000011000010000
248.222  29 00010010000000001111000001000
93.0556  29 10000000000000000011000010000
93.0556  29 10000000000000000001000010000
93.0556  29 10000000000000000011000010000
248.222  29 00010010000000001111000001000
93.0556  29 10000000000000000001000010000
93.0556  29 10000000000000000001000010000
93.0556  29 10000000000000000001000010000
248.222  29 00010010000000001111000001000
93.0556  29 10000000000000000011000010000
241.111  29 00000000000010000111000001000
93.0556  29 10000000000000000011000010000
248.222  29 00010010000000001111000001000
93.0556  29 10000000000000000001000010000
248.222  29 00010010000000001111000001000
93.0556  29 10000000000000000011000010000
93.0556  29 10000000000000000011000010000
248.222  29 00010010000000001111000001000
93.0556  29 10000000000000000011000010000
93.0556  29 10000000000000000011000010000
241.111  29 00000000000010000111000001000
248.222  29 00010010000000001111000001000
248.222  29 00010010000000001111000001000
93.0556  29 10000000000000000001000010000
93.0556  29 10000000000000000001000010000
248.222  29 00010010000000001111000001000
216.111  29 00000000001000100001000000010
216.111  29 00000000010000100001000000010
93.0556  29 10000000000000000011000010000
93.0556  29 10000000000000000001000010000
93.0556  29 10000000000000000001000010000
93.0556  29 10000000000000000011000010000
241.111  29 00000000000010000111000001000
241.111  29 00000000000010000111000001000
93.0556  29 10000000000000000011000010000
93.0556  29 10000000000000000011000010000
93.0556  29 10000000000000000001000010000
248.222  29 00010010000000001111000001000
216.111  29 00000000010000100001000000010
93.0556  29 10000000000000000001000010000
93.0556  29 10000000000000000011000010000
248.222  29 00010010000000001111000001000
93.0556  29 10000000000000000011000010000
93.0556  29 10000000000000000001000010000
248.222  29 00010010000000001111000001000
93.0556  29 10000000000000000001000010000
93.0556  29 10000000000000000001000010000
93.0556  29 10000000000000000001000010000
248.222  29 00010010000000001111000001000
216.111  29 00000000001000100001000000010
93.0556  29 10000000000000000001000010000
248.222  29 00010010000000001111000001000
216.111  29 00000000010000100001000000010
93.0556  29 10000000000000000001000010000
93.0556  29 10000000000000000001000010000
93.0556  29 10000000000000000011000010000
93.0556  29 10000000000000000001000010000
216.111  29 00000000010000100001000000010
248.222  29 00010010000000001111000001000
248.222  29 00010010000000001111000001000
93.0556  29 10000000000000000011000010000
93.0556  29 10000000000000000011000010000
93.0556  29 10000000000000000011000010000
248.222  29 00010010000000001111000001000
93.0556  29 10000000000000000001000010000
248.222  29 00010010000000001111000001000
216.111  29 00000001000000100001000000010
93.0556  29 10000000000000000001000010000
248.222  29 00010010000000001111000001000
93.0556  29 10000000000000000011000010000
248.222  29 00010010000000001111000001000
