1.959 16 00010010000000001111000001000
1.944 9 00000000010010100000000000100
1.944 12 00000001000010100000000000010
1.944 11 00000001000010100000000000010
1.959 20 00010010000000001111000001000
1.959 14 00010010000000001111000001000
1.944 14 00000000010010100000000000010
1.959 17 00010010000000001111000001000
1.959 14 00010010000000001111000001000
1.944 11 00000000001010100000000000010
1.959 10 00010010000000001111000001000
1.959 15 00010010000000001111000001000
1.944 7 00000000001010100000000000100
1.944 10 00000000001010100000000000010
1.959 14 00010010000000001111000001000
1.944 10 00000001000010100000000000010
1.959 12 00010010000000001111000001000
1.944 10 00000000001010100000000000100
1.944 9 00000001000010100000000000010
1.944 15 00000001000010100000000000100
1.959 17 00010010000000001111000001000
1.944 10 00000000001010100000000000010
1.944 10 00000000010010100000000000100
1.959 3 00010010000000001111000001000
1.944 3 01001001000010000000000000010
1.944 5 00000001000010100000000000100
1.944 13 00000001000010100000000000010
1.944 10 00000000010010100000000000100
0.511 17 10000000000000000001000010000
1.959 18 00010010000000001111000001000
1.959 17 00010010000000001111000001000
1.944 12 00000000001010100000000000100
1.944 12 00000001000010100000000000100
1.959 18 00010010000000001111000001000
1.944 12 00000000001010100000000000010
1.959 19 00010010000000001111000001000
1.944 10 00000000001010100000000000100
1.944 14 00000000001010100000000000010
1.959 10 00010010000000001111000001000
1.959 15 00010010000000001111000001000
1.944 15 00000000010010100000000000010
1.944 15 00000000010010100000000000010
1.959 15 00010010000000001111000001000
1.959 14 00010010000000001111000001000
1.959 12 00010010000000001111000001000
0.511 4 10000000000000000001000010000
1.959 15 00010010000000001111000001000
1.944 10 00000000001010100000000000010
1.944 7 00000000001010100000000000010
1.959 8 00010010000000001111000001000
1.944 12 00000001000010100000000000010
1.944 7 00000000010010100000000000100
1.959 13 00010010000000001111000001000
1.944 10 00000000001010100000000000010
1.944 11 00000000010010100000000000010
0.511 23 10000000000000000001000010000
1.959 17 00010010000000001111000001000
1.944 10 00000000001010100000000000010
1.944 13 00000000010010100000000000010
1.959 12 00010010000000001111000001000
1.959 13 00010010000000001111000001000
1.944 11 00000000010010100000000000100
1.959 11 00010010000000001111000001000
1.959 20 00010010000000001111000001000
1.959 10 00010010000000001111000001000
1.959 12 00010010000000001111000001000
1.944 11 00000000010010100000000000010
1.959 15 00010010000000001111000001000
1.959 7 00010010000000001111000001000
1.959 14 00010010000000001111000001000
1.959 11 00010010000000001111000001000
2.133 9 00010010000100001010100000000
0.511 18 10000000000000000011000010000
1.944 9 00000000010010100000000000100
1.959 13 00010010000000001111000001000
1.944 13 00000001000010100000000000010
1.959 14 00010010000000001111000001000
1.959 10 00010010000000001111000001000
1.944 9 00000000001010100000000000010
1.959 12 00010010000000001111000001000
1.959 20 00010010000000001111000001000
1.959 9 00010010000000001111000001000
1.959 13 00010010000000001111000001000
1.959 9 00010010000000001111000001000
1.959 11 00010010000000001111000001000
1.944 10 00000000010010100000000000100
1.959 12 00010010000000001111000001000
1.959 15 00010010000000001111000001000
1.944 11 00000000001010100000000000010
1.944 17 00000001000010100000000000010
1.944 8 00000001000010100000000000100
1.959 6 00010010000000001111000001000
1.944 15 00000001000010100000000000010
1.944 7 00000000010010100000000000010
1.959 12 00010010000000001111000001000
1.959 20 00010010000000001111000001000
0.511 12 10000000000000000001000010000
1.944 10 00000000001010100000000000100
0.511 15 10000000000000000001000010000
1.959 2 00010010000000001111000001000
