322.056  29 10000000000000000011000010000
1612.17  29 00000000010001001000000000100
1612.17  29 00000000010001001000000000100
1577.17  29 01000000000001000110100000000
1577.17  29 01000000000101000010100000000
1615.06  29 00000000000000000100000000010
1410.17  29 10001000000000100001001000000
1615.06  29 00000000000000000100000000100
1577.17  29 01000000000101000010100000000
1577.17  29 01000000000001000110100000000
1577.17  29 01000000100001000010100000000
322.056  29 10000000000000000011000010000
322.056  29 10000000000000000001000010000
1615.06  29 00000000000000000100000000010
1615.06  29 00000000000000000100000000010
1577.17  29 01000000100001000010100000000
1612.17  29 00000000010001001000000000100
1615.06  29 00000000000000000110000000100
1410.17  29 10001000000000100001001000000
1615.06  29 00000000000000000100000000010
1577.17  29 01000000000001000110100000000
1577.17  29 01000000000101000010100000000
1577.17  29 01000000000101000010100000000
1612.17  29 00000000001001001000000000100
1577.17  29 01000000100001000010100000000
1577.17  29 01000000100001000010100000000
1577.17  29 01000000100001000010100000000
1612.17  29 00000000001001001000000000010
1577.17  29 01000000000001000110100000000
1612.17  29 00000001000001001000000000010
322.056  29 10000000000000000001000010000
1577.17  29 01000000000101000010100000000
1577.17  29 01000000100001000010100000000
1615.06  29 00000000000000000110000000100
1612.17  29 00000000001001001000000000100
322.056  29 10000000000000000011000010000
322.056  29 10000000000000000011000010000
1577.17  29 01000000100001000010100000000
1577.17  29 01000000100001000010100000000
1577.17  29 01000000100001000010100000000
322.056  29 10000000000000000001000010000
1615.06  29 00000000000000000100000000100
1577.17  29 01000000000001000110100000000
322.056  29 10000000000000000001000010000
1577.17  29 01000000000001000110100000000
1410.17  29 11000000000000100001001000000
322.056  29 10000000000000000011000010000
1577.17  29 01000000100001000010100000000
1612.17  29 00000001000001001000000000010
322.056  29 10000000000000000001000010000
322.056  29 10000000000000000001000010000
1612.17  29 00000000010001001000000000100
1577.17  29 01000000000001000110100000000
1410.17  29 11000000000000100001001000000
1615.06  29 00000000000000000110000000010
1577.17  29 01000000100001000010100000000
1577.17  29 01000000100001000010100000000
1577.17  29 01000000000101000010100000000
1612.17  29 00000000001001001000000000100
1577.17  29 01000000000001000110100000000
1577.17  29 01000000000101000010100000000
1577.17  29 01000000000001000110100000000
1615.06  29 00000000000000000100000000010
322.056  29 10000000000000000001000010000
1577.17  29 01000000000101000010100000000
1615.06  29 00000000000000000110000000100
1577.17  29 01000000000101000010100000000
1577.17  29 01000000100001000010100000000
1577.17  29 01000000100001000010100000000
1615.06  29 00000000000000000110000000100
1577.17  29 01000000100001000010100000000
1577.17  29 01000000000101000010100000000
1615.06  29 00000000000000000110000000010
1577.17  29 01000000000101000010100000000
322.056  29 10000000000000000001000010000
1577.17  29 01000000000101000010100000000
1612.17  29 00000001000001001000000000010
1577.17  29 01000000000001000110100000000
1577.17  29 01000000100001000010100000000
1577.17  29 01000000000001000110100000000
1612.17  29 00000000001001001000000000010
1577.17  29 01000000000101000010100000000
1615.06  29 00000000000000000100000000100
1612.17  29 00000000001001001000000000010
1577.17  29 01000000000101000010100000000
1615.06  29 00000000000000000110000000010
1577.17  29 01000000000001000110100000000
1577.17  29 01000000000101000010100000000
1577.17  29 01000000100001000010100000000
1577.17  29 01000000100001000010100000000
1577.17  29 01000000100001000010100000000
1577.17  29 01000000000001000110100000000
1612.17  29 00000001000001001000000000010
1577.17  29 01000000000101000010100000000
1577.17  29 01000000100001000010100000000
1615.06  29 00000000000000000110000000100
1577.17  29 01000000100001000010100000000
1615.06  29 00000000000000000100000000100
1577.17  29 01000000000001000110100000000
1577.17  29 01000000000101000010100000000
