1548.17  29 00000000000101100010000001000
359.056  29 10000000000000000001000010000
1546.22  29 00000010000001100110000001000
1544.17  29 00000000000001100110000001000
1582.06  29 00000000000000000110000000100
1599.06  29 00000000000000000100000000010
1541.06  29 00000000000000000110000000100
1557.06  29 00000000000000000100000000010
1518.06  29 00000000000000000100000000100
1575.22  29 00011010100000000010100000000
1558.22  29 00000010000101100010000001000
1575.06  29 00000000000000000110000000010
1533.17  29 00000000000001100110000001000
1562.06  29 00000000000000000100000000100
1559.22  29 00000010100001100010000001000
1552.06  29 00000000000000000110000000010
1503.22  29 00000010000001100110000001000
321.056  29 10000000000000000011000010000
1569.06  29 00000000000000000110000000100
356.056  29 10000000000000000001000010000
346.056  29 10000000000000000001000010000
1543.06  29 00000000000000000100000000100
1532.17  29 00000000010001001000000000010
1563.06  29 00000000000000000100000000100
1549.06  29 00000000000000000100000000010
1516.06  29 00000000000000000100000000010
1539.06  29 00000000000000000100000000100
1599.17  29 00000000001001001000000000010
322.056  29 10000000000000000001000010000
1540.06  29 00000000000000000100000000010
1559.22  29 00000010000101100010000001000
1578.06  29 00000000000000000110000000100
1517.06  29 00000000000000000110000000010
1565.06  29 00000000000000000100000000100
1562.22  29 00000010000101100010000001000
1540.17  29 00000000000101100010000001000
1587.06  29 00000000000000000100000000010
1584.22  29 01001000000100010010100000000
1575.22  29 00010010000000100110000001000
1547.06  29 00000000000000000100000000010
1559.06  29 00000000000000000110000000100
305.056  29 10000000000000000001000010000
1577.06  29 00000000000000000100000000100
1544.22  29 00000010000101100010000001000
1537.22  29 00000010000001100110000001000
1543.06  29 00000000000000000110000000010
1585.17  29 00001000000101000010100000000
1546.17  29 01000000000001000110100000000
1543.22  29 01001000000100010010100000000
1550.06  29 00000000000000000100000000010
1514.06  29 00000000000000000110000000100
1540.06  29 00000000000000000100000000100
1548.06  29 00000000000000000100000000010
1563.06  29 00000000000000000110000000010
1520.06  29 00000000000000000100000000100
1569.06  29 00000000000000000100000000010
334.056  29 10000000000000000011000010000
1579.17  29 00000000000101100010000001000
1512.17  29 01000000000101000010100000000
327.056  29 10000000000000000001000010000
1561.17  29 01000000000001000110100000000
1519.06  29 00000000000000000100000000100
1544.06  29 00000000000000000110000000100
1541.06  29 00000000000000000100000000100
1538.22  29 00000010000101100010000001000
1517.06  29 00000000000000000110000000100
1543.22  29 00000010010001100000000000100
1520.06  29 00000000000000000100000000010
1575.06  29 00000000000000000110000000010
1547.17  29 00000000000101100010000001000
1536.06  29 00000000000000000100000000100
1542.17  29 00001000100001000010100000000
1564.06  29 00000000000000000110000000100
1576.06  29 00000000000000000100000000100
1538.22  29 00000010000001100110000001000
1586.06  29 00000000000000000100000000100
1497.22  29 00000010100001100010000001000
334.056  29 10000000000000000001000010000
1530.06  29 00000000000000000100000000010
1568.06  29 00000000000000000110000000010
1557.17  29 00000001000001001000000000010
1572.06  29 00000000000000000110000000100
1522.17  29 00001000100001000010100000000
1583.06  29 00000000000000000110000000010
308.056  29 10000000000000000001000010000
1510.06  29 00000000000000000110000000010
1556.22  29 00000010000001100110000001000
1562.06  29 00000000000000000100000000010
1525.17  29 00000000000101100010000001000
1545.06  29 00000000000000000110000000100
1518.06  29 00000000000000000100000000100
1541.06  29 00000000000000000100000000100
1565.06  29 00000000000000000100000000100
1569.06  29 00000000000000000100000000100
1597.06  29 00000000000000000110000000010
1557.22  29 00000010000001100110000001000
1558.17  29 01000000000001000110000001000
1577.06  29 00000000000000000110000000100
1615.06  29 00000000000000000110000000010
1551.06  29 00000000000000000100000000100
