220.167  29 00010000010000100000000000100
103.056  29 10000000000000000011000010000
103.056  29 10000000000000000001000010000
220.167  29 00010001000000100000000000010
220.167  29 00010001000000100000000000100
221.167  29 00001000000000010110100000000
217.222  29 00000100010011000000000000100
220.167  29 00010000001000100000000000010
217.222  29 00000100010011000000000000100
220.167  29 00010000010000100000000000010
220.167  29 00010000010000100000000000010
103.056  29 10000000000000000001000010000
220.167  29 00010000001000100000000000010
220.167  29 00010001000000100000000000010
221.167  29 00001000000000010110100000000
103.056  29 10000000000000000011000010000
103.056  29 10000000000000000001000010000
220.167  29 00010000010000100000000000100
220.167  29 00010000010000100000000000100
221.167  29 00001000100000010010100000000
220.167  29 00010000001000100000000000100
217.222  29 00000100010011000000000000010
220.167  29 00010001000000100000000000010
221.167  29 00001000100000010010100000000
220.167  29 00010001000000100000000000010
217.222  29 00000100001011000000000000100
217.222  29 00000101000011000000000000010
221.167  29 01000000000100010010100000000
221.167  29 01000000000100010010100000000
220.167  29 00010000010000100000000000100
217.222  29 00000100010011000000000000100
220.167  29 00010001000000100000000000100
220.167  29 00010000010000100000000000100
221.167  29 00001000100000010010100000000
217.222  29 00000101000011000000000000010
221.167  29 00001000000000010110100000000
217.222  29 00000100010011000000000000100
221.167  29 00001000000000010110100000000
217.222  29 00000100010011000000000000100
221.167  29 00001000100000010010100000000
220.167  29 00010000010000100000000000010
221.167  29 01000000000000010110100000000
221.167  29 00001000100000010010100000000
220.167  29 00010000001000100000000000100
220.167  29 00010000010000100000000000100
103.056  29 10000000000000000011000010000
221.167  29 00001000000000010110100000000
221.167  29 00001000000000010110100000000
217.222  29 00000100010011000000000000100
221.167  29 00001000100000010010100000000
220.167  29 00010001000000100000000000010
220.167  29 00010001000000100000000000010
103.056  29 10000000000000000011000010000
220.167  29 00010000001000100000000000010
220.167  29 00010000001000100000000000010
220.167  29 00010000010000100000000000010
220.167  29 00010001000000100000000000100
221.167  29 00001000100000010010100000000
220.167  29 00010001000000100000000000010
220.167  29 00010000001000100000000000100
220.167  29 00010000010000100000000000010
217.222  29 00000100010011000000000000100
220.167  29 00010000010000100000000000100
221.167  29 00001000000000010110100000000
217.222  29 00000101000011000000000000010
217.222  29 00000101000011000000000000100
221.167  29 01000000000100010010100000000
221.167  29 00001000000000010110100000000
220.167  29 00010001000000100000000000100
220.167  29 00010001000000100000000000010
220.167  29 00010001000000100000000000100
217.222  29 00000100001011000000000000010
217.222  29 00000100010011000000000000010
217.222  29 00000101000011000000000000100
221.167  29 00001000000000010110100000000
221.167  29 00001000000100010010100000000
103.056  29 10000000000000000001000010000
220.167  29 00010000001000100000000000010
220.167  29 00010000010000100000000000100
217.222  29 00000100001011000000000000100
220.167  29 00010001000000100000000000010
217.222  29 00000100001011000000000000010
220.167  29 00010000010000100000000000010
217.222  29 00000100001011000000000000010
221.167  29 01000000000100010010100000000
221.167  29 00001000000100010010100000000
221.167  29 00001000000000010110100000000
220.167  29 00010001000000100000000000010
220.167  29 00010001000000100000000000010
220.167  29 00010000001000100000000000010
221.167  29 00001000100000010010100000000
220.167  29 00010001000000100000000000010
221.167  29 01000000100000010010100000000
217.222  29 00000100010011000000000000100
103.056  29 10000000000000000001000010000
220.167  29 00010000001000100000000000010
221.167  29 00001000100000010010100000000
220.167  29 00010000010000100000000000010
209.111  29 00000000000000001111000010000
221.167  29 00001000000000010110100000000
