214.167  29 01000000000000001110100000000
98.0556  29 10000000000000000011000010000
207.167  29 00000000000110100010100000000
113.056  29 10000000000000000011000010000
228.167  29 01100000000000000110100000000
225.111  29 00000000001000010000000000100
211.167  29 00000000100010100010100000000
214.222  29 00000101000010100000000000100
220.167  29 01000100000000000110100000000
221.222  29 00010100010010000000000000010
210.222  29 00000100000110100010000001000
218.111  29 00000000000000110001010000000
212.167  29 00000000001000101000000000100
209.167  29 00000000000110100010100000000
214.222  29 00100100000000100110100000000
223.111  29 00000000100000010010000000010
212.167  29 00100000010000100000000000010
222.167  29 00000000001010010000000000010
231.056  29 00000000000000000110000001000
208.222  29 00000101000010100000000000010
225.167  29 01000000000010000111000001000
234.222  29 00000100001010100000000000100
103.056  29 10000000000000000011000010000
198.167  29 00000000000010100110100000000
226.222  29 00000010010001100000000001000
216.167  29 00000001000010010000000000100
217.167  29 00000000000010100110100000000
232.167  29 00000001000010010000000000100
222.167  29 00001100100000000010100000000
209.222  29 00000011000011000000000000100
212.222  29 00100100000100100010100000000
208.167  29 01100000100000000010100000000
118.056  29 10000000000000000011000010000
231.278  29 00100110000000100111000001000
221.222  29 00101100000000000110100000000
216.222  29 00000100001001100000000000010
224.167  29 01001000100000000010100000000
223.222  29 00100010001000100000000000100
222.167  29 00100000001000100000000000010
209.167  29 01000100100000000010100000000
101.056  29 10000000000000000011000010000
215.056  29 00000000000000000100000001000
215.222  29 00000100010010100000000000010
215.167  29 00000000010010010000000000010
210.222  29 00000101000010100000000000100
222.222  29 00000100001010100000000000100
234.222  29 00010101000010000000000000100
207.167  29 00001100100000000010100000000
220.167  29 00100001000000100000000000010
212.222  29 01100100000000000111000001000
216.167  29 01100000000000000110100000000
217.222  29 00000011000011000000000000010
207.167  29 01000000000000001110100000000
207.167  29 00001000100000001010100000000
216.222  29 00000100000110100010100000000
214.167  29 01000100000100000010100000000
218.222  29 00000100010010100000000000010
115.056  29 10000000000000000001000010000
118.056  29 10000000000000000001000010000
219.167  29 00000000000110100010100000000
198.222  29 00100100000100100010100000000
207.222  29 00100100100000100010100000000
111.056  29 10000000000000000001000010000
241.222  29 00010100000010000110100000000
220.167  29 00000000100010100010100000000
95.0556  29 10000000000000000011000010000
201.167  29 00000000000010100110100000000
221.167  29 01000100000100000010100000000
238.167  29 00000100001000100000000000100
217.167  29 00000000010010010000000000100
220.167  29 00001000000110000010100000000
104.056  29 10000000000000000011000010000
229.056  29 00000000000000000100000001000
202.167  29 01100000000000000110100000000
214.222  29 01001000100000001011000001000
215.222  29 00000101000010100000000000100
110.056  29 10000000000000000001000010000
105.056  29 10000000000000000011000010000
207.167  29 00101000100000000010100000000
198.167  29 00000000000110100010100000000
217.222  29 00000100010010100000000000100
201.167  29 01000100000000000110100000000
100.056  29 10000000000000000001000010000
214.167  29 00001100000100000010100000000
215.222  29 00001100000010000111000001000
217.167  29 01001000000000000110100000000
197.167  29 00101000100000000010100000000
213.222  29 00000100010010100000000000010
217.056  29 00000000000000000100000001000
238.167  29 00000000000010100110100000000
215.167  29 01000000000000001110100000000
213.167  29 00000000000110100010100000000
219.222  29 00000100010010100000000000010
102.056  29 10000000000000000001000010000
210.167  29 00000000100010100010100000000
226.167  29 00001100000000000110100000000
226.167  29 01000100100000000010100000000
214.167  29 00101000000000000110100000000
214.167  29 01000000000000001110100000000
220.222  29 00000100001010100000000000100
