1582.17  29 01000000100010000010100000000
1604.17  29 00000000001010010000000000100
1568.17  29 00000000001000101000000000010
1582.17  29 01000000000010000110100000000
1568.17  29 00000001000000101000000000100
346.056  29 10000000000000000011000010000
1568.17  29 00000000001000101000000000100
1582.17  29 01000000100010000010100000000
1568.17  29 00000000010000101000000000100
1604.17  29 00000000001010010000000000100
1568.17  29 00000000001000101000000000010
346.056  29 10000000000000000001000010000
1604.17  29 00000001000010010000000000010
1568.17  29 00000001000000101000000000010
1582.17  29 01000000000010000110100000000
1582.17  29 01000000000110000010100000000
1568.17  29 00000000010000101000000000010
1582.17  29 01000000000010000110100000000
1582.17  29 01000000100010000010100000000
1582.17  29 01000000000010000110100000000
1582.17  29 01000000100010000010100000000
1582.17  29 01000000000010000110100000000
1582.17  29 01000000000010000110100000000
1568.17  29 00000001000000101000000000100
1568.17  29 00000000010000101000000000100
1604.17  29 00000001000010010000000000100
1582.17  29 01000000000010000110100000000
1582.17  29 01000000000110000010100000000
1568.17  29 00000000001000101000000000010
1568.17  29 00000001000000101000000000010
1582.17  29 01000000100010000010100000000
346.056  29 10000000000000000001000010000
1582.17  29 01000000000110000010100000000
1568.17  29 00000001000000101000000000010
1568.17  29 00000000010000101000000000100
1568.17  29 00000000001000101000000000010
1582.17  29 01000000000010000110100000000
1582.17  29 01000000000010000110100000000
1582.17  29 01000000100010000010100000000
1568.17  29 00000000010000101000000000010
1582.17  29 01000000000010000110100000000
1568.17  29 00000000001000101000000000100
1568.17  29 00000001000000101000000000100
1568.17  29 00000001000000101000000000100
1582.17  29 01000000100010000010100000000
1568.17  29 00000000010000101000000000100
1582.17  29 01000000000010000110100000000
1568.17  29 00000000010000101000000000100
1568.17  29 00000000010000101000000000010
1568.17  29 00000000010000101000000000010
1582.17  29 01000000100010000010100000000
1582.17  29 01000000000110000010100000000
1582.17  29 01000000000110000010100000000
1582.17  29 01000000000110000010100000000
1582.17  29 01000000000010000110100000000
1611.33  29 00101000000110101010000001000
1568.17  29 00000001000000101000000000100
1568.17  29 00000001000000101000000000010
1604.17  29 00000000001010010000000000010
1568.17  29 00000000001000101000000000010
1568.17  29 00000000010000101000000000100
1568.17  29 00000000010000101000000000100
346.056  29 10000000000000000001000010000
1582.17  29 01000000000110000010100000000
1568.17  29 00000001000000101000000000100
1582.17  29 01000000000110000010100000000
1568.17  29 00000001000000101000000000010
1582.17  29 01000000000010000110100000000
1568.17  29 00000000001000101000000000100
1568.17  29 00000000001000101000000000010
1568.17  29 00000000001000101000000000100
1568.17  29 00000001000000101000000000100
1568.17  29 00000000010000101000000000010
1568.17  29 00000001000000101000000000010
1568.17  29 00000001000000101000000000010
1582.17  29 01000000000110000010100000000
1568.17  29 00000001000000101000000000010
1582.17  29 01000000000110000010100000000
1568.17  29 00000001000000101000000000100
1582.17  29 01000000000110000010100000000
1582.17  29 01000000100010000010100000000
1568.17  29 00000001000000101000000000100
1568.17  29 00000000001000101000000000010
1568.17  29 00000000001000101000000000010
1582.17  29 01000000000010000110100000000
1568.17  29 00000000010000101000000000010
1568.17  29 00000000010000101000000000010
1568.17  29 00000001000000101000000000100
1568.17  29 00000001000000101000000000100
1582.17  29 01000000000010000110100000000
1582.17  29 01000000000110000010100000000
1582.17  29 01000000000010000110100000000
1582.17  29 01000000000010000110100000000
1568.17  29 00000000010000101000000000010
1582.17  29 01000000000010000110100000000
1582.17  29 01000000100010000010100000000
1582.17  29 01000000100010000010100000000
1568.17  29 00000001000000101000000000100
1582.17  29 01000000100010000010100000000
1568.17  29 00000000001000101000000000010
