474.167  29 00101000100000000010100000000
474.167  29 00101000100000000010100000000
474.167  29 00101000000100000010100000000
474.167  29 00101000000100000010100000000
487.167  29 00000010001001000000000000100
474.167  29 00101000000100000010100000000
363.056  29 10000000000000000011000010000
487.167  29 00000011000001000000000000010
363.056  29 10000000000000000001000010000
363.056  29 10000000000000000001000010000
474.167  29 00101000000000000110100000000
363.056  29 10000000000000000001000010000
474.167  29 00101000100000000010100000000
474.167  29 00101000000000000110100000000
363.056  29 10000000000000000011000010000
474.167  29 00101000100000000010100000000
363.056  29 10000000000000000011000010000
474.167  29 00101000100000000010100000000
474.167  29 00101000100000000010100000000
474.167  29 00101000000000000110100000000
363.056  29 10000000000000000001000010000
363.167  29 10000001010000000001000010000
474.167  29 00101000000000000110100000000
363.056  29 10000000000000000001000010000
363.056  29 10000000000000000001000010000
474.167  29 00101000000000000110100000000
474.167  29 00101000000100000010100000000
474.167  29 00101000000100000010100000000
474.167  29 00101000000000000110100000000
474.167  29 00101000100000000010100000000
474.167  29 00101000100000000010100000000
474.167  29 00101000000100000010100000000
474.167  29 00101000000000000110100000000
474.167  29 00101000000000000110100000000
474.167  29 00101000100000000010100000000
474.167  29 00101000000100000010100000000
474.167  29 00101000000100000010100000000
474.167  29 00101000000100000010100000000
474.167  29 00101000100000000010100000000
474.167  29 00101000100000000010100000000
474.167  29 00101000000100000010100000000
474.167  29 00101000000000000110100000000
474.167  29 00101000000000000110100000000
474.167  29 00101000000100000010100000000
363.056  29 10000000000000000001000010000
474.167  29 00101000100000000010100000000
487.167  29 00000010010001000000000000100
474.167  29 00101000000100000010100000000
474.167  29 00101000000000000110100000000
474.167  29 00101000100000000010100000000
474.167  29 00101000000100000010100000000
474.167  29 00101000000000000110100000000
363.056  29 10000000000000000011000010000
363.056  29 10000000000000000001000010000
474.167  29 00101000100000000010100000000
474.167  29 00101000100000000010100000000
474.167  29 00101000000000000110100000000
474.167  29 00101000000000000110100000000
474.167  29 00101000000100000010100000000
474.167  29 00101000000000000110100000000
363.056  29 10000000000000000011000010000
474.167  29 00101000000000000110100000000
474.167  29 00101000100000000010100000000
474.167  29 00101000000100000010100000000
474.167  29 00101000000000000110100000000
474.167  29 00101000000100000010100000000
474.167  29 00101000100000000010100000000
474.167  29 00101000000000000110100000000
474.167  29 00101000000000000110100000000
474.167  29 00101000100000000010100000000
363.056  29 10000000000000000001000010000
474.167  29 00101000000000000110100000000
474.167  29 00101000000000000110100000000
474.167  29 00101000100000000010100000000
474.167  29 00101000000100000010100000000
474.167  29 00101000100000000010100000000
474.167  29 00101000100000000010100000000
491.111  29 00000000000100010010000000100
474.167  29 00101000000000000110100000000
474.167  29 00101000000000000110100000000
474.167  29 00101000000100000010100000000
474.167  29 00101000100000000010100000000
474.167  29 00101000000100000010100000000
363.056  29 10000000000000000001000010000
363.056  29 10000000000000000011000010000
363.056  29 10000000000000000011000010000
363.056  29 10000000000000000001000010000
474.167  29 00101000000100000010100000000
474.167  29 00101000000000000110100000000
487.167  29 00000011000001000000000000100
474.167  29 00101000000100000010100000000
474.167  29 00101000000100000010100000000
363.056  29 10000000000000000001000010000
474.167  29 00101000000000000110100000000
441.167  29 10000000010010000001000010000
474.167  29 00101000000000000110100000000
474.167  29 00101000100000000010100000000
474.167  29 00101000000000000110100000000
363.056  29 10000000000000000001000010000
474.167  29 00101000000000000110100000000
