3871.17  29 00000000000001100110100000000
3871.17  29 00000000000001100110100000000
3871.17  29 00000000100001100010100000000
3969.11  29 00000001000000001000000000100
3871.17  29 00000000100001100010100000000
3871.17  29 00000000100001100010100000000
3871.17  29 00000000000001100110100000000
3871.17  29 00000000000001100110100000000
3871.17  29 00000000000001100110100000000
4043.22  29 00000010010001100000000000010
3871.17  29 00000000000101100010100000000
3871.17  29 00000000000001100110100000000
3871.17  29 00000000000101100010100000000
3871.17  29 00000000000101100010100000000
3871.17  29 00000000100001100010100000000
3871.17  29 00000000000101100010100000000
3871.17  29 00000000000001100110100000000
3871.17  29 00000000000101100010100000000
3871.17  29 00000000100001100010100000000
3871.17  29 00000000000101100010100000000
3935.11  29 00000000000000001110000000100
2715.06  29 10000000000000000011000010000
3969.11  29 00000000001000001000000000100
3871.17  29 00000000000101100010100000000
3871.17  29 00000000000001100110100000000
3871.17  29 00000000000001100110100000000
3871.17  29 00000000100001100010100000000
3871.17  29 00000000100001100010100000000
3969.11  29 00000000001000001000000000100
3871.17  29 00000000000001100110100000000
2715.06  29 10000000000000000001000010000
3871.17  29 00000000100001100010100000000
3871.17  29 00000000100001100010100000000
3871.17  29 00000000100001100010100000000
3871.17  29 00000000000001100110100000000
3871.17  29 00000000100001100010100000000
3871.17  29 00000000000101100010100000000
3871.17  29 00000000000101100010100000000
3871.17  29 00000000000001100110100000000
3871.17  29 00000000000001100110100000000
3871.17  29 00000000100001100010100000000
3871.17  29 00000000000101100010100000000
3871.17  29 00000000000101100010100000000
2715.06  29 10000000000000000001000010000
3871.17  29 00000000100001100010100000000
3871.17  29 00000000100001100010100000000
3871.17  29 00000000000101100010100000000
3871.17  29 00000000100001100010100000000
3969.11  29 00000000010000001000000000100
3871.17  29 00000000100001100010100000000
3871.17  29 00000000000101100010100000000
3969.11  29 00000000001000001000000000100
4043.22  29 00000010001001100000000000100
3871.17  29 00000000000001100110100000000
3871.17  29 00000000000101100010100000000
3969.11  29 00000000001000001000000000010
3969.11  29 00000000001000001000000000010
3871.17  29 00000000000001100110100000000
3871.17  29 00000000000001100110100000000
3871.17  29 00000000000101100010100000000
3871.17  29 00000000000101100010100000000
3871.17  29 00000000000001100110100000000
3871.17  29 00000000100001100010100000000
3871.17  29 00000000100001100010100000000
3871.17  29 00000000100001100010100000000
3871.17  29 00000000000101100010100000000
3871.17  29 00000000100001100010100000000
3871.17  29 00000000000101100010100000000
3871.17  29 00000000100001100010100000000
3935.11  29 00000000000000001110000000010
3871.17  29 00000000100001100010100000000
3871.17  29 00000000100001100010100000000
3871.17  29 00000000100001100010100000000
3871.17  29 00000000000001100110100000000
3969.11  29 00000000010000001000000000010
3871.17  29 00000000000001100110100000000
3871.17  29 00000000100001100010100000000
3935.11  29 00000000000000001110000000010
4043.22  29 00000011000001100000000000100
3871.17  29 00000000000101100010100000000
2715.06  29 10000000000000000011000010000
3871.17  29 00000000000101100010100000000
3935.11  29 00000000000000001110000000010
3935.11  29 00000000000000001110000000100
3871.17  29 00000000100001100010100000000
3935.11  29 00000000000000001110000000010
3871.17  29 00000000000101100010100000000
3871.17  29 00000000000001100110100000000
2715.06  29 10000000000000000011000010000
3871.17  29 00000000100001100010100000000
3871.17  29 00000000000101100010100000000
3871.17  29 00000000000101100010100000000
3871.17  29 00000000000101100010100000000
3871.17  29 00000000000001100110100000000
3871.17  29 00000000000001100110100000000
3871.17  29 00000000100001100010100000000
3871.17  29 00000000100001100010100000000
3871.17  29 00000000000001100110100000000
3871.17  29 00000000000101100010100000000
3969.11  29 00000001000000001000000000100
