481.111  29 00000000000000001110000000010
476.167  29 00000000100001100010100000000
476.167  29 00000000000001100110100000000
483.111  29 00000000001000001000000000100
476.167  29 00000000000001100110100000000
476.167  29 00000000000001100110100000000
366.056  29 10000000000000000011000010000
481.111  29 00000000000000001110000000100
483.111  29 00000001000000001000000000010
483.111  29 00000000010000001000000000010
476.167  29 00000000000001100110100000000
481.111  29 00000000000000001110000000010
483.111  29 00000000010000001000000000100
483.111  29 00000001000000001000000000100
483.111  29 00000000001000001000000000100
483.111  29 00000000010000001000000000010
481.111  29 00000000000000001110000000010
476.167  29 00000000000001100110100000000
476.167  29 00000000000001100110100000000
366.056  29 10000000000000000001000010000
366.056  29 10000000000000000001000010000
476.167  29 00000000000001100110100000000
476.167  29 00000000000101100010100000000
476.167  29 00000000000101100010100000000
476.167  29 00000000000001100110100000000
476.167  29 00000000000101100010100000000
483.111  29 00000000001000001000000000010
480.222  29 00011010100000000010100000000
366.056  29 10000000000000000011000010000
483.111  29 00000000010000001000000000010
476.167  29 00000000100001100010100000000
480.222  29 00011010100000000010100000000
483.111  29 00000000001000001000000000100
476.167  29 00000000100001100010100000000
483.111  29 00000001000000001000000000010
476.167  29 00000000000101100010100000000
476.167  29 00000000000101100010100000000
476.167  29 00000000000101100010100000000
476.167  29 00000000100001100010100000000
483.111  29 00000001000000001000000000100
480.222  29 00011010100000000010100000000
483.111  29 00000001000000001000000000100
483.111  29 00000000010000001000000000010
476.167  29 00000000100001100010100000000
483.111  29 00000000010000001000000000010
483.111  29 00000000001000001000000000010
476.167  29 00000000000001100110100000000
476.167  29 00000000000001100110100000000
476.167  29 00000000100001100010100000000
480.222  29 00011010100000000010100000000
481.111  29 00000000000000001110000000100
476.167  29 00000000000001100110100000000
480.222  29 00011010000100000010100000000
476.167  29 00000000000101100010100000000
476.167  29 00000000000101100010100000000
476.167  29 00000000000001100110100000000
476.167  29 00000000100001100010100000000
476.167  29 00000000000001100110100000000
476.167  29 00000000100001100010100000000
476.167  29 00000000000001100110100000000
481.111  29 00000000000000001110000000010
476.167  29 00000000000101100010100000000
476.167  29 00000000100001100010100000000
476.167  29 00000000000101100010100000000
476.167  29 00000000000101100010100000000
366.056  29 10000000000000000001000010000
476.167  29 00000000000101100010100000000
476.167  29 00000000100001100010100000000
476.167  29 00000000100001100010100000000
476.167  29 00000000000101100010100000000
476.167  29 00000000100001100010100000000
476.167  29 00000000100001100010100000000
366.056  29 10000000000000000001000010000
481.111  29 00000000000000001110000000100
483.111  29 00000001000000001000000000100
476.167  29 00000000100001100010100000000
476.167  29 00000000000001100110100000000
481.111  29 00000000000000001110000000010
476.167  29 00000000000001100110100000000
483.111  29 00000001000000001000000000010
480.222  29 00011010100000000010100000000
481.111  29 00000000000000001110000000100
476.167  29 00000000000001100110100000000
476.167  29 00000000000101100010100000000
483.111  29 00000000010000001000000000010
476.167  29 00000000000101100010100000000
483.111  29 00000001000000001000000000010
476.167  29 00000000100001100010100000000
366.056  29 10000000000000000011000010000
366.056  29 10000000000000000001000010000
476.167  29 00000000100001100010100000000
476.167  29 00000000000101100010100000000
483.111  29 00000000010000001000000000010
481.111  29 00000000000000001110000000100
480.222  29 00011010100000000010100000000
476.167  29 00000000000001100110100000000
476.167  29 00000000100001100010100000000
476.167  29 00000000000101100010100000000
483.111  29 00000001000000001000000000010
483.111  29 00000001000000001000000000010
