479.167  29 00000011000000100000000000010
481.167  29 01001000100000000011000001000
484.167  29 00000100001001000000000000100
480.167  29 01000010100000000010100000000
461.167  29 00001000000100010010100000000
479.111  29 00000000001000001000000000100
484.222  29 00100110100000000010100000000
483.111  29 00000000000000001110000000100
477.222  29 00010010100000100010100000000
476.167  29 01010000000100000010100000000
470.222  29 00010010100000100010100000000
477.167  29 00101010000000000001000010000
478.167  29 01000010000000000110100000000
476.167  29 00000011000001000000000000010
480.222  29 00010010000100100010100000000
480.167  29 00010000001000100000000000100
475.167  29 01000010000000000110100000000
486.111  29 00000000001000001000000000100
491.167  29 00011000000000000110100000000
499.111  29 00000000000000001110000000100
487.167  29 00000010000010000110100000000
499.167  29 00000100010010000000000000100
465.167  29 00000000000001100110100000000
472.222  29 00010010000100100010100000000
380.056  29 10000000000000000001000010000
467.222  29 00010000000100101010100000000
481.111  29 00000000010000001000000000010
483.167  29 00011000010000000000000000010
490.167  29 00011000000000000110100000000
461.278  29 01011010000000000111000001000
470.167  29 00001000000000010110100000000
379.056  29 10000000000000000001000010000
490.167  29 01010000100000000010100000000
469.167  29 00000010000100100010100000000
375.056  29 10000000000000000001000010000
485.167  29 00000101000001000000000000100
441.222  29 00010010100000100010100000000
385.056  29 10000000000000000011000010000
384.056  29 10000000000000000011000010000
476.167  29 00000101000010000000000000100
383.056  29 10000000000000000001000010000
500.167  29 00000000010001100000000000100
382.056  29 10000000000000000011000010000
462.167  29 01010000000100000010100000000
456.222  29 00010010100000100010100000000
467.167  29 00000000100001100010100000000
368.056  29 10000000000000000001010000000
464.167  29 00001010000000000110100000000
478.167  29 01001000100000000011000001000
466.111  29 00000000000000001110000000010
478.167  29 00000101000010000000000000100
471.222  29 00010010000000100110100000000
459.222  29 00010010000000100110100000000
472.278  29 01001000000001100101000010000
480.167  29 00000011000000100000000000010
480.111  29 00010100000000000001000010000
503.111  29 00000100001000000000000000010
363.056  29 10000000000000000001010000000
479.167  29 01010000100000000010100000000
469.167  29 00000100001010000000000000100
419.111  29 11000000000000000001001000000
453.222  29 00010010000100100010100000000
366.056  29 10000000000000000011000010000
374.056  29 10000000000000000011000010000
476.222  29 00010000000000101110100000000
469.167  29 01001000100000000011000001000
372.056  29 10000000000000000001000010000
364.056  29 10000000000000000001000010000
463.167  29 01000010000100000010100000000
458.222  29 00000010000000101110100000000
382.056  29 10000000000000000001000010000
497.167  29 00010100100000000010100000000
496.222  29 00011010100000000010100000000
479.167  29 00001010100000000010100000000
484.278  29 01001010000000100101000010000
505.167  29 00100000000101000010100000000
488.111  29 00000000001000001000000000100
488.222  29 00000100100010010010100000000
461.111  29 00000000000000001110000000010
453.167  29 00000000000001100110100000000
481.222  29 00010010100000100010100000000
501.167  29 00000010010000100000000000010
490.222  29 00010010100000100010100000000
489.167  29 00000000100001100010100000000
497.222  29 00010010000100100010100000000
494.167  29 00000000010001100000000000100
487.167  29 00000010001000100000000000100
476.167  29 00001000100000010010100000000
381.056  29 10000000000000000001000010000
473.222  29 00000010000000101110100000000
482.167  29 00000100001001000000000000010
468.111  29 00000000000000001110000000010
486.167  29 01000010000000000110100000000
371.056  29 10000000000000000011000010000
481.111  29 00000000001010000001000000010
371.056  29 10000000000000000011000010000
498.167  29 00000100010010000000000000010
380.056  29 10000000000000000001000010000
479.111  29 00000001000000001000000000010
470.167  29 00000000000101100010100000000
