393.167  29 00010000000000001110100000000
201.111  29 10000000000001000001000010000
401.167  29 00000010000100001010100000000
367.167  29 00010000000000001110100000000
216.111  29 10000000000001000001000010000
372.167  29 00000000100000110010000000010
419.167  29 00000010000100001010100000000
223.111  29 10000000000010000001000010000
220.111  29 10000000000001000001000010000
199.111  29 00001000010000000001000000010
221.111  29 10000000000001000001000010000
395.167  29 00000010100000001010100000000
400.167  29 00010000100000001010100000000
216.111  29 10000000000010000001000010000
386.167  29 00010000000100001010100000000
391.167  29 00010000000000001110100000000
380.167  29 00000010000100001010100000000
409.167  29 00010000100000001010100000000
221.111  29 10000000000010000001000010000
223.111  29 10000000000010000001000010000
426.167  29 00000010100000001010100000000
209.111  29 10000000000001000001000010000
410.167  29 00000010000100001010100000000
403.222  29 00010010000000001110100000000
197.111  29 01000000010000000001000000010
406.167  29 00010000000000001110100000000
216.111  29 10000000000010000001000010000
419.167  29 00000010100000001010100000000
196.111  29 01000000010000000001000000010
406.167  29 00000010100000001010100000000
210.111  29 00001001000000000001000000010
327.167  29 01001000000000000111000000010
408.167  29 00000000100000110010000000100
220.111  29 10000000000010000001000010000
403.167  29 00000010000000001110100000000
392.167  29 00010000000100001010100000000
420.167  29 00000010000100001010100000000
205.111  29 01000001000000000001000000010
377.167  29 00000010000000001110100000000
399.167  29 00010000100000001010100000000
397.167  29 00000010000100001010100000000
218.111  29 10000000000010000001000010000
166.111  29 00001001000000000001000000010
225.111  29 10000000000001000001000010000
397.167  29 00000010100000001010100000000
395.167  29 00000010100000001010100000000
415.167  29 00010000000000001110100000000
367.167  29 00010000100000001010100000000
386.167  29 00000010100000001010100000000
379.167  29 00010000000000001110100000000
226.111  29 10000000000001000001000010000
382.167  29 00000010000000001110100000000
191.111  29 00001001000000000001000000010
382.167  29 00010000000000001110100000000
221.111  29 10000000000010000001000010000
413.167  29 00010000000000001110100000000
216.111  29 10000000000010000001000010000
231.111  29 10000000000001000001000010000
407.167  29 00010000100000001010100000000
402.167  29 00010000000000001110100000000
383.167  29 00000010100000001010100000000
201.111  29 10000000000010000001000010000
214.111  29 10000000000001000001000010000
301.167  29 01001000000000000111000000010
226.111  29 10000000000010000001000010000
209.111  29 10000000000010000001000010000
208.111  29 00001000010000000001000000010
201.111  29 01000000001000000001000000010
205.111  29 10000000000001000001000010000
407.167  29 00010000000100001010100000000
196.111  29 01000000001000000001000000010
398.222  29 00010010000000001110100000000
394.167  29 00000000100000110010000000010
217.111  29 10000000000010000001000010000
225.111  29 10000000000001000001000010000
188.111  29 00001000001000000001000000010
418.167  29 00000000100000110010000000010
401.167  29 00000010000000001110100000000
182.111  29 00001001000000000001000000010
223.111  29 10000000000010000001000010000
376.222  29 00010010100000001010100000000
343.167  29 01001000000000000111000000010
397.167  29 00000010000100001010100000000
196.111  29 00001000001000000001000000010
197.111  29 01000000001000000001000000010
368.167  29 00010000000100001010100000000
402.167  29 00000010000000001110100000000
395.167  29 00000010100000001010100000000
427.167  29 00000010000000001110100000000
212.111  29 10000000000010000001000010000
407.167  29 00000010000100001010100000000
397.222  29 00010010000100001010100000000
220.111  29 10000000000001000001000010000
223.111  29 10000000000010000001000010000
406.167  29 00000000000000110110000000100
380.167  29 00010000000000001110100000000
194.111  29 01000001000000000001000000010
393.167  29 00000010000100001010100000000
389.167  29 00010000000100001010100000000
394.167  29 00000010000000001110100000000
