390.056  29 10000000000000000011000010000
453.167  29 00101000000000000111000001000
475.222  29 00100110000100000010100000000
489.167  29 00000000000110100010100000000
373.056  29 10000000000000000011000010000
453.167  29 01100000100000000010100000000
367.056  29 10000000000000000001000010000
486.222  29 00010000000000101110100000000
490.111  29 00000000001000010000000000010
381.056  29 10000000000000000011000010000
366.056  29 10000000000000000011000010000
494.167  29 00001100001000000000000000010
369.056  29 10000000000000000001010000000
375.056  29 10000000000000000001000010000
459.167  29 00000000000010100110100000000
471.167  29 00001000100000001010100000000
364.056  29 10000000000000000001000010000
482.222  29 00000100100010100010100000000
375.056  29 10000000000000000011000010000
486.111  29 00000000010000010000000000010
365.056  29 10000000000000000011000010000
483.222  29 01100100000000000110100000000
371.056  29 10000000000000000011000010000
472.167  29 00000001000010100000000000010
375.056  29 10000000000000000011000010000
486.167  29 00000100000000100110100000000
440.222  29 00100100000000100110100000000
458.333  29 01101100000000010111000001000
490.167  29 00000000100010100010100000000
472.222  29 00100100000000100110100000000
463.167  29 00000000001010100000000000100
389.056  29 10000000000000000001000010000
381.056  29 10000000000000000001000010000
463.167  29 00100000000100100010100000000
466.222  29 00000100000110100010100000000
500.167  29 01100000000100000010100000000
472.111  29 00000000010000010000000000100
477.167  29 00000100000001000110100000000
458.222  29 00100100000000100110100000000
486.111  29 00000000001000010000000000010
377.056  29 10000000000000000011000010000
480.111  29 00000000100000010010000000100
475.167  29 00001000100000001010100000000
495.222  29 00000101000010100000000000100
358.056  29 10000000000000000001000010000
482.111  29 00000001000000010000000000100
374.056  29 10000000000000000001000010000
358.056  29 10000000000000000001000010000
469.167  29 00000000100010100010100000000
473.167  29 01000000100000001010100000000
466.222  29 00100100000000100110100000000
369.056  29 10000000000000000011000010000
467.167  29 00000100000000100110100000000
475.222  29 01000100000010000111000001000
388.056  29 10000000000000000011000010000
479.111  29 00000000000000010110000000100
374.056  29 10000000000000000001000010000
376.056  29 10000000000000000001000010000
484.167  29 00001100000000000110100000000
441.167  29 01000000000010000111000001000
460.333  29 01101100000000100111000001000
469.222  29 01001000000010000111000001000
476.167  29 00000001000010100000000000010
375.056  29 10000000000000000011000010000
375.056  29 10000000000000000001000010000
465.167  29 01000100000000000110100000000
471.167  29 00001100000100000010100000000
486.222  29 00100100000000100110100000000
489.167  29 00000100010000010000000001000
486.167  29 00100000000101000010100000000
475.167  29 00000000000110100010100000000
473.111  29 00000000001000010000000000010
481.167  29 01000100100000000010100000000
374.056  29 10000000000000000011000010000
470.167  29 00101000000000000111000001000
377.056  29 10000000000000000001000010000
372.056  29 10000000000000000001000010000
487.167  29 00000000000110100010100000000
489.167  29 01100000000000000110100000000
358.056  29 10000000000000000001000010000
500.167  29 01100000000000000110100000000
492.167  29 00000101000000100000000000100
472.167  29 00000000000010100110100000000
474.167  29 01100000000100000010100000000
488.167  29 00001000000000001110100000000
495.167  29 01100000100000000010100000000
484.167  29 00001000100000001010100000000
369.056  29 10000000000000000011000010000
446.222  29 00000010100000101010100000000
367.056  29 10000000000000000001000010000
378.056  29 10000000000000000011000010000
479.167  29 00000000010010100000000000010
503.167  29 00100001000000100000000000010
470.222  29 00100100100000100010100000000
473.167  29 00100100000000000110100000000
502.167  29 00000011000001000000000000100
375.056  29 10000000000000000001000010000
461.167  29 00000001000010100000000000010
481.167  29 00000000000010100110100000000
477.167  29 00001100010000000000000000100
