3935.17  29 01000000000100001010100000000
3935.17  29 00001000100000001010100000000
3935.17  29 01000000000000001110100000000
3933.11  29 00000000001000010000000000010
3933.11  29 00000000010000010000000000010
3933.11  29 00000000001000010000000000010
3935.17  29 01000000000000001110100000000
3933.11  29 00000001000000010000000000100
3933.11  29 00000000010000010000000000010
3933.11  29 00000000000000010110000000010
3935.17  29 00001000000000001110100000000
3935.17  29 01000000000100001010100000000
3935.17  29 01000000000000001110100000000
3933.11  29 00000000010000010000000000100
3933.11  29 00000001000000010000000000100
3935.17  29 00001000100000001010100000000
3933.11  29 00000001000000010000000000010
2664.06  29 10000000000000000011000010000
3935.17  29 01000000100000001010100000000
2664.06  29 10000000000000000001000010000
3933.11  29 00000000010000010000000000010
3935.17  29 01000000100000001010100000000
3935.17  29 00001000100000001010100000000
3933.11  29 00000001000000010000000000010
3933.11  29 00000000001000010000000000010
3933.11  29 00000000001000010000000000010
3935.17  29 00001000100000001010100000000
3935.17  29 00001000100000001010100000000
3935.17  29 01000000000000001110100000000
3933.11  29 00000001000000010000000000010
3935.17  29 00001000000100001010100000000
3933.11  29 00000001000000010000000000100
3933.11  29 00000000001000010000000000010
3933.11  29 00000001000000010000000000010
3933.11  29 00000000010000010000000000100
3933.11  29 00000000001000010000000000010
3935.17  29 00001000100000001010100000000
3935.17  29 01000000100000001010100000000
2664.06  29 10000000000000000001000010000
2664.06  29 10000000000000000001000010000
3935.17  29 01000000100000001010100000000
4004.22  29 00000100010010100000000000100
3933.11  29 00000000010000010000000000010
3933.11  29 00000000010000010000000000010
3933.11  29 00000000001000010000000000100
3933.11  29 00000000000100010010000000010
3935.17  29 01000000100000001010100000000
4004.22  29 00000100010010100000000000010
4004.22  29 00000101000010100000000000100
3935.17  29 01000000000100001010100000000
3933.11  29 00000001000000010000000000100
3935.17  29 01000000100000001010100000000
3933.11  29 00000000010000010000000000100
3933.11  29 00000000001000010000000000100
3935.17  29 01000000000100001010100000000
3935.17  29 00001000000100001010100000000
3933.11  29 00000000010000010000000000100
3935.17  29 01000000000100001010100000000
3933.11  29 00000000010000010000000000010
3933.11  29 00000000001000010000000000010
3935.17  29 00001000000000001110100000000
3933.11  29 00000000001000010000000000100
3935.17  29 01000000100000001010100000000
3933.11  29 00000001000000010000000000100
3933.11  29 00000001000000010000000000010
3933.11  29 00000000100000010010000000100
3933.11  29 00000000001000010000000000100
3935.17  29 01000000000100001010100000000
3933.11  29 00000000100000010010000000010
3933.11  29 00000000000000010110000000010
3933.11  29 00000000010000010000000000010
3935.17  29 01000000100000001010100000000
3935.17  29 00001000000000001110100000000
3935.17  29 00001000000000001110100000000
3933.11  29 00000001000000010000000000100
3933.11  29 00000001000000010000000000010
2664.06  29 10000000000000000001000010000
2664.06  29 10000000000000000001000010000
3933.11  29 00000001000000010000000000010
3933.11  29 00000000010000010000000000010
3935.17  29 00001000000000001110100000000
3933.11  29 00000000001000010000000000010
3933.11  29 00000000001000010000000000100
2664.06  29 10000000000000000011000010000
3935.17  29 00001000000000001110100000000
3935.17  29 00001000000100001010100000000
3935.17  29 00001000000000001110100000000
3935.17  29 00001000100000001010100000000
3935.17  29 01000000100000001010100000000
3933.11  29 00000000001000010000000000010
3933.11  29 00000001000000010000000000010
3933.11  29 00000000000100010010000000100
3933.11  29 00000000010000010000000000010
3935.17  29 01000000100000001010100000000
3935.17  29 01000000100000001010100000000
3933.11  29 00000000000100010010000000010
3933.11  29 00000000001000010000000000010
3933.11  29 00000001000000010000000000010
3935.17  29 00001000000100001010100000000
3935.17  29 00001000000100001010100000000
