231.111  29 10000000000010000001000010000
401.167  29 00000010000000001110100000000
177.111  29 01000001000000000001000000010
401.167  29 00000010100000001010100000000
231.111  29 10000000000010000001000010000
401.167  29 00000010100000001010100000000
177.111  29 01000000010000000001000000010
401.167  29 00000010100000001010100000000
231.111  29 10000000000010000001000010000
401.167  29 00000010000000001110100000000
177.111  29 00001000010000000001000000010
177.111  29 00001001000000000001000000010
231.111  29 10000000000010000001000010000
398.167  29 00000000100000110010000000010
231.111  29 10000000000010000001000010000
231.111  29 10000000000010000001000010000
401.167  29 00000010000100001010100000000
177.111  29 01000000010000000001000000010
401.167  29 00000010000000001110100000000
231.111  29 10000000000010000001000010000
401.167  29 00000010100000001010100000000
231.111  29 10000000000010000001000010000
401.167  29 00000010000000001110100000000
177.111  29 00001000010000000001000000010
231.111  29 10000000000010000001000010000
398.167  29 00000000000000110110000000100
177.111  29 00001000010000000001000000010
401.167  29 00000010100000001010100000000
401.167  29 00000010000100001010100000000
177.111  29 01000000010000000001000000010
401.167  29 00000010000000001110100000000
401.167  29 00000010100000001010100000000
401.167  29 00000010000100001010100000000
401.167  29 00000010100000001010100000000
398.167  29 00000000000000110110000000010
231.111  29 10000000000010000001000010000
290.167  29 01001000000000000111000000010
398.167  29 00000000000100110010000000100
401.167  29 00000010000000001110100000000
231.111  29 10000000000010000001000010000
398.167  29 00000000100000110010000000100
401.167  29 00000010100000001010100000000
177.111  29 01000000001000000001000000010
177.111  29 00001001000000000001000000010
398.167  29 00000000100000110010000000010
231.111  29 10000000000010000001000010000
401.167  29 00000010100000001010100000000
401.167  29 00000010100000001010100000000
177.111  29 01000000010000000001000000010
401.167  29 00000010000100001010100000000
231.111  29 10000000000010000001000010000
401.167  29 00000010000100001010100000000
177.111  29 01000001000000000001000000010
177.111  29 00001000010000000001000000010
177.111  29 01000000010000000001000000010
177.111  29 01000001000000000001000000010
231.111  29 10000000000010000001000010000
401.167  29 00000010100000001010100000000
401.167  29 00000010100000001010100000000
231.111  29 10000000000010000001000010000
231.111  29 10000000000010000001000010000
401.167  29 00000010000000001110100000000
401.167  29 00000010000100001010100000000
401.167  29 00000010100000001010100000000
177.111  29 00001000001000000001000000010
177.111  29 00001000010000000001000000010
231.111  29 10000000000010000001000010000
401.167  29 00000010100000001010100000000
401.167  29 00000010100000001010100000000
231.111  29 10000000000010000001000010000
177.111  29 00001001000000000001000000010
401.167  29 00000010000100001010100000000
398.167  29 00000000000100110010000000010
177.111  29 00001000001000000001000000010
401.167  29 00000010100000001010100000000
290.167  29 01001000000000000111000000010
231.111  29 10000000000010000001000010000
231.111  29 10000000000010000001000010000
231.111  29 10000000000010000001000010000
231.111  29 10000000000010000001000010000
177.111  29 00001000001000000001000000010
401.167  29 00000010100000001010100000000
231.111  29 10000000000010000001000010000
401.167  29 00000010100000001010100000000
231.111  29 10000000000010000001000010000
177.111  29 00001000010000000001000000010
177.111  29 00001000010000000001000000010
231.111  29 10000000000010000001000010000
401.167  29 00000010000000001110100000000
177.111  29 00001001000000000001000000010
177.111  29 00001000001000000001000000010
401.167  29 00000010100000001010100000000
401.167  29 00000010100000001010100000000
231.111  29 10000000000010000001000010000
177.111  29 01000000010000000001000000010
231.111  29 10000000000010000001000010000
177.111  29 01000000010000000001000000010
231.111  29 10000000000010000001000010000
231.111  29 10000000000010000001000010000
401.167  29 00000010000100001010100000000
