104.056  29 00100000000000000010100000000
107.056  29 00100000000000000000100000000
115.056  29 00000010000000000010100000000
108.056  29 00000010000000000010100000000
111.056  29 00100000000000000000100000000
98.0556  29 00000010000000000010100000000
108.056  29 00000010000000000000100000000
117.056  29 00000010000000000000100000000
118.056  29 00000010000000000000100000000
112.056  29 00100000000000000010100000000
112.056  29 00100000000000000010100000000
115.056  29 00000010000000000010100000000
103.056  29 00100000000000000010100000000
113.056  29 00000010000000000010100000000
110.056  29 00100000000000000000100000000
106.056  29 00100000000000000010100000000
106.056  29 00100000000000000000100000000
114.056  29 00000010000000000010100000000
120.056  29 00100000000000000000100000000
100.056  29 00100000000000000000100000000
121.056  29 00100000000000000000100000000
120.056  29 00000010000000000010100000000
109.056  29 00100000000000000010100000000
106.056  29 00000010000000000010100000000
103.056  29 00100000000000000010100000000
130.056  29 00100000000000000010100000000
105.056  29 00000010000000000000100000000
111.056  29 00100000000000000000100000000
111.056  29 00000010000000000010100000000
113.056  29 00000010000000000000100000000
109.056  29 00000010000000000000100000000
107.056  29 00000010000000000000100000000
130.056  29 00100000000000000000100000000
103.056  29 00100000000000000010100000000
110.056  29 00000010000000000010100000000
118.056  29 00000010000000000010100000000
114.056  29 00000010000000000010100000000
108.056  29 00000010000000000000100000000
113.056  29 00100000000000000010100000000
121.056  29 00100000000000000000100000000
331.111  29 00011000000000000011000000010
102.056  29 00100000000000000010100000000
103.056  29 00000010000000000000100000000
111.056  29 00000010000000000000100000000
112.056  29 00000010000000000010100000000
119.056  29 00100000000000000000100000000
123.056  29 00000010000000000000100000000
109.056  29 00100000000000000000100000000
108.056  29 00100000000000000010100000000
103.056  29 00000010000000000010100000000
111.056  29 00100000000000000010100000000
107.056  29 00000010000000000010100000000
104.056  29 00100000000000000000100000000
113.056  29 00100000000000000010100000000
114.056  29 00000010000000000000100000000
105.056  29 00100000000000000010100000000
117.056  29 00100000000000000000100000000
112.056  29 00000010000000000010100000000
109.056  29 00000010000000000000100000000
117.056  29 00000010000000000010100000000
124.056  29 00100000000000000010100000000
115.056  29 00000010000000000010100000000
105.056  29 00100000000000000010100000000
111.056  29 00000010000000000000100000000
117.056  29 00000010000000000000100000000
106.056  29 00100000000000000010100000000
116.056  29 00100000000000000000100000000
114.056  29 00100000000000000000100000000
103.056  29 00000010000000000010100000000
118.056  29 00000010000000000000100000000
95.0556  29 00000010000000000010100000000
113.056  29 00100000000000000000100000000
109.056  29 00100000000000000000100000000
107.056  29 00100000000000000000100000000
119.056  29 00100000000000000000100000000
100.056  29 00100000000000000010100000000
114.056  29 00100000000000000010100000000
107.056  29 00000010000000000000100000000
111.056  29 00100000000000000010100000000
112.056  29 00100000000000000010100000000
119.056  29 00000010000000000010100000000
101.056  29 00000010000000000010100000000
108.056  29 00000010000000000010100000000
94.0556  29 00000010000000000000100000000
105.056  29 00000010000000000010100000000
108.056  29 00100000000000000010100000000
101.056  29 00000010000000000010100000000
101.056  29 00000010000000000000100000000
113.056  29 00100000000000000000100000000
107.056  29 00000010000000000010100000000
102.056  29 00100000000000000010100000000
108.056  29 00100000000000000000100000000
107.056  29 00000010000000000000100000000
112.056  29 00100000000000000000100000000
107.056  29 00100000000000000010100000000
115.056  29 00100000000000000000100000000
118.056  29 00100000000000000010100000000
115.056  29 00100000000000000000100000000
121.056  29 00000010000000000000100000000
114.056  29 00000010000000000010100000000
