0.62825 23 00100000000000010010100000000
0.62825 27 00100000000000010010100000000
0.62825 18 00100000000000010010100000000
0.44065 6 00100010000010000001000001000
0.62825 20 00100000000000010010100000000
0.62825 20 00100000000000010010100000000
0.62825 19 00100000000000010010100000000
0.62825 16 00100000000000010010100000000
0.62825 20 00100000000000010010100000000
0.62825 18 00100000000000010010100000000
0.44065 23 00100010000010000001000001000
0.62825 21 00100000000000010010100000000
0.62825 15 00100000000000010010100000000
0.62825 21 00100000000000010010100000000
0.62825 19 00100000000000010010100000000
0.62825 27 00100000000000010010100000000
0.62825 20 00100000000000010010100000000
0.44065 23 00100010000010000001000001000
0.62825 20 00100000000000010010100000000
0.62825 21 00100000000000010010100000000
0.62825 19 00100000000000010010100000000
0.62825 19 00100000000000010010100000000
0.44065 20 00100010000010000001000001000
0.62825 24 00100000000000010010100000000
0.62825 27 00100000000000010010100000000
0.62825 25 00100000000000010010100000000
0.62825 21 00100000000000010010100000000
0.62825 17 00100000000000010010100000000
0.44065 13 00100010000010000001000001000
0.44065 11 00100010000010000001000001000
0.62825 19 00100000000000010010100000000
0.44065 18 00100010000010000001000001000
0.62825 23 00100000000000010010100000000
0.44065 27 00100010000010000001000001000
0.62825 16 00100000000000010010100000000
0.62825 22 00100000000000010010100000000
0.62825 16 00100000000000010010100000000
0.62825 17 00100000000000010010100000000
0.62825 19 00100000000000010010100000000
0.62825 21 00100000000000010010100000000
0.62825 18 00100000000000010010100000000
0.62825 25 00100000000000010010100000000
0.62825 20 00100000000000010010100000000
0.62825 22 00100000000000010010100000000
0.62825 22 00100000000000010010100000000
0.62825 19 00100000000000010010100000000
0.62825 14 00100000000000010010100000000
0.44065 26 00100010000010000001000001000
0.62825 14 00100000000000010010100000000
0.62825 23 00100000000000010010100000000
0.62825 19 00100000000000010010100000000
0.62825 26 00100000000000010010100000000
0.62825 18 00100000000000010010100000000
0.62825 22 00100000000000010010100000000
0.62825 20 00100000000000010010100000000
0.62825 23 00100000000000010010100000000
0.62825 18 00100000000000010010100000000
0.62825 23 00100000000000010010100000000
0.62825 19 00100000000000010010100000000
0.62825 26 00100000000000010010100000000
0.62825 18 00100000000000010010100000000
0.62825 27 00100000000000010010100000000
0.62825 24 00100000000000010010100000000
0.62825 20 00100000000000010010100000000
0.62825 17 00100000000000010010100000000
0.44065 28 00100010000010000001000001000
0.62825 23 00100000000000010010100000000
0.62825 24 00100000000000010010100000000
0.62825 23 00100000000000010010100000000
0.62825 23 00100000000000010010100000000
0.44065 21 00100010000010000001000001000
0.44065 20 00100010000010000001000001000
0.62825 25 00100000000000010010100000000
0.62825 17 00100000000000010010100000000
0.62825 21 00100000000000010010100000000
0.62825 22 00100000000000010010100000000
0.62825 17 00100000000000010010100000000
0.62825 23 00100000000000010010100000000
0.62825 24 00100000000000010010100000000
0.44065 18 00100010000010000001000001000
0.62825 22 00100000000000010010100000000
0.62825 20 00100000000000010010100000000
0.62825 20 00100000000000010010100000000
0.62825 28 00100000000000010010100000000
0.62825 18 00100000000000010010100000000
0.62825 23 00100000000000010010100000000
0.62825 22 00100000000000010010100000000
0.62825 19 00100000000000010010100000000
0.44065 18 00100010000010000001000001000
0.62825 29 00100000000000010010100000000
0.62825 27 00100000000000010010100000000
0.44065 21 00100010000010000001000001000
0.62825 23 00100000000000010010100000000
0.62825 16 00100000000000010010100000000
0.62825 20 00100000000000010010100000000
0.62825 27 00100000000000010010100000000
0.62825 19 00100000000000010010100000000
0.62825 25 00100000000000010010100000000
0.62825 24 00100000000000010010100000000
0.62825 22 00100000000000010010100000000
