0.618 19 00000010000000000010100000000
0.618 19 00000010000000000010100000000
0.618 17 00000010000000000010100000000
0.618 16 00000010000000000010100000000
0.618 19 00000010000000000010100000000
0.618 16 00000010000000000010100000000
0.618 19 00000010000000000000100000000
0.618 27 00000010000000000010100000000
0.618 19 00000010000000000010100000000
0.618 21 00000010000000000010100000000
0.618 17 00000010000000000000100000000
0.618 16 00000010000000000000100000000
0.618 19 00000010000000000010100000000
0.618 17 00000010000000000010100000000
0.618 21 00000010000000000010100000000
0.618 16 00000010000000000010100000000
0.618 18 00000010000000000010100000000
0.618 19 00000010000000000010100000000
0.618 17 00000010000000000010100000000
0.618 16 00000010000000000010100000000
0.618 17 00000010000000000010100000000
0.618 16 00000010000000000010100000000
0.618 16 00000010000000000000100000000
0.618 18 00000010000000000010100000000
0.618 16 00000010000000000000100000000
0.618 17 00000010000000000000100000000
0.618 21 00000010000000000010100000000
0.618 21 00000010000000000010100000000
0.422 8 00100010000010000001000001000
0.618 21 00000010000000000010100000000
0.618 16 00000010000000000000100000000
0.618 25 00000010000000000000100000000
0.618 21 00000010000000000010100000000
0.618 15 00000010000000000000100000000
0.618 18 00000010000000000010100000000
0.618 16 00000010000000000010100000000
0.618 22 00000010000000000010100000000
0.618 19 00000010000000000010100000000
0.618 18 00000010000000000010100000000
0.618 21 00000010000000000010100000000
0.618 21 00000010000000000010100000000
0.618 19 00000010000000000010100000000
0.618 17 00000010000000000000100000000
0.618 18 00000010000000000010100000000
0.618 18 00000010000000000010100000000
0.618 24 00000010000000000010100000000
0.618 21 00000010000000000010100000000
0.618 15 00000010000000000000100000000
0.618 20 00000010000000000010100000000
0.618 19 00000010000000000010100000000
0.618 18 00000010000000000010100000000
0.618 17 00000010000000000010100000000
0.618 15 00000010000000000010100000000
0.618 17 00000010000000000010100000000
0.618 16 00000010000000000010100000000
0.618 19 00000010000000000000100000000
0.618 14 00000010000000000010100000000
0.618 19 00000010000000000010100000000
0.618 17 00000010000000000000100000000
0.618 15 00000010000000000010100000000
0.618 22 00000010000000000010100000000
0.618 12 00000010000000000010100000000
0.618 17 00000010000000000010100000000
0.618 19 00000010000000000010100000000
0.618 15 00000010000000000010100000000
0.618 15 00000010000000000000100000000
0.618 17 00000010000000000010100000000
0.618 18 00000010000000000010100000000
0.618 18 00000010000000000010100000000
0.618 15 00000010000000000010100000000
0.618 11 00000010000000000010100000000
0.618 15 00000010000000000000100000000
0.618 17 00000010000000000000100000000
0.618 19 00000010000000000010100000000
0.618 16 00000010000000000010100000000
0.618 16 00000010000000000000100000000
0.618 19 00000010000000000010100000000
0.618 19 00000010000000000010100000000
0.618 15 00000010000000000010100000000
0.618 19 00000010000000000010100000000
0.618 12 00000010000000000010100000000
0.618 19 00000010000000000010100000000
0.618 22 00000010000000000010100000000
0.618 17 00000010000000000010100000000
0.618 19 00000010000000000010100000000
0.618 20 00000010000000000010100000000
0.618 17 00000010000000000010100000000
0.618 21 00000010000000000010100000000
0.618 17 00000010000000000010100000000
0.618 14 00000010000000000010100000000
0.618 18 00000010000000000000100000000
0.618 19 00000010000000000010100000000
0.618 21 00000010000000000010100000000
0.618 14 00000010000000000010100000000
0.618 14 00000010000000000010100000000
0.618 19 00000010000000000010100000000
0.618 18 00000010000000000010100000000
0.618 19 00000010000000000010100000000
0.618 20 00000010000000000010100000000
0.618 16 00000010000000000010100000000
