105.167  29 00100010000010000001000001000
105.167  29 00100010000010000001000001000
106.056  29 00100000000000000000100000000
105.167  29 00100010000010000001000001000
106.056  29 00100000000000000010100000000
106.056  29 00100000000000000000100000000
106.056  29 00100000000000000000100000000
106.056  29 00100000000000000010100000000
106.056  29 00100000000000000000100000000
106.056  29 00100000000000000010100000000
106.056  29 00100000000000000010100000000
106.056  29 00100000000000000010100000000
105.167  29 00100010000010000001000001000
106.056  29 00100000000000000000100000000
106.056  29 00100000000000000000100000000
106.056  29 00100000000000000010100000000
106.056  29 00100000000000000000100000000
106.056  29 00100000000000000010100000000
106.056  29 00100000000000000000100000000
106.056  29 00100000000000000010100000000
106.056  29 00100000000000000010100000000
106.056  29 00100000000000000010100000000
106.056  29 00100000000000000000100000000
106.056  29 00100000000000000000100000000
106.056  29 00100000000000000010100000000
105.167  29 00100010000010000001000001000
106.056  29 00100000000000000000100000000
105.167  29 00100010000010000001000001000
106.056  29 00100000000000000000100000000
105.167  29 00100010000010000001000001000
106.056  29 00100000000000000010100000000
106.056  29 00100000000000000010100000000
106.056  29 00100000000000000010100000000
106.056  29 00100000000000000010100000000
106.056  29 00100000000000000010100000000
105.167  29 00100010000010000001000001000
106.056  29 00100000000000000010100000000
106.056  29 00100000000000000010100000000
105.167  29 00100010000010000001000001000
106.056  29 00100000000000000000100000000
106.056  29 00100000000000000010100000000
106.056  29 00100000000000000000100000000
106.056  29 00100000000000000010100000000
106.056  29 00100000000000000010100000000
105.167  29 00100010000010000001000001000
106.056  29 00100000000000000010100000000
106.056  29 00100000000000000000100000000
106.056  29 00100000000000000000100000000
105.167  29 00100010000010000001000001000
106.056  29 00100000000000000000100000000
106.056  29 00100000000000000010100000000
106.056  29 00100000000000000000100000000
106.056  29 00100000000000000000100000000
106.056  29 00100000000000000010100000000
106.056  29 00100000000000000010100000000
106.056  29 00100000000000000010100000000
105.167  29 00100010000010000001000001000
106.056  29 00100000000000000000100000000
106.056  29 00100000000000000010100000000
106.056  29 00100000000000000000100000000
106.056  29 00100000000000000000100000000
106.056  29 00100000000000000010100000000
106.056  29 00100000000000000010100000000
106.056  29 00100000000000000000100000000
105.167  29 00100010000010000001000001000
106.056  29 00100000000000000010100000000
106.056  29 00100000000000000000100000000
106.056  29 00100000000000000010100000000
106.056  29 00100000000000000000100000000
106.056  29 00100000000000000010100000000
106.056  29 00100000000000000000100000000
106.056  29 00100000000000000010100000000
106.056  29 00100000000000000000100000000
106.056  29 00100000000000000000100000000
106.056  29 00100000000000000000100000000
105.167  29 00100010000010000001000001000
106.056  29 00100000000000000000100000000
106.056  29 00100000000000000010100000000
106.056  29 00100000000000000000100000000
106.056  29 00100000000000000000100000000
106.056  29 00100000000000000010100000000
106.056  29 00100000000000000000100000000
105.167  29 00100010000010000001000001000
106.056  29 00100000000000000000100000000
106.056  29 00100000000000000000100000000
106.056  29 00100000000000000010100000000
106.056  29 00100000000000000010100000000
106.056  29 00100000000000000010100000000
106.056  29 00100000000000000000100000000
106.056  29 00100000000000000000100000000
105.167  29 00100010000010000001000001000
106.056  29 00100000000000000010100000000
106.056  29 00100000000000000010100000000
105.167  29 00100010000010000001000001000
106.056  29 00100000000000000000100000000
106.056  29 00100000000000000010100000000
106.056  29 00100000000000000000100000000
106.056  29 00100000000000000010100000000
106.056  29 00100000000000000010100000000
106.056  29 00100000000000000000100000000
