118.056  29 00000010000000000010100000000
118.056  29 00000010000000000000100000000
118.056  29 00000010000000000010100000000
118.056  29 00000010000000000010100000000
118.056  29 00000010000000000000100000000
118.056  29 00000010000000000010100000000
118.056  29 00000010000000000000100000000
118.056  29 00000010000000000010100000000
118.056  29 00000010000000000010100000000
118.056  29 00000010000000000000100000000
118.056  29 00000010000000000010100000000
118.056  29 00000010000000000010100000000
118.056  29 00000010000000000000100000000
118.056  29 00000010000000000010100000000
118.056  29 00000010000000000000100000000
118.056  29 00000010000000000010100000000
118.056  29 00000010000000000010100000000
118.056  29 00000010000000000010100000000
118.056  29 00000010000000000000100000000
118.056  29 00000010000000000010100000000
118.056  29 00000010000000000010100000000
118.056  29 00000010000000000000100000000
118.056  29 00000010000000000010100000000
118.056  29 00000010000000000010100000000
118.056  29 00000010000000000000100000000
118.056  29 00000010000000000010100000000
118.056  29 00000010000000000010100000000
118.056  29 00000010000000000000100000000
118.056  29 00000010000000000010100000000
118.056  29 00000010000000000010100000000
118.056  29 00000010000000000000100000000
118.056  29 00000010000000000010100000000
118.056  29 00000010000000000010100000000
118.056  29 00000010000000000010100000000
118.056  29 00000010000000000000100000000
118.056  29 00000010000000000000100000000
118.056  29 00000010000000000010100000000
118.056  29 00000010000000000010100000000
118.056  29 00000010000000000010100000000
118.056  29 00000010000000000010100000000
118.056  29 00000010000000000010100000000
118.056  29 00000010000000000010100000000
118.056  29 00000010000000000010100000000
118.056  29 00000010000000000000100000000
118.056  29 00000010000000000000100000000
118.056  29 00000010000000000010100000000
118.056  29 00000010000000000010100000000
118.056  29 00000010000000000010100000000
118.056  29 00000010000000000010100000000
118.056  29 00000010000000000010100000000
118.056  29 00000010000000000010100000000
118.056  29 00000010000000000010100000000
118.056  29 00000010000000000010100000000
118.056  29 00000010000000000010100000000
118.056  29 00000010000000000000100000000
118.056  29 00000010000000000010100000000
118.056  29 00000010000000000010100000000
118.056  29 00000010000000000000100000000
118.056  29 00000010000000000010100000000
118.056  29 00000010000000000000100000000
118.056  29 00000010000000000000100000000
118.056  29 00000010000000000000100000000
118.056  29 00000010000000000000100000000
118.056  29 00000010000000000010100000000
118.056  29 00000010000000000010100000000
118.056  29 00000010000000000010100000000
118.056  29 00000010000000000010100000000
118.056  29 00000010000000000010100000000
118.056  29 00000010000000000010100000000
118.056  29 00000010000000000000100000000
118.056  29 00000010000000000000100000000
118.056  29 00000010000000000010100000000
118.056  29 00000010000000000000100000000
118.056  29 00000010000000000000100000000
118.056  29 00000010000000000010100000000
118.056  29 00000010000000000010100000000
118.056  29 00000010000000000010100000000
118.056  29 00000010000000000010100000000
118.056  29 00000010000000000010100000000
118.056  29 00000010000000000000100000000
118.056  29 00000010000000000000100000000
118.056  29 00000010000000000000100000000
118.056  29 00000010000000000010100000000
118.056  29 00000010000000000000100000000
118.056  29 00000010000000000000100000000
118.056  29 00000010000000000000100000000
118.056  29 00000010000000000010100000000
118.056  29 00000010000000000010100000000
118.056  29 00000010000000000010100000000
118.056  29 00000010000000000000100000000
118.056  29 00000010000000000010100000000
118.056  29 00000010000000000000100000000
118.056  29 00000010000000000010100000000
118.056  29 00000010000000000000100000000
118.056  29 00000010000000000010100000000
118.056  29 00000010000000000000100000000
118.056  29 00000010000000000010100000000
118.056  29 00000010000000000010100000000
118.056  29 00000010000000000010100000000
118.056  29 00000010000000000000100000000
