312.111  29 00100000000010000001000001000
300.111  29 00100000000010000001000001000
305.111  29 00100000000010000001000001000
302.111  29 00000010000010000001000001000
322.111  29 00000010000010000001000001000
332.111  29 00100000000010000001000001000
328.111  29 00100000000010000001000001000
315.111  29 00000010000010000001000001000
341.111  29 00100000000010000001000001000
396.056  29 00000000000010000000100000000
326.111  29 00000010000010000001000001000
332.111  29 00000010000010000001000001000
314.111  29 00100000000010000001000001000
322.111  29 00100000000010000001000001000
333.111  29 00100000000010000001000001000
327.111  29 00100000000010000001000001000
317.111  29 00100000000010000001000001000
306.111  29 00100000000010000001000001000
1474.11  29 01000000000001000000000000100
324.111  29 00100000000010000001000001000
397.056  29 00000000000010000010100000000
319.111  29 00100000000010000001000001000
313.111  29 00100000000010000001000001000
413.056  29 00000000000010000000100000000
324.111  29 00000010000010000001000001000
312.111  29 00100000000010000001000001000
1446.11  29 01000000000001000000000000010
314.111  29 00100000000010000001000001000
330.111  29 00100000000010000001000001000
335.111  29 00100000000010000001000001000
324.111  29 00100000000010000001000001000
321.111  29 00100000000010000001000001000
324.111  29 00100000000010000001000001000
328.111  29 00100000000010000001000001000
331.111  29 00100000000010000001000001000
307.111  29 00100000000010000001000001000
333.111  29 00100000000010000001000001000
338.111  29 00100000000010000001000001000
312.111  29 00000010000010000001000001000
332.111  29 00100000000010000001000001000
318.111  29 00000010000010000001000001000
310.111  29 00100000000010000001000001000
332.111  29 00100000000010000001000001000
330.111  29 00000010000010000001000001000
349.111  29 00000010000010000001000001000
322.111  29 00100000000010000001000001000
331.111  29 00100000000010000001000001000
357.111  29 00000010000010000001000001000
353.111  29 00100000000010000001000001000
325.111  29 00100000000010000001000001000
289.111  29 00100000000010000001000001000
337.111  29 00100000000010000001000001000
351.111  29 00100000000010000001000001000
310.111  29 00000010000010000001000001000
329.111  29 00100000000010000001000001000
303.111  29 00000010000010000001000001000
311.111  29 00100000000010000001000001000
322.111  29 00100000000010000001000001000
323.111  29 00100000000010000001000001000
309.111  29 00100000000010000001000001000
344.111  29 00100000000010000001000001000
323.111  29 00000010000010000001000001000
321.111  29 00100000000010000001000001000
274.111  29 00100000000010000001000001000
1448.11  29 01000000000001000000000000010
335.111  29 00100000000010000001000001000
298.111  29 00100000000010000001000001000
346.111  29 00000010000010000001000001000
297.111  29 00000010000010000001000001000
316.111  29 00100000000010000001000001000
303.111  29 00000010000010000001000001000
288.111  29 00100000000010000001000001000
324.111  29 00100000000010000001000001000
306.111  29 00000010000010000001000001000
320.111  29 00000010000010000001000001000
325.111  29 00000010000010000001000001000
322.111  29 00100000000010000001000001000
334.111  29 00000010000010000001000001000
321.111  29 00100000000010000001000001000
328.111  29 00100000000010000001000001000
322.111  29 00000010000010000001000001000
306.111  29 00100000000010000001000001000
327.111  29 00000010000010000001000001000
333.111  29 00100000000010000001000001000
311.111  29 00000010000010000001000001000
337.111  29 00000010000010000001000001000
333.111  29 00100000000010000001000001000
322.111  29 00100000000010000001000001000
318.111  29 00100000000010000001000001000
329.111  29 00100000000010000001000001000
324.111  29 00100000000010000001000001000
317.111  29 00100000000010000001000001000
308.111  29 00100000000010000001000001000
319.111  29 00000010000010000001000001000
428.056  29 00000000000010000010100000000
339.111  29 00100000000010000001000001000
310.111  29 00100000000010000001000001000
304.111  29 00100000000010000001000001000
318.111  29 00100000000010000001000001000
311.111  29 00100000000010000001000001000
