66.0556  29 00100000000000000010100000000
67.0556  29 00000010000000000010100000000
66.0556  29 00100000000000000010100000000
58.1111  29 00000010000000010011000001000
63.0556  29 00100000000000000000100000000
63.0556  29 00100000000000000010100000000
54.1667  29 00100010000010000001000001000
51.1667  29 00100010000010000001000001000
162.111  29 01000000000001000000000000010
71.1667  29 00100010000010000001000001000
75.0556  29 00000010000000000010100000000
60.0556  29 00000010000000000000100000000
69.0556  29 00000010000000000000100000000
69.0556  29 00000010000000000000100000000
50.1667  29 00100010000010000001000001000
42.1667  29 00100010000010000001000001000
63.0556  29 00000010000000000000100000000
66.0556  29 00100000000000000000100000000
71.0556  29 00100000000000000010100000000
53.1667  29 00100010000010000001000001000
59.1667  29 00100010000010000001000001000
56.0556  29 00100000000000000010100000000
54.1667  29 00100010000010000001000001000
50.1667  29 00100010000010000001000001000
51.1667  29 00100010000010000001000001000
55.1667  29 00100010000010000001000001000
68.0556  29 00000010000000000000100000000
67.0556  29 00000010000000000010100000000
67.1667  29 00100010000010000001000001000
70.0556  29 00000010000000000010100000000
66.0556  29 00000010000000000000100000000
68.0556  29 00100000000000000000100000000
73.0556  29 00100000000000000010100000000
51.1667  29 00100010000010000001000001000
62.0556  29 00000010000000000000100000000
66.0556  29 00100000000000000000100000000
73.0556  29 00100000000000000010100000000
68.0556  29 00100000000000000010100000000
61.1667  29 00100010000010000001000001000
64.1667  29 00100010000010000001000001000
57.1667  29 00100010000010000001000001000
73.0556  29 00000010000000000010100000000
62.0556  29 00000010000000000000100000000
74.0556  29 00000010000000000000100000000
71.0556  29 00000010000000000000100000000
57.1667  29 00100010000010000001000001000
72.0556  29 00000010000000000010100000000
65.1667  29 00100010000010000001000001000
49.1667  29 00100010000010000001000001000
63.1667  29 00100010000010000001000001000
68.0556  29 00000010000000000000100000000
67.0556  29 00000010000000000010100000000
64.0556  29 00000010000000000010100000000
72.0556  29 00100000000000000000100000000
58.1667  29 00100010000010000001000001000
74.0556  29 00000010000000000010100000000
76.0556  29 00000010000000000010100000000
55.1667  29 00100010000010000001000001000
50.1667  29 00100010000010000001000001000
74.0556  29 00100000000000000010100000000
54.1667  29 00100010000010000001000001000
67.0556  29 00100000000000000010100000000
61.1667  29 00100010000010000001000001000
57.0556  29 00000010000000000000100000000
48.1667  29 00100010000010000001000001000
54.1667  29 00100010000010000001000001000
65.0556  29 00000010000000000000100000000
65.0556  29 00100000000000000010100000000
71.0556  29 00000010000000000000100000000
70.0556  29 00100000000000000000100000000
58.0556  29 00100000000000000010100000000
64.0556  29 00100000000000000010100000000
54.1667  29 00100010000010000001000001000
59.1667  29 00100010000010000001000001000
54.1667  29 00100010000010000001000001000
58.1667  29 00100010000010000001000001000
53.1667  29 00100010000010000001000001000
64.1667  29 00100010000010000001000001000
172.111  29 01000000000001000000000000010
68.0556  29 00000010000000000010100000000
59.0556  29 00000010000000000010100000000
61.0556  29 00000010000000000010100000000
57.1111  29 00000010000000010011000001000
58.1667  29 00100010000010000001000001000
74.0556  29 00000010000000000010100000000
73.0556  29 00000010000000000010100000000
70.0556  29 00000010000000000000100000000
68.0556  29 00000010000000000010100000000
54.0556  29 00000010000000000010100000000
56.1667  29 00100010000010000001000001000
51.1667  29 00100010000010000001000001000
68.1111  29 00100000000000001011000001000
65.0556  29 00100000000000000000100000000
67.1667  29 00100010000010000001000001000
47.1667  29 00100010000010000001000001000
68.0556  29 00100000000000000000100000000
57.1667  29 00100010000010000001000001000
43.1667  29 00100010000010000001000001000
68.0556  29 00000010000000000010100000000
72.0556  29 00100000000000000010100000000
