37.1111  29 00100010000000000001000001000
47.1111  29 00100010000000000001000001000
53.1111  29 00100010000000000001000001000
44.1111  29 00100010000000000001000001000
39.1111  29 00100010000000000001000001000
42.1111  29 00100010000000000001000001000
48.1111  29 00100010000000000001000001000
48.1111  29 00100010000000000001000001000
38.1111  29 00100010000000000001000001000
45.1111  29 00100010000000000001000001000
167.111  29 01000000000001000000000000010
43.1111  29 00100000000010000001000001000
43.1111  29 00000010000010000001000001000
39.1111  29 00100010000000000001000001000
37.1111  29 00100010000000000001000001000
46.1111  29 00100010000000000001000001000
40.1111  29 00100010000000000001000001000
42.1111  29 00100010000000000001000001000
45.1111  29 00100010000000000001000001000
41.1111  29 00100010000000000001000001000
37.1111  29 00100010000000000001000001000
43.1111  29 00000010000010000001000001000
44.1111  29 00100000000010000001000001000
50.1111  29 00100000000010000001000001000
52.1111  29 00100010000000000001000001000
47.1111  29 00100010000000000001000001000
37.1111  29 00100010000000000001000001000
35.1111  29 00100000000010000001000001000
41.1111  29 00000010000010000001000001000
40.1111  29 00100000000010000001000001000
42.1111  29 00100010000000000001000001000
47.1111  29 00000010000010000001000001000
46.1111  29 00100010000000000001000001000
51.1111  29 00100000000010000001000001000
32.1111  29 00100010000000000001000001000
38.1111  29 00100010000000000001000001000
34.1111  29 00100010000000000001000001000
40.1111  29 00100010000000000001000001000
47.1111  29 00100010000000000001000001000
47.1111  29 00100010000000000001000001000
55.1111  29 00100010000000000001000001000
43.1111  29 00100010000000000001000001000
48.1111  29 00100000000010000001000001000
47.1111  29 00100000000010000001000001000
46.1111  29 00100010000000000001000001000
35.1111  29 00100010000000000001000001000
43.1111  29 00100010000000000001000001000
53.1111  29 00100010000000000001000001000
44.1111  29 00100010000000000001000001000
53.1111  29 00000010000010000001000001000
53.1111  29 00100010000000000001000001000
42.1111  29 00100010000000000001000001000
45.1111  29 00100010000000000001000001000
43.1111  29 00100010000000000001000001000
43.1111  29 00000010000010000001000001000
38.1111  29 00100010000000000001000001000
43.1111  29 00100010000000000001000001000
43.1111  29 00000010000010000001000001000
37.1111  29 00100010000000000001000001000
49.1111  29 00100000000010000001000001000
55.0556  29 00000010000000000000100000000
43.1111  29 00100000000010000001000001000
47.1111  29 00100010000000000001000001000
51.1111  29 00100010000000000001000001000
61.0556  29 00000010000000000010100000000
42.1111  29 00100010000000000001000001000
39.1111  29 00100000000010000001000001000
47.1111  29 00000010000010000001000001000
59.1111  29 00000010000010000001000001000
44.1111  29 00100010000000000001000001000
46.1111  29 00000010000010000001000001000
48.1111  29 00100010000000000001000001000
39.1111  29 00100010000000000001000001000
46.1111  29 00100010000000000001000001000
40.1111  29 00100010000000000001000001000
39.1111  29 00000010000010000001000001000
46.1111  29 00100010000000000001000001000
164.111  29 01000000000001000000000000100
50.1111  29 00100000000010000001000001000
46.1111  29 00000010000010000001000001000
43.1111  29 00100010000000000001000001000
45.1111  29 00100010000000000001000001000
48.1111  29 00100010000000000001000001000
57.1111  29 00000010000010000001000001000
51.1111  29 00100000000010000001000001000
29.1111  29 00100010000000000001000001000
37.1111  29 00100010000000000001000001000
50.1111  29 00100010000000000001000001000
43.1111  29 00100010000000000001000001000
48.1111  29 00100010000000000001000001000
36.1111  29 00100010000000000001000001000
41.1111  29 00000010000010000001000001000
48.1111  29 00100000000010000001000001000
50.1111  29 00100010000000000001000001000
44.1111  29 00100010000000000001000001000
40.1111  29 00100000000010000001000001000
39.1111  29 00100010000000000001000001000
45.1111  29 00100010000000000001000001000
44.1111  29 00100000000010000001000001000
40.1111  29 00100010000000000001000001000
