0.313 22 00100000000010000001000001000
0.313 15 00100000000010000001000001000
0.415 16 00000000000010000010100000000
0.313 8 00100000000010000001000001000
0.313 20 00100000000010000001000001000
0.313 20 00100000000010000001000001000
0.313 11 00100000000010000001000001000
0.313 6 00000010000010000001000001000
0.313 14 00100000000010000001000001000
0.313 21 00100000000010000001000001000
0.313 13 00000010000010000001000001000
0.313 11 00000010000010000001000001000
0.313 19 00100000000010000001000001000
0.313 23 00100000000010000001000001000
0.415 13 00000000000010000000100000000
0.313 16 00100000000010000001000001000
0.313 11 00100000000010000001000001000
0.313 18 00100000000010000001000001000
0.313 12 00100000000010000001000001000
0.313 14 00100000000010000001000001000
0.313 13 00100000000010000001000001000
0.313 3 00100000000010000001000001000
0.313 11 00000010000010000001000001000
0.313 25 00100000000010000001000001000
0.313 22 00100000000010000001000001000
0.313 21 00100000000010000001000001000
0.313 14 00100000000010000001000001000
0.313 9 00100000000010000001000001000
0.313 13 00100000000010000001000001000
0.313 16 00100000000010000001000001000
0.415 18 00000000000010000010100000000
0.313 19 00100000000010000001000001000
0.313 10 00100000000010000001000001000
0.313 10 00000010000010000001000001000
0.415 20 00000000000010000010100000000
0.415 21 00000000000010000010100000000
0.313 13 00100000000010000001000001000
0.313 16 00100000000010000001000001000
0.313 13 00100000000010000001000001000
0.313 20 00100000000010000001000001000
0.313 1 00100000000010000001000001000
0.313 14 00100000000010000001000001000
0.415 16 00000000000010000010100000000
0.313 13 00100000000010000001000001000
0.415 14 00000000000010000010100000000
0.313 17 00000010000010000001000001000
0.313 12 00000010000010000001000001000
0.313 11 00000010000010000001000001000
0.415 14 00000000000010000010100000000
0.313 10 00100000000010000001000001000
0.415 15 00000000000010000000100000000
0.313 13 00100000000010000001000001000
0.313 1 00100000000010000001000001000
0.415 20 00000000000010000010100000000
0.313 12 00000010000010000001000001000
0.313 12 00100000000010000001000001000
0.313 14 00000010000010000001000001000
0.313 16 00100000000010000001000001000
0.313 13 00000010000010000001000001000
0.313 13 00000010000010000001000001000
0.415 15 00000000000010000000100000000
0.313 16 00100000000010000001000001000
0.313 11 00100000000010000001000001000
0.415 18 00000000000010000010100000000
0.313 19 00100000000010000001000001000
0.313 11 00000010000010000001000001000
0.313 15 00100000000010000001000001000
0.313 13 00000010000010000001000001000
0.313 14 00000010000010000001000001000
0.313 14 00100000000010000001000001000
0.313 2 00100000000010000001000001000
0.313 19 00100000000010000001000001000
0.313 12 00100000000010000001000001000
0.313 13 00000010000010000001000001000
0.313 1 00100000000010000001000001000
0.313 18 00100000000010000001000001000
0.313 8 00000010000010000001000001000
0.415 16 00000000000010000000100000000
0.313 1 00100000000010000001000001000
0.313 11 00100000000010000001000001000
0.415 17 00000000000010000010100000000
0.313 20 00100000000010000001000001000
0.415 17 00000000000010000010100000000
0.313 1 00000010000010000001000001000
0.313 1 00100000000010000001000001000
0.415 15 00000000000010000000100000000
0.313 14 00100000000010000001000001000
0.313 10 00100000000010000001000001000
0.313 12 00000010000010000001000001000
0.313 11 00000010000010000001000001000
0.313 14 00000010000010000001000001000
0.313 16 00100000000010000001000001000
0.415 20 00000000000010000010100000000
0.313 15 00100000000010000001000001000
0.313 12 00100000000010000001000001000
0.313 13 00100000000010000001000001000
0.313 15 00000010000010000001000001000
0.313 6 00100000000010000001000001000
0.313 16 00100000000010000001000001000
0.313 20 00100000000010000001000001000
