0.1565 12 00000010000010000001000001000
0.1565 8 00000010000010000001000001000
0.1565 12 00000010000010000001000001000
0.1565 13 00100000000010000001000001000
0.1565 14 00100000000010000001000001000
0.2075 17 00000000000010000010100000000
0.1565 15 00100000000010000001000001000
0.1565 19 00100000000010000001000001000
0.1565 20 00100000000010000001000001000
0.734 19 01000000000001000000000000010
0.2075 13 00000000000010000010100000000
0.1565 14 00000010000010000001000001000
0.1565 13 00000010000010000001000001000
0.1565 13 00000010000010000001000001000
0.1565 12 00000010000010000001000001000
0.1565 10 00000010000010000001000001000
0.2075 15 00000000000010000000100000000
0.1565 18 00100000000010000001000001000
0.1565 11 00100000000010000001000001000
0.1565 12 00100000000010000001000001000
0.1565 4 00100000000010000001000001000
0.2075 19 00000000000010000010100000000
0.1565 16 00100000000010000001000001000
0.1565 15 00000010000010000001000001000
0.1565 19 00100000000010000001000001000
0.1565 11 00000010000010000001000001000
0.1565 14 00000010000010000001000001000
0.1565 4 00100000000010000001000001000
0.1565 13 00100000000010000001000001000
0.1565 12 00000010000010000001000001000
0.2075 17 00000000000010000010100000000
0.2075 15 00000000000010000010100000000
0.1565 16 00100000000010000001000001000
0.734 15 01000000000001000000000000010
0.1565 22 00100000000010000001000001000
0.1565 11 00100000000010000001000001000
0.2075 14 00000000000010000010100000000
0.1565 13 00000010000010000001000001000
0.1565 11 00000010000010000001000001000
0.1565 1 00000010000010000001000001000
0.1565 14 00100000000010000001000001000
0.1565 16 00100000000010000001000001000
0.1565 14 00100000000010000001000001000
0.1565 24 00100000000010000001000001000
0.1565 13 00100000000010000001000001000
0.1565 17 00100000000010000001000001000
0.1565 23 00100000000010000001000001000
0.1565 19 00100000000010000001000001000
0.734 18 01000000000001000000000000100
0.1565 17 00100000000010000001000001000
0.1565 17 00100000000010000001000001000
0.1565 2 00100000000010000001000001000
0.1565 15 00000010000010000001000001000
0.2075 19 00000000000010000010100000000
0.1565 12 00000010000010000001000001000
0.1565 7 00000010000010000001000001000
0.734 16 01000000000001000000000000010
0.1565 11 00100000000010000001000001000
0.2075 21 00000000000010000000100000000
0.1565 2 00100000000010000001000001000
0.1565 14 00100000000010000001000001000
0.1565 1 00100000000010000001000001000
0.1565 19 00100000000010000001000001000
0.1565 19 00100000000010000001000001000
0.1565 18 00100000000010000001000001000
0.1565 19 00100000000010000001000001000
0.1565 13 00100000000010000001000001000
0.2075 18 00000000000010000010100000000
0.1565 13 00100000000010000001000001000
0.1565 14 00100000000010000001000001000
0.1565 15 00100000000010000001000001000
0.1565 12 00000010000010000001000001000
0.1565 16 00000010000010000001000001000
0.1565 10 00100000000010000001000001000
0.2075 13 00000000000010000010100000000
0.1565 11 00000010000010000001000001000
0.1565 8 00000010000010000001000001000
0.1565 22 00100000000010000001000001000
0.2075 24 00000000000010000010100000000
0.1565 15 00100000000010000001000001000
0.2075 14 00000000000010000010100000000
0.2075 19 00000000000010000000100000000
0.1565 12 00100000000010000001000001000
0.1565 22 00000010000010000001000001000
0.1565 14 00100000000010000001000001000
0.1565 11 00100000000010000001000001000
0.1565 17 00100000000010000001000001000
0.1565 16 00000010000010000001000001000
0.1565 19 00100000000010000001000001000
0.1565 20 00100000000010000001000001000
0.1565 12 00000010000010000001000001000
0.1565 16 00000010000010000001000001000
0.1565 16 00100000000010000001000001000
0.1565 13 00100000000010000001000001000
0.1565 21 00100000000010000001000001000
0.1565 11 00000010000010000001000001000
0.1565 14 00100000000010000001000001000
0.1565 10 00100000000010000001000001000
0.1565 12 00000010000010000001000001000
0.1565 19 00100000000010000001000001000
