62.0556  29 00000010000000000000100000000
61.1667  29 00100010000010000001000001000
188.111  29 01000000000001000000000000010
61.1667  29 00100010000010000001000001000
61.1667  29 00100010000010000001000001000
62.0556  29 00100000000000000000100000000
61.1667  29 00100010000010000001000001000
62.0556  29 00100000000000000010100000000
62.0556  29 00000010000000000000100000000
62.0556  29 00100000000000000000100000000
61.1667  29 00100010000010000001000001000
61.1667  29 00100010000010000001000001000
62.0556  29 00100000000000000000100000000
62.0556  29 00000010000000000000100000000
61.1667  29 00100010000010000001000001000
61.1667  29 00100010000010000001000001000
61.1667  29 00100010000010000001000001000
61.1667  29 00100010000010000001000001000
62.0556  29 00100000000000000000100000000
61.1667  29 00100010000010000001000001000
62.0556  29 00100000000000000010100000000
62.0556  29 00100000000000000000100000000
62.0556  29 00100000000000000010100000000
62.0556  29 00100000000000000010100000000
62.0556  29 00000010000000000010100000000
188.111  29 01000000000001000000000000010
62.0556  29 00100000000000000010100000000
62.0556  29 00100000000000000010100000000
62.0556  29 00100000000000000000100000000
62.0556  29 00000010000000000010100000000
62.0556  29 00100000000000000000100000000
62.0556  29 00000010000000000000100000000
62.0556  29 00100000000000000000100000000
62.0556  29 00000010000000000000100000000
62.0556  29 00100000000000000010100000000
62.0556  29 00100000000000000010100000000
61.1667  29 00100010000010000001000001000
61.1667  29 00100010000010000001000001000
61.1667  29 00100010000010000001000001000
62.0556  29 00100000000000000010100000000
62.0556  29 00100000000000000010100000000
61.1667  29 00100010000010000001000001000
62.0556  29 00100000000000000010100000000
61.1667  29 00100010000010000001000001000
61.1667  29 00100010000010000001000001000
61.1667  29 00100010000010000001000001000
61.1667  29 00100010000010000001000001000
62.0556  29 00100000000000000000100000000
61.1667  29 00100010000010000001000001000
62.0556  29 00100000000000000010100000000
62.0556  29 00100000000000000000100000000
62.0556  29 00100000000000000010100000000
62.0556  29 00100000000000000010100000000
61.1667  29 00100010000010000001000001000
61.1667  29 00100010000010000001000001000
62.0556  29 00000010000000000010100000000
61.1667  29 00100010000010000001000001000
62.0556  29 00000010000000000010100000000
62.0556  29 00100000000000000010100000000
62.0556  29 00000010000000000010100000000
62.0556  29 00100000000000000010100000000
61.1667  29 00100010000010000001000001000
61.1667  29 00100010000010000001000001000
61.1667  29 00100010000010000001000001000
61.1667  29 00100010000010000001000001000
62.0556  29 00000010000000000010100000000
62.0556  29 00100000000000000000100000000
61.1667  29 00100010000010000001000001000
61.1667  29 00100010000010000001000001000
61.1667  29 00100010000010000001000001000
62.0556  29 00100000000000000000100000000
62.0556  29 00100000000000000000100000000
62.0556  29 00100000000000000010100000000
62.0556  29 00100000000000000010100000000
62.0556  29 00100000000000000010100000000
62.0556  29 00100000000000000010100000000
61.1667  29 00100010000010000001000001000
62.0556  29 00100000000000000000100000000
61.1667  29 00100010000010000001000001000
61.1667  29 00100010000010000001000001000
61.1667  29 00100010000010000001000001000
62.0556  29 00000010000000000010100000000
62.0556  29 00100000000000000000100000000
62.0556  29 00000010000000000000100000000
62.0556  29 00000010000000000010100000000
62.0556  29 00000010000000000010100000000
188.111  29 01000000000001000000000000100
62.0556  29 00100000000000000010100000000
62.0556  29 00100000000000000010100000000
62.0556  29 00000010000000000000100000000
62.0556  29 00000010000000000010100000000
62.0556  29 00100000000000000000100000000
61.1667  29 00100010000010000001000001000
62.0556  29 00100000000000000010100000000
61.1667  29 00100010000010000001000001000
62.0556  29 00100000000000000000100000000
62.0556  29 00000010000000000000100000000
62.0556  29 00000010000000000000100000000
62.0556  29 00100000000000000010100000000
62.0556  29 00100000000000000000100000000
