566.056  29 00000000000010000010100000000
566.056  29 00000000000010000010100000000
566.056  29 00000000000010000000100000000
566.056  29 00000000000010000000100000000
566.056  29 00000000000010000000100000000
372.167  29 00100010000010000001000001000
566.056  29 00000000000010000010100000000
372.167  29 00100010000010000001000001000
372.167  29 00100010000010000001000001000
372.167  29 00100010000010000001000001000
372.167  29 00100010000010000001000001000
566.056  29 00000000000010000010100000000
566.056  29 00000000000010000010100000000
372.167  29 00100010000010000001000001000
566.056  29 00000000000010000010100000000
566.056  29 00000000000010000010100000000
566.056  29 00000000000010000000100000000
566.056  29 00000000000010000000100000000
566.056  29 00000000000010000010100000000
566.056  29 00000000000010000010100000000
566.056  29 00000000000010000000100000000
566.056  29 00000000000010000000100000000
566.056  29 00000000000010000010100000000
566.056  29 00000000000010000010100000000
566.056  29 00000000000010000010100000000
566.056  29 00000000000010000010100000000
566.056  29 00000000000010000010100000000
566.056  29 00000000000010000010100000000
566.056  29 00000000000010000010100000000
566.056  29 00000000000010000000100000000
566.056  29 00000000000010000000100000000
566.056  29 00000000000010000010100000000
372.167  29 00100010000010000001000001000
372.167  29 00100010000010000001000001000
372.167  29 00100010000010000001000001000
372.167  29 00100010000010000001000001000
372.167  29 00100010000010000001000001000
566.056  29 00000000000010000010100000000
1521.11  29 01000000000001000000000000100
566.056  29 00000000000010000010100000000
566.056  29 00000000000010000010100000000
372.167  29 00100010000010000001000001000
566.056  29 00000000000010000010100000000
566.056  29 00000000000010000010100000000
566.056  29 00000000000010000000100000000
566.056  29 00000000000010000000100000000
566.056  29 00000000000010000000100000000
566.056  29 00000000000010000010100000000
372.167  29 00100010000010000001000001000
566.056  29 00000000000010000010100000000
566.056  29 00000000000010000010100000000
372.167  29 00100010000010000001000001000
566.056  29 00000000000010000000100000000
566.056  29 00000000000010000000100000000
566.056  29 00000000000010000010100000000
566.056  29 00000000000010000010100000000
372.167  29 00100010000010000001000001000
566.056  29 00000000000010000010100000000
1521.11  29 01000000000001000000000000100
566.056  29 00000000000010000000100000000
566.056  29 00000000000010000010100000000
566.056  29 00000000000010000010100000000
372.167  29 00100010000010000001000001000
566.056  29 00000000000010000010100000000
566.056  29 00000000000010000010100000000
566.056  29 00000000000010000010100000000
566.056  29 00000000000010000010100000000
566.056  29 00000000000010000010100000000
372.167  29 00100010000010000001000001000
566.056  29 00000000000010000010100000000
566.056  29 00000000000010000010100000000
566.056  29 00000000000010000000100000000
372.167  29 00100010000010000001000001000
372.167  29 00100010000010000001000001000
566.056  29 00000000000010000010100000000
566.056  29 00000000000010000010100000000
372.167  29 00100010000010000001000001000
566.056  29 00000000000010000000100000000
566.056  29 00000000000010000010100000000
566.056  29 00000000000010000010100000000
566.056  29 00000000000010000010100000000
1521.11  29 01000000000001000000000000100
566.056  29 00000000000010000010100000000
566.056  29 00000000000010000000100000000
566.056  29 00000000000010000000100000000
566.056  29 00000000000010000000100000000
566.056  29 00000000000010000010100000000
566.056  29 00000000000010000010100000000
566.056  29 00000000000010000010100000000
566.056  29 00000000000010000010100000000
566.056  29 00000000000010000000100000000
566.056  29 00000000000010000000100000000
566.056  29 00000000000010000000100000000
566.056  29 00000000000010000010100000000
566.056  29 00000000000010000000100000000
372.167  29 00100010000010000001000001000
372.167  29 00100010000010000001000001000
566.056  29 00000000000010000010100000000
566.056  29 00000000000010000010100000000
566.056  29 00000000000010000000100000000
