37.1111  29 00100010000000000001000001000
37.1111  29 00100010000000000001000001000
37.1111  29 00100010000000000001000001000
37.1111  29 00100010000000000001000001000
170.111  29 01000000000001000000000000100
37.1111  29 00100010000000000001000001000
37.1111  29 00100010000000000001000001000
37.1111  29 00100010000000000001000001000
37.1111  29 00100010000000000001000001000
37.1111  29 00100010000000000001000001000
37.1111  29 00100010000000000001000001000
37.1111  29 00100010000000000001000001000
37.1111  29 00100010000000000001000001000
37.1111  29 00100010000000000001000001000
37.1111  29 00100010000000000001000001000
37.1111  29 00100010000000000001000001000
37.1111  29 00100010000000000001000001000
37.1111  29 00100010000000000001000001000
37.1111  29 00100010000000000001000001000
37.1111  29 00100010000000000001000001000
37.1111  29 00100010000000000001000001000
37.1111  29 00100010000000000001000001000
37.1111  29 00100010000000000001000001000
37.1111  29 00100010000000000001000001000
37.1111  29 00100010000000000001000001000
37.1111  29 00100010000000000001000001000
37.1111  29 00100010000000000001000001000
37.1111  29 00100010000000000001000001000
37.1111  29 00100010000000000001000001000
37.1111  29 00100010000000000001000001000
37.1111  29 00100010000000000001000001000
37.1111  29 00100010000000000001000001000
37.1111  29 00100010000000000001000001000
37.1111  29 00100010000000000001000001000
37.1111  29 00100010000000000001000001000
37.1111  29 00100010000000000001000001000
37.1111  29 00100010000000000001000001000
37.1111  29 00100010000000000001000001000
37.1111  29 00100010000000000001000001000
37.1111  29 00100010000000000001000001000
37.1111  29 00100010000000000001000001000
37.1111  29 00100010000000000001000001000
37.1111  29 00100010000000000001000001000
37.1111  29 00100010000000000001000001000
37.1111  29 00100010000000000001000001000
37.1111  29 00100010000000000001000001000
37.1111  29 00100010000000000001000001000
37.1111  29 00100010000000000001000001000
37.1111  29 00100010000000000001000001000
37.1111  29 00100010000000000001000001000
37.1111  29 00100010000000000001000001000
37.1111  29 00100010000000000001000001000
37.1111  29 00100010000000000001000001000
37.1111  29 00100010000000000001000001000
37.1111  29 00100010000000000001000001000
37.1111  29 00100010000000000001000001000
37.1111  29 00100010000000000001000001000
37.1111  29 00100010000000000001000001000
37.1111  29 00100010000000000001000001000
37.1111  29 00100010000000000001000001000
37.1111  29 00100010000000000001000001000
37.1111  29 00100010000000000001000001000
37.1111  29 00100010000000000001000001000
37.1111  29 00100010000000000001000001000
37.1111  29 00100010000000000001000001000
37.1111  29 00100010000000000001000001000
37.1111  29 00100010000000000001000001000
37.1111  29 00100010000000000001000001000
37.1111  29 00100010000000000001000001000
37.1111  29 00100010000000000001000001000
37.1111  29 00100010000000000001000001000
37.1111  29 00100010000000000001000001000
37.1111  29 00100010000000000001000001000
37.1111  29 00100010000000000001000001000
37.1111  29 00100010000000000001000001000
37.1111  29 00100010000000000001000001000
37.1111  29 00100010000000000001000001000
37.1111  29 00100010000000000001000001000
37.1111  29 00100010000000000001000001000
37.1111  29 00100010000000000001000001000
37.1111  29 00100010000000000001000001000
37.1111  29 00100010000000000001000001000
37.1111  29 00100010000000000001000001000
37.1111  29 00100010000000000001000001000
37.1111  29 00100010000000000001000001000
37.1111  29 00100010000000000001000001000
37.1111  29 00100010000000000001000001000
37.1111  29 00100010000000000001000001000
37.1111  29 00100010000000000001000001000
37.1111  29 00100010000000000001000001000
37.1111  29 00100010000000000001000001000
37.1111  29 00100010000000000001000001000
37.1111  29 00100010000000000001000001000
37.1111  29 00100010000000000001000001000
37.1111  29 00100010000000000001000001000
37.1111  29 00100010000000000001000001000
37.1111  29 00100010000000000001000001000
37.1111  29 00100010000000000001000001000
37.1111  29 00100010000000000001000001000
170.111  29 01000000000001000000000000010
