90.0556  29 00000010000000000000100000000
111.056  29 00000010000000000010100000000
105.056  29 00000010000000000000100000000
95.0556  29 00000010000000000010100000000
93.0556  29 00100000000000000010100000000
77.0556  29 00100000000000000010100000000
91.0556  29 00100000000000000000100000000
87.0556  29 00000010000000000010100000000
96.0556  29 00100000000000000010100000000
94.0556  29 00100000000000000000100000000
94.0556  29 00100000000000000000100000000
81.0556  29 00000010000000000000100000000
89.0556  29 00100000000000000000100000000
97.0556  29 00100000000000000000100000000
98.0556  29 00100000000000000010100000000
94.0556  29 00100000000000000000100000000
84.0556  29 00000010000000000000100000000
100.056  29 00000010000000000010100000000
93.0556  29 00000010000000000000100000000
95.0556  29 00100000000000000000100000000
92.0556  29 00100000000000000010100000000
90.0556  29 00100000000000000000100000000
99.0556  29 00000010000000000000100000000
102.056  29 00000010000000000010100000000
111.056  29 00000010000000000010100000000
96.0556  29 00000010000000000010100000000
92.0556  29 00100000000000000000100000000
102.056  29 00100000000000000010100000000
94.0556  29 00100000000000000010100000000
104.056  29 00100000000000000000100000000
90.0556  29 00100000000000000000100000000
102.056  29 00000010000000000000100000000
100.056  29 00100000000000000010100000000
100.056  29 00000010000000000010100000000
99.0556  29 00100000000000000000100000000
91.0556  29 00100000000000000010100000000
92.0556  29 00000010000000000010100000000
92.0556  29 00100000000000000000100000000
101.056  29 00000010000000000000100000000
95.0556  29 00000010000000000010100000000
94.0556  29 00100000000000000010100000000
91.0556  29 00100000000000000010100000000
109.056  29 00100000000000000000100000000
91.0556  29 00100000000000000010100000000
89.0556  29 00100000000000000000100000000
96.0556  29 00000010000000000010100000000
103.056  29 00000010000000000010100000000
92.0556  29 00000010000000000010100000000
99.0556  29 00100000000000000010100000000
103.056  29 00000010000000000000100000000
91.0556  29 00100000000000000000100000000
106.056  29 00000010000000000010100000000
88.0556  29 00000010000000000000100000000
92.0556  29 00100000000000000010100000000
95.0556  29 00000010000000000000100000000
86.0556  29 00000010000000000010100000000
93.0556  29 00000010000000000000100000000
94.0556  29 00000010000000000000100000000
95.0556  29 00000010000000000010100000000
84.0556  29 00000010000000000000100000000
93.0556  29 00100000000000000010100000000
92.0556  29 00100000000000000000100000000
98.0556  29 00000010000000000010100000000
105.056  29 00100000000000000010100000000
90.0556  29 00000010000000000010100000000
88.0556  29 00100000000000000000100000000
106.056  29 00000010000000000000100000000
91.0556  29 00000010000000000000100000000
97.0556  29 00100000000000000010100000000
88.0556  29 00100000000000000010100000000
93.0556  29 00100000000000000010100000000
88.0556  29 00100000000000000000100000000
96.0556  29 00000010000000000000100000000
87.0556  29 00100000000000000010100000000
102.056  29 00000010000000000000100000000
90.0556  29 00000010000000000010100000000
100.056  29 00000010000000000010100000000
94.0556  29 00100000000000000010100000000
93.0556  29 00100000000000000000100000000
100.056  29 00000010000000000010100000000
98.0556  29 00100000000000000010100000000
95.0556  29 00000010000000000010100000000
86.0556  29 00100000000000000000100000000
94.0556  29 00000010000000000000100000000
92.0556  29 00100000000000000000100000000
110.056  29 00100000000000000010100000000
83.0556  29 00100000000000000000100000000
86.0556  29 00000010000000000000100000000
96.0556  29 00000010000000000010100000000
98.0556  29 00100000000000000010100000000
90.0556  29 00100000000000000000100000000
93.0556  29 00100000000000000010100000000
92.0556  29 00000010000000000000100000000
96.0556  29 00100000000000000010100000000
93.0556  29 00000010000000000010100000000
96.0556  29 00000010000000000010100000000
98.0556  29 00000010000000000000100000000
94.0556  29 00000010000000000000100000000
86.0556  29 00000010000000000010100000000
95.0556  29 00100000000000000000100000000
