98.0556  29 00100000000000000010100000000
98.0556  29 00100000000000000010100000000
71.1667  29 00100010000010000001000001000
71.1667  29 00100010000010000001000001000
98.0556  29 00100000000000000000100000000
98.0556  29 00100000000000000010100000000
98.0556  29 00100000000000000010100000000
98.0556  29 00100000000000000010100000000
71.1667  29 00100010000010000001000001000
98.0556  29 00100000000000000000100000000
71.1667  29 00100010000010000001000001000
98.0556  29 00100000000000000000100000000
98.0556  29 00100000000000000010100000000
71.1667  29 00100010000010000001000001000
98.0556  29 00100000000000000000100000000
98.0556  29 00100000000000000000100000000
98.0556  29 00100000000000000010100000000
71.1667  29 00100010000010000001000001000
98.0556  29 00100000000000000000100000000
98.0556  29 00100000000000000000100000000
71.1667  29 00100010000010000001000001000
98.0556  29 00100000000000000010100000000
98.0556  29 00100000000000000010100000000
98.0556  29 00100000000000000010100000000
71.1667  29 00100010000010000001000001000
98.0556  29 00100000000000000000100000000
98.0556  29 00100000000000000010100000000
98.0556  29 00100000000000000000100000000
98.0556  29 00100000000000000010100000000
71.1667  29 00100010000010000001000001000
98.0556  29 00100000000000000000100000000
98.0556  29 00100000000000000010100000000
71.1667  29 00100010000010000001000001000
98.0556  29 00100000000000000010100000000
98.0556  29 00100000000000000000100000000
98.0556  29 00100000000000000010100000000
98.0556  29 00100000000000000010100000000
98.0556  29 00100000000000000000100000000
98.0556  29 00100000000000000000100000000
98.0556  29 00100000000000000010100000000
98.0556  29 00100000000000000010100000000
98.0556  29 00100000000000000000100000000
71.1667  29 00100010000010000001000001000
98.0556  29 00100000000000000010100000000
98.0556  29 00100000000000000000100000000
71.1667  29 00100010000010000001000001000
98.0556  29 00100000000000000010100000000
71.1667  29 00100010000010000001000001000
98.0556  29 00100000000000000010100000000
98.0556  29 00100000000000000010100000000
98.0556  29 00100000000000000010100000000
98.0556  29 00100000000000000000100000000
98.0556  29 00100000000000000010100000000
98.0556  29 00100000000000000010100000000
98.0556  29 00100000000000000000100000000
98.0556  29 00100000000000000000100000000
98.0556  29 00100000000000000010100000000
98.0556  29 00100000000000000010100000000
98.0556  29 00100000000000000000100000000
71.1667  29 00100010000010000001000001000
71.1667  29 00100010000010000001000001000
71.1667  29 00100010000010000001000001000
98.0556  29 00100000000000000010100000000
98.0556  29 00100000000000000000100000000
98.0556  29 00100000000000000010100000000
98.0556  29 00100000000000000010100000000
98.0556  29 00100000000000000000100000000
98.0556  29 00100000000000000010100000000
71.1667  29 00100010000010000001000001000
71.1667  29 00100010000010000001000001000
71.1667  29 00100010000010000001000001000
71.1667  29 00100010000010000001000001000
98.0556  29 00100000000000000010100000000
71.1667  29 00100010000010000001000001000
71.1667  29 00100010000010000001000001000
71.1667  29 00100010000010000001000001000
98.0556  29 00100000000000000010100000000
98.0556  29 00100000000000000010100000000
98.0556  29 00100000000000000000100000000
98.0556  29 00100000000000000010100000000
71.1667  29 00100010000010000001000001000
98.0556  29 00100000000000000010100000000
98.0556  29 00100000000000000010100000000
71.1667  29 00100010000010000001000001000
98.0556  29 00100000000000000000100000000
98.0556  29 00100000000000000000100000000
98.0556  29 00100000000000000010100000000
71.1667  29 00100010000010000001000001000
98.0556  29 00100000000000000000100000000
71.1667  29 00100010000010000001000001000
98.0556  29 00100000000000000010100000000
98.0556  29 00100000000000000000100000000
71.1667  29 00100010000010000001000001000
98.0556  29 00100000000000000000100000000
98.0556  29 00100000000000000010100000000
98.0556  29 00100000000000000010100000000
98.0556  29 00100000000000000000100000000
98.0556  29 00100000000000000000100000000
98.0556  29 00100000000000000000100000000
98.0556  29 00100000000000000010100000000
