2578.11  29 01000000000001000000000000100
1078.06  29 00000010000000000010100000000
1078.06  29 00000010000000000000100000000
1078.06  29 00000010000000000010100000000
1078.06  29 00000010000000000010100000000
1078.06  29 00000010000000000010100000000
1078.06  29 00000010000000000000100000000
1078.06  29 00000010000000000000100000000
1078.06  29 00000010000000000000100000000
1078.06  29 00000010000000000010100000000
1078.06  29 00000010000000000010100000000
1078.06  29 00000010000000000010100000000
1078.06  29 00000010000000000010100000000
818.111  29 00100010000000000001000001000
818.111  29 00100010000000000001000001000
1078.06  29 00000010000000000010100000000
1078.06  29 00000010000000000000100000000
1078.06  29 00000010000000000000100000000
1078.06  29 00000010000000000000100000000
1078.06  29 00000010000000000010100000000
1078.06  29 00000010000000000000100000000
1078.06  29 00000010000000000010100000000
1078.06  29 00000010000000000010100000000
1078.06  29 00000010000000000010100000000
1078.06  29 00000010000000000000100000000
1078.06  29 00000010000000000010100000000
1078.06  29 00000010000000000010100000000
1078.06  29 00000010000000000000100000000
1078.06  29 00000010000000000000100000000
1078.06  29 00000010000000000000100000000
1078.06  29 00000010000000000010100000000
1078.06  29 00000010000000000000100000000
1078.06  29 00000010000000000010100000000
818.111  29 00100010000000000001000001000
1078.06  29 00000010000000000010100000000
1078.06  29 00000010000000000000100000000
1078.06  29 00000010000000000010100000000
1078.06  29 00000010000000000000100000000
1078.06  29 00000010000000000000100000000
1078.06  29 00000010000000000010100000000
1078.06  29 00000010000000000010100000000
1078.06  29 00000010000000000000100000000
1078.06  29 00000010000000000010100000000
1078.06  29 00000010000000000010100000000
1078.06  29 00000010000000000010100000000
1078.06  29 00000010000000000010100000000
1078.06  29 00000010000000000000100000000
1078.06  29 00000010000000000000100000000
1078.06  29 00000010000000000010100000000
818.111  29 00100010000000000001000001000
1078.06  29 00000010000000000000100000000
1078.06  29 00000010000000000010100000000
1078.06  29 00000010000000000010100000000
1078.06  29 00000010000000000010100000000
1078.06  29 00000010000000000010100000000
1078.06  29 00000010000000000010100000000
1078.06  29 00000010000000000000100000000
818.111  29 00100010000000000001000001000
818.111  29 00100010000000000001000001000
1078.06  29 00000010000000000010100000000
1078.06  29 00000010000000000000100000000
1078.06  29 00000010000000000010100000000
1078.06  29 00000010000000000000100000000
1078.06  29 00000010000000000000100000000
1078.06  29 00000010000000000010100000000
1078.06  29 00000010000000000000100000000
1078.06  29 00000010000000000010100000000
1078.06  29 00000010000000000000100000000
1078.06  29 00000010000000000010100000000
1078.06  29 00000010000000000010100000000
1078.06  29 00000010000000000010100000000
818.111  29 00100010000000000001000001000
818.111  29 00100010000000000001000001000
1078.06  29 00000010000000000000100000000
1078.06  29 00000010000000000000100000000
1078.06  29 00000010000000000010100000000
1078.06  29 00000010000000000010100000000
1078.06  29 00000010000000000010100000000
1078.06  29 00000010000000000000100000000
1078.06  29 00000010000000000010100000000
1078.06  29 00000010000000000000100000000
1078.06  29 00000010000000000010100000000
1078.06  29 00000010000000000000100000000
1078.06  29 00000010000000000010100000000
1078.06  29 00000010000000000010100000000
1078.06  29 00000010000000000000100000000
1078.06  29 00000010000000000010100000000
1078.06  29 00000010000000000000100000000
1078.06  29 00000010000000000010100000000
1078.06  29 00000010000000000010100000000
1078.06  29 00000010000000000000100000000
1078.06  29 00000010000000000000100000000
1078.06  29 00000010000000000010100000000
1078.06  29 00000010000000000010100000000
1078.06  29 00000010000000000000100000000
1078.06  29 00000010000000000010100000000
1078.06  29 00000010000000000010100000000
1078.06  29 00000010000000000010100000000
818.111  29 00100010000000000001000001000
1078.06  29 00000010000000000000100000000
