101.056  29 00100000000000000000100000000
101.056  29 00000010000000000010100000000
68.1667  29 00100010000010000001000001000
80.1667  29 00100010000010000001000001000
79.1667  29 00100010000010000001000001000
97.0556  29 00100000000000000000100000000
100.056  29 00000010000000000000100000000
97.0556  29 00100000000000000010100000000
91.0556  29 00100000000000000000100000000
86.0556  29 00000010000000000010100000000
97.0556  29 00100000000000000000100000000
91.0556  29 00100000000000000000100000000
105.056  29 00100000000000000010100000000
92.0556  29 00100000000000000010100000000
92.0556  29 00100000000000000010100000000
92.0556  29 00000010000000000010100000000
80.0556  29 00100000000000000000100000000
73.1667  29 00100010000010000001000001000
104.056  29 00000010000000000010100000000
75.1667  29 00100010000010000001000001000
93.0556  29 00000010000000000010100000000
105.056  29 00000010000000000010100000000
100.056  29 00000010000000000010100000000
100.056  29 00000010000000000000100000000
90.0556  29 00100000000000000010100000000
111.056  29 00100000000000000010100000000
76.1667  29 00100010000010000001000001000
70.1667  29 00100010000010000001000001000
96.0556  29 00000010000000000010100000000
89.0556  29 00100000000000000010100000000
70.1667  29 00100010000010000001000001000
105.056  29 00100000000000000010100000000
97.0556  29 00000010000000000000100000000
75.1667  29 00100010000010000001000001000
94.0556  29 00100000000000000010100000000
106.056  29 00000010000000000010100000000
94.0556  29 00100000000000000010100000000
79.1667  29 00100010000010000001000001000
86.0556  29 00000010000000000010100000000
94.0556  29 00000010000000000010100000000
83.0556  29 00100000000000000010100000000
98.0556  29 00100000000000000000100000000
100.056  29 00100000000000000010100000000
92.1667  29 00100010000010000001000001000
90.0556  29 00100000000000000000100000000
99.0556  29 00000010000000000010100000000
99.0556  29 00000010000000000010100000000
98.0556  29 00000010000000000000100000000
97.0556  29 00100000000000000010100000000
91.0556  29 00000010000000000010100000000
111.056  29 00100000000000000010100000000
95.0556  29 00000010000000000010100000000
90.0556  29 00100000000000000000100000000
89.0556  29 00100000000000000010100000000
88.0556  29 00100000000000000000100000000
82.0556  29 00100000000000000010100000000
67.1667  29 00100010000010000001000001000
99.0556  29 00000010000000000010100000000
113.056  29 00100000000000000000100000000
96.0556  29 00100000000000000000100000000
97.0556  29 00100000000000000010100000000
95.0556  29 00100000000000000010100000000
67.1667  29 00100010000010000001000001000
90.0556  29 00000010000000000010100000000
98.0556  29 00000010000000000010100000000
88.0556  29 00000010000000000000100000000
102.056  29 00000010000000000000100000000
99.0556  29 00100000000000000000100000000
86.0556  29 00100000000000000010100000000
95.0556  29 00100000000000000000100000000
112.056  29 00000010000000000010100000000
74.1667  29 00100010000010000001000001000
99.0556  29 00100000000000000010100000000
77.1667  29 00100010000010000001000001000
92.0556  29 00100000000000000000100000000
89.0556  29 00000010000000000010100000000
90.0556  29 00100000000000000010100000000
87.0556  29 00100000000000000000100000000
85.0556  29 00000010000000000010100000000
93.0556  29 00100000000000000010100000000
81.0556  29 00100000000000000000100000000
96.0556  29 00000010000000000000100000000
70.1667  29 00100010000010000001000001000
98.0556  29 00000010000000000000100000000
75.1667  29 00100010000010000001000001000
85.1667  29 00100010000010000001000001000
77.1667  29 00100010000010000001000001000
101.056  29 00100000000000000010100000000
97.0556  29 00000010000000000000100000000
94.0556  29 00000010000000000000100000000
98.0556  29 00000010000000000000100000000
94.0556  29 00100000000000000010100000000
89.0556  29 00000010000000000010100000000
111.056  29 00100000000000000010100000000
97.0556  29 00000010000000000000100000000
101.056  29 00100000000000000010100000000
96.0556  29 00100000000000000010100000000
96.0556  29 00000010000000000010100000000
85.0556  29 00000010000000000010100000000
74.1667  29 00100010000010000001000001000
