510.222  29 00001000100000011011000001000
530.222  29 00000000110000101011000001000
540.222  29 01001000000100100001100000000
509.222  29 00000000010000111011000001000
624.111  29 00000000000000100110100000000
505.222  29 00000000010000111011000001000
487.167  29 10000000010000100011000001000
530.222  29 01000000110000010011000001000
519.222  29 00100000100000110011000001000
516.222  29 00000010110000100011000001000
471.222  29 00000000010000111011000001000
556.167  29 00000000001000110011000001000
490.222  29 01001000000100100001100000000
546.111  29 01000000010000000011100000000
555.167  29 00000000001000110011000001000
528.222  29 00000000010000111011000001000
541.222  29 00000010110000100011000001000
525.222  29 00000000110000101011000001000
627.056  29 00000000000000000101000100000
468.222  29 00001000110000010011000001000
496.222  29 00001000100000011011000001000
661.111  29 00000000000000100110100000000
515.222  29 00000000010000111011000001000
437.222  29 00000000010000111011000001000
548.222  29 00000100100000110011000001000
453.222  29 00000000010000111011000001000
656.111  29 00000011000000000011000000010
497.222  29 00000000110000101011000001000
593.056  29 00000000000000000111000100000
638.111  29 00000101000000000011000000010
531.222  29 01000000100000011011000001000
514.222  29 01000000110000010011000001000
553.222  29 00001000110000010011000001000
522.222  29 00000000110000101011000001000
575.111  29 00000000000000100111100000000
538.222  29 01000000100000011011000001000
548.167  29 10000000010000100011000001000
499.222  29 00001000100000011011000001000
501.222  29 00000000010000111011000001000
650.111  29 00000011000000000011000000010
534.222  29 00010000100000110011000001000
614.111  29 00001000000000001011000100000
530.222  29 00001000100000011011000001000
549.167  29 10000000010000100011000001000
478.167  29 01000000000100100001100000000
540.167  29 10000000010000100011000001000
636.111  29 00000000000000100110100000000
537.111  29 01000000010000000011100000000
511.111  29 00001000010000000011100000000
632.111  29 00000000100000100010100000000
530.222  29 01000000100000011011000001000
524.222  29 00000000010000111011000001000
526.222  29 01000000110000010011000001000
528.222  29 01000000110000010011000001000
504.222  29 00000000010000111011000001000
692.111  29 00000011000000000011000000010
531.111  29 00000000000000100111100000000
454.222  29 00000000010000111011000001000
451.222  29 00000000010000111011000001000
419.222  29 01000000110000010011000001000
646.111  29 00000101000000000011000000010
611.111  29 00000000100000100010100000000
501.222  29 00000000110000101011000001000
488.222  29 00000000010000111011000001000
574.167  29 00000000001000110011000001000
607.111  29 00000000100000100010100000000
663.111  29 00100001000000000011000000010
545.222  29 00000000110000101011000001000
513.222  29 00000000010000111011000001000
540.222  29 01001000000100100001100000000
531.222  29 01001000000100100001100000000
620.111  29 00000101000000000011000000010
651.111  29 00000000100000100010100000000
487.222  29 01001000000100100001100000000
523.222  29 00001000100000011011000001000
526.167  29 00001000101000000011000001000
519.222  29 00001000110000010011000001000
584.056  29 00000000000000000101010000000
438.222  29 00010000100000110011000001000
479.167  29 01000000101000000011000001000
565.056  29 00000000000000000101000100000
461.222  29 00000000010000111011000001000
628.111  29 00000000100000100010100000000
474.167  29 10000000010000100011000001000
503.222  29 00000000010000111011000001000
534.222  29 00001000110000010011000001000
602.222  29 00000000100000110111000001000
480.222  29 00000000010000111011000001000
544.111  29 00001000010000000011100000000
591.111  29 00000000000000100111100000000
505.222  29 00000000010000111011000001000
533.222  29 00000000010000111011000001000
540.111  29 00000000000000100111100000000
571.222  29 01001000000100100001100000000
526.222  29 00000000010000111011000001000
532.222  29 00001000100000011011000001000
460.222  29 00000000010000111011000001000
513.222  29 00001000110000010011000001000
530.222  29 00001000100000011011000001000
529.222  29 01001000000100100001100000000
