536.222  29 00000000010000111011000001000
614.056  29 00000000000000000101010000000
536.222  29 00000000010000111011000001000
536.222  29 00000000010000111011000001000
614.056  29 00000000000000000111000100000
614.056  29 00000000000000000101010000000
654.111  29 00000101000000000011000000010
536.222  29 00000000010000111011000001000
536.222  29 00000000010000111011000001000
614.056  29 00000000000000000111000100000
536.222  29 00000000010000111011000001000
536.222  29 00000000010000111011000001000
536.222  29 00000000010000111011000001000
536.222  29 00000000010000111011000001000
536.222  29 00000000010000111011000001000
536.222  29 00000000010000111011000001000
536.222  29 00000000010000111011000001000
536.222  29 00000000010000111011000001000
536.222  29 00000000010000111011000001000
536.222  29 00000000010000111011000001000
536.222  29 00000000010000111011000001000
536.222  29 00000000010000111011000001000
524.222  29 01001000000100100001100000000
614.056  29 00000000000000000101000100000
572.111  29 01000000010000000011100000000
614.056  29 00000000000000000111000100000
536.222  29 00000000010000111011000001000
536.222  29 00000000010000111011000001000
536.222  29 00000000010000111011000001000
524.222  29 01001000000100100001100000000
536.222  29 00000000010000111011000001000
536.222  29 00000000010000111011000001000
536.222  29 00000000010000111011000001000
536.222  29 00000000010000111011000001000
614.056  29 00000000000000000101000100000
614.056  29 00000000000000000111000100000
572.111  29 00001000010000000011100000000
536.222  29 00000000010000111011000001000
536.222  29 00000000010000111011000001000
614.056  29 00000000000000000111000100000
546.222  29 01000000110000010011000001000
538.167  29 10000000010000100011000001000
536.222  29 00000000010000111011000001000
536.222  29 00000000010000111011000001000
536.222  29 00000000010000111011000001000
536.222  29 00000000010000111011000001000
536.222  29 00000000010000111011000001000
614.056  29 00000000000000000111010000000
536.222  29 00000000010000111011000001000
536.222  29 00000000010000111011000001000
536.222  29 00000000010000111011000001000
654.111  29 00000101000000000011000000010
614.056  29 00000000000000000111010000000
536.222  29 00000000010000111011000001000
536.222  29 00000000010000111011000001000
536.222  29 00000000010000111011000001000
614.056  29 00000000000000000101000100000
536.222  29 00000000010000111011000001000
614.056  29 00000000000000000111000100000
536.222  29 00000000010000111011000001000
536.222  29 00000000010000111011000001000
536.222  29 00000000010000111011000001000
536.222  29 00000000010000111011000001000
524.222  29 01001000000100100001100000000
536.222  29 00000000010000111011000001000
536.222  29 00000000010000111011000001000
536.222  29 00000000010000111011000001000
546.222  29 00001000110000010011000001000
524.222  29 01001000000100100001100000000
536.222  29 00000000010000111011000001000
536.222  29 00000000010000111011000001000
614.056  29 00000000000000000101010000000
614.056  29 00000000000000000111010000000
536.222  29 00000000010000111011000001000
536.222  29 00000000010000111011000001000
536.222  29 00000000010000111011000001000
536.222  29 00000000010000111011000001000
536.222  29 00000000010000111011000001000
536.222  29 00000000010000111011000001000
536.222  29 00000000010000111011000001000
536.222  29 00000000010000111011000001000
614.056  29 00000000000000000101000100000
536.222  29 00000000010000111011000001000
536.222  29 00000000010000111011000001000
536.222  29 00000000010000111011000001000
536.222  29 00000000010000111011000001000
536.222  29 00000000010000111011000001000
572.111  29 00001000010000000011100000000
536.222  29 00000000010000111011000001000
524.222  29 01001000000100100001100000000
536.222  29 00000000010000111011000001000
536.222  29 00000000010000111011000001000
536.222  29 00000000010000111011000001000
536.222  29 00000000010000111011000001000
524.222  29 01001000000100100001100000000
614.056  29 00000000000000000101010000000
614.056  29 00000000000000000101010000000
524.222  29 01001000000100100001100000000
614.056  29 00000000000000000101010000000
536.222  29 00000000010000111011000001000
