4620.22  29 00000000010000111011000001000
5640.11  29 00000000000000100110100000000
4620.22  29 00000000010000111011000001000
5640.11  29 00000000000000100110100000000
4620.22  29 00000000010000111011000001000
4620.22  29 00000000010000111011000001000
4781.17  29 01000000000100100001100000000
5640.11  29 00000000100000100010100000000
4620.22  29 00000000010000111011000001000
4854.17  29 10000000010000100011000001000
4620.22  29 00000000010000111011000001000
4620.22  29 00000000010000111011000001000
5640.11  29 00000000100000100010100000000
5640.11  29 00000000000000100110100000000
5640.11  29 00000000100000100010100000000
4620.22  29 00000000010000111011000001000
4620.22  29 00000000010000111011000001000
5640.11  29 00000000000000100110100000000
5640.11  29 00000000000000100110100000000
4620.22  29 00000000010000111011000001000
4620.22  29 00000000010000111011000001000
5640.11  29 00000000000000100110100000000
4620.22  29 00000000010000111011000001000
4781.17  29 00001000000100100001100000000
5640.11  29 00000000100000100010100000000
4620.22  29 00000000010000111011000001000
4781.17  29 01000000000100100001100000000
4781.17  29 01000000000100100001100000000
4833.22  29 00001000110000010011000001000
4620.22  29 00000000010000111011000001000
5640.11  29 00000000100000100010100000000
4781.17  29 01000000000100100001100000000
5640.11  29 00000000000000100110100000000
6426.11  29 00000101000000000011000000010
4620.22  29 00000000010000111011000001000
4781.17  29 01000000000100100001100000000
5203.17  29 00000000100000101011000001000
5640.11  29 00000000000000100110100000000
4781.17  29 01000000000100100001100000000
4620.22  29 00000000010000111011000001000
5640.11  29 00000000100000100010100000000
4620.22  29 00000000010000111011000001000
5640.11  29 00000000000000100110100000000
4781.17  29 00001000000100100001100000000
4854.17  29 10000000010000100011000001000
4620.22  29 00000000010000111011000001000
4781.17  29 00001000000100100001100000000
5640.11  29 00000000000000100110100000000
5640.11  29 00000000000000100110100000000
5640.11  29 00000000000000100110100000000
4620.22  29 00000000010000111011000001000
5423.22  29 00010000100000110011000001000
5640.11  29 00000000100000100010100000000
5203.17  29 00000000100000101011000001000
5640.11  29 00000000100000100010100000000
4620.22  29 00000000010000111011000001000
5640.11  29 00000000100000100010100000000
4620.22  29 00000000010000111011000001000
4620.22  29 00000000010000111011000001000
4620.22  29 00000000010000111011000001000
5640.11  29 00000000100000100010100000000
4781.17  29 01000000000100100001100000000
5640.11  29 00000000100000100010100000000
4620.22  29 00000000010000111011000001000
5640.11  29 00000000100000100010100000000
4620.22  29 00000000010000111011000001000
4620.22  29 00000000010000111011000001000
5640.11  29 00000000100000100010100000000
4620.22  29 00000000010000111011000001000
4620.22  29 00000000010000111011000001000
4781.17  29 01000000000100100001100000000
5640.11  29 00000000000000100110100000000
4781.17  29 01000000000100100001100000000
5203.17  29 00000000100000101011000001000
5640.11  29 00000000100000100010100000000
4620.22  29 00000000010000111011000001000
4781.17  29 00001000000100100001100000000
4854.17  29 10000000010000100011000001000
5640.11  29 00000000000000100110100000000
4620.22  29 00000000010000111011000001000
4781.17  29 01000000000100100001100000000
4620.22  29 00000000010000111011000001000
5640.11  29 00000000000000100110100000000
4620.22  29 00000000010000111011000001000
4620.22  29 00000000010000111011000001000
4781.17  29 01000000000100100001100000000
4833.22  29 01000000110000010011000001000
6426.11  29 00000101000000000011000000010
4620.22  29 00000000010000111011000001000
4620.22  29 00000000010000111011000001000
4781.17  29 00001000000100100001100000000
5640.11  29 00000000000000100110100000000
6426.11  29 00000101000000000011000000010
5640.11  29 00000000100000100010100000000
5640.11  29 00000000000000100110100000000
4620.22  29 00000000010000111011000001000
4781.17  29 01000000000100100001100000000
5640.11  29 00000000100000100010100000000
4620.22  29 00000000010000111011000001000
4620.22  29 00000000010000111011000001000
