5143.06  29 00000000000000000101000100000
5143.06  29 00000000000000000111000100000
6198.11  29 00000101000000000011000000010
6198.11  29 00000101000000000011000000010
5143.06  29 00000000000000000101000100000
5143.06  29 00000000000000000111000100000
5143.06  29 00000000000000000111000100000
5431.22  29 00000000100000111011000001000
5431.22  29 00000000100000111011000001000
5431.22  29 00000000100000111011000001000
5143.06  29 00000000000000000111000100000
5143.06  29 00000000000000000111000100000
6198.11  29 00000101000000000011000000010
6198.11  29 00000101000000000011000000010
5143.06  29 00000000000000000111000100000
6198.11  29 00000101000000000011000000010
5143.06  29 00000000000000000101000100000
5431.22  29 00000000100000111011000001000
5143.06  29 00000000000000000101000100000
5143.06  29 00000000000000000101000100000
5143.06  29 00000000000000000101000100000
5143.06  29 00000000000000000111000100000
5143.06  29 00000000000000000111000100000
5143.06  29 00000000000000000101000100000
5431.22  29 00000000100000111011000001000
5143.06  29 00000000000000000101000100000
5143.06  29 00000000000000000101000100000
5431.22  29 00000000100000111011000001000
6198.11  29 00000101000000000011000000010
6198.11  29 00000101000000000011000000010
5431.22  29 00000000100000111011000001000
5143.06  29 00000000000000000111000100000
6198.11  29 00000101000000000011000000010
5143.06  29 00000000000000000101000100000
5143.06  29 00000000000000000111000100000
5143.06  29 00000000000000000111000100000
5431.22  29 00000000100000111011000001000
5143.06  29 00000000000000000101000100000
5143.06  29 00000000000000000111000100000
5143.06  29 00000000000000000101000100000
5143.06  29 00000000000000000111000100000
5143.06  29 00000000000000000111000100000
5143.06  29 00000000000000000101000100000
5143.06  29 00000000000000000101000100000
5143.06  29 00000000000000000111000100000
5143.06  29 00000000000000000111000100000
5143.06  29 00000000000000000101000100000
5431.22  29 00000000100000111011000001000
5143.06  29 00000000000000000101000100000
5431.22  29 00000000100000111011000001000
5143.06  29 00000000000000000101000100000
5143.06  29 00000000000000000111000100000
5431.22  29 00000000100000111011000001000
5431.22  29 00000000100000111011000001000
6198.11  29 00000101000000000011000000010
5143.06  29 00000000000000000111000100000
5143.06  29 00000000000000000111000100000
5143.06  29 00000000000000000101000100000
5143.06  29 00000000000000000101000100000
5143.06  29 00000000000000000111000100000
6198.11  29 00000101000000000011000000010
5143.06  29 00000000000000000101000100000
5143.06  29 00000000000000000101000100000
5431.22  29 00000000100000111011000001000
5143.06  29 00000000000000000111000100000
5431.22  29 00000000100000111011000001000
5143.06  29 00000000000000000111000100000
5143.06  29 00000000000000000111000100000
5143.06  29 00000000000000000101000100000
5143.06  29 00000000000000000111000100000
5431.22  29 00000000100000111011000001000
6198.11  29 00000101000000000011000000010
6198.11  29 00000101000000000011000000010
5143.06  29 00000000000000000101000100000
5143.06  29 00000000000000000101000100000
5431.22  29 00000000100000111011000001000
5431.22  29 00000000100000111011000001000
5143.06  29 00000000000000000111000100000
5143.06  29 00000000000000000101000100000
5143.06  29 00000000000000000111000100000
5431.22  29 00000000100000111011000001000
6198.11  29 00000101000000000011000000010
5143.06  29 00000000000000000101000100000
5143.06  29 00000000000000000101000100000
5143.06  29 00000000000000000111000100000
5143.06  29 00000000000000000111000100000
5143.06  29 00000000000000000111000100000
5143.06  29 00000000000000000111000100000
5431.22  29 00000000100000111011000001000
5431.22  29 00000000100000111011000001000
5143.06  29 00000000000000000111000100000
5431.22  29 00000000100000111011000001000
5143.06  29 00000000000000000111000100000
5143.06  29 00000000000000000101000100000
5143.06  29 00000000000000000111000100000
5143.06  29 00000000000000000111000100000
5143.06  29 00000000000000000101000100000
5143.06  29 00000000000000000111000100000
5143.06  29 00000000000000000111000100000
5143.06  29 00000000000000000101000100000
