597.111  29 00100001000000000011000000010
576.222  29 00000000100000111011000001000
531.111  29 01000000000000000101000100000
625.222  29 00001100001000010011000001000
531.111  29 01000000000000000101000100000
597.111  29 00100001000000000011000000010
531.111  29 00001000000000000101000100000
531.111  29 01000000000000000101000100000
603.111  29 01000000100000000011100000000
597.111  29 00100001000000000011000000010
531.111  29 00001000000000000101000100000
531.111  29 01000000000000000101000100000
625.222  29 00001100001000010011000001000
625.222  29 00001100001000010011000001000
625.222  29 00001100001000010011000001000
597.111  29 00100001000000000011000000010
531.111  29 00001000000000000101000100000
531.111  29 00001000000000000101000100000
597.111  29 00100001000000000011000000010
625.222  29 00001100001000010011000001000
531.111  29 00001000000000000101000100000
597.111  29 00100001000000000011000000010
597.111  29 00100001000000000011000000010
531.111  29 01000000000000000101000100000
531.111  29 01000000000000000101000100000
576.222  29 00000000100000111011000001000
597.111  29 00100001000000000011000000010
597.111  29 00100001000000000011000000010
531.111  29 00001000000000000101000100000
531.111  29 00001000000000000101000100000
597.111  29 00100001000000000011000000010
531.111  29 01000000000000000101000100000
531.111  29 01000000000000000101000100000
531.111  29 00001000000000000101000100000
531.111  29 01000000000000000101000100000
531.111  29 01000000000000000101000100000
597.111  29 00100001000000000011000000010
531.111  29 01000000000000000101000100000
531.111  29 01000000000000000101000100000
531.111  29 00001000000000000101000100000
625.222  29 00001100001000010011000001000
531.111  29 01000000000000000101000100000
531.111  29 01000000000000000101000100000
531.111  29 01000000000000000101000100000
531.111  29 00001000000000000101000100000
597.111  29 00100001000000000011000000010
597.111  29 00100001000000000011000000010
531.111  29 00001000000000000101000100000
625.222  29 00001100001000010011000001000
597.111  29 00100001000000000011000000010
576.222  29 00000000100000111011000001000
531.111  29 01000000000000000101000100000
531.111  29 00001000000000000101000100000
597.111  29 00100001000000000011000000010
531.111  29 01000000000000000101000100000
531.111  29 00001000000000000101000100000
531.111  29 01000000000000000101000100000
531.111  29 00001000000000000101000100000
531.111  29 00001000000000000101000100000
531.111  29 01000000000000000101000100000
531.111  29 00001000000000000101000100000
576.222  29 00000000100000111011000001000
597.111  29 00100001000000000011000000010
531.111  29 01000000000000000101000100000
531.111  29 00001000000000000101000100000
531.111  29 00001000000000000101000100000
531.111  29 00001000000000000101000100000
576.222  29 00000000100000111011000001000
531.111  29 00001000000000000101000100000
531.111  29 00001000000000000101000100000
531.111  29 00001000000000000101000100000
597.111  29 00100001000000000011000000010
603.111  29 01000000100000000011100000000
531.111  29 01000000000000000101000100000
603.111  29 01000000100000000011100000000
597.111  29 00100001000000000011000000010
625.222  29 00001100001000010011000001000
531.111  29 00001000000000000101000100000
531.111  29 00001000000000000101000100000
531.111  29 01000000000000000101000100000
625.222  29 00001100001000010011000001000
597.111  29 00100001000000000011000000010
576.222  29 00000000100000111011000001000
531.111  29 00001000000000000101000100000
531.111  29 01000000000000000101000100000
597.111  29 00100001000000000011000000010
531.111  29 00001000000000000101000100000
597.111  29 00100001000000000011000000010
597.111  29 00100001000000000011000000010
531.111  29 00001000000000000101000100000
625.222  29 00001100001000010011000001000
531.111  29 01000000000000000101000100000
576.222  29 00000000100000111011000001000
531.111  29 01000000000000000101000100000
531.111  29 00001000000000000101000100000
531.111  29 01000000000000000101000100000
531.111  29 00001000000000000101000100000
531.111  29 01000000000000000101000100000
597.111  29 00100001000000000011000000010
597.111  29 00100001000000000011000000010
