226.167  29 00000001010000001011001000000
263.111  29 00000000100000000110100000000
226.167  29 00000001010000001011001000000
263.111  29 00000000100000000110100000000
266.111  29 00000000000000100101000100000
263.111  29 00000000100000000110100000000
226.167  29 00000001010000001011001000000
263.111  29 00000000100000000110100000000
263.111  29 00000000100000000110100000000
226.167  29 00000001010000001011001000000
266.111  29 00000000000000100101000100000
226.167  29 00000001010000001011001000000
226.167  29 00000001010000001011001000000
226.167  29 00000001010000001011001000000
226.167  29 00000001010000001011001000000
226.167  29 00000001010000001011001000000
263.111  29 00000000100000000110100000000
226.167  29 00000001010000001011001000000
263.111  29 00000000100000000110100000000
226.167  29 00000001010000001011001000000
226.167  29 00000001010000001011001000000
226.167  29 00000001010000001011001000000
226.167  29 00000001010000001011001000000
226.167  29 00000001010000001011001000000
226.167  29 00000001010000001011001000000
226.167  29 00000001010000001011001000000
226.167  29 00000001010000001011001000000
226.167  29 00000001010000001011001000000
290.222  29 00000000110000010111000001000
226.167  29 00000001010000001011001000000
226.167  29 00000001010000001011001000000
226.167  29 00000001010000001011001000000
226.167  29 00000001010000001011001000000
226.167  29 00000001010000001011001000000
263.111  29 00000000100000000110100000000
226.167  29 00000001010000001011001000000
263.111  29 00000000100000000110100000000
263.111  29 00000000100000000110100000000
226.167  29 00000001010000001011001000000
263.111  29 00000000100000000110100000000
263.111  29 00000000100000000110100000000
263.111  29 00000000100000000110100000000
263.111  29 00000000100000000110100000000
226.167  29 00000001010000001011001000000
226.167  29 00000001010000001011001000000
263.111  29 00000000100000000110100000000
263.111  29 00000000100000000110100000000
263.111  29 00000000100000000110100000000
226.167  29 00000001010000001011001000000
226.167  29 00000001010000001011001000000
226.167  29 00000001010000001011001000000
263.111  29 00000000100000000110100000000
226.167  29 00000001010000001011001000000
226.167  29 00000001010000001011001000000
226.167  29 00000001010000001011001000000
263.111  29 00000000100000000110100000000
226.167  29 00000001010000001011001000000
263.111  29 00000000100000000110100000000
263.111  29 00000000100000000110100000000
263.111  29 00000000100000000110100000000
226.167  29 00000001010000001011001000000
226.167  29 00000001010000001011001000000
226.167  29 00000001010000001011001000000
263.111  29 00000000100000000110100000000
263.111  29 00000000100000000110100000000
263.111  29 00000000100000000110100000000
263.111  29 00000000100000000110100000000
226.167  29 00000001010000001011001000000
226.167  29 00000001010000001011001000000
263.111  29 00000000100000000110100000000
263.111  29 00000000100000000110100000000
263.111  29 00000000100000000110100000000
226.167  29 00000001010000001011001000000
263.111  29 00000000100000000110100000000
226.167  29 00000001010000001011001000000
226.167  29 00000001010000001011001000000
263.111  29 00000000100000000110100000000
226.167  29 00000001010000001011001000000
263.111  29 00000000100000000110100000000
263.111  29 00000000100000000110100000000
263.111  29 00000000100000000110100000000
226.167  29 00000001010000001011001000000
263.111  29 00000000100000000110100000000
289.222  29 10001000100000010011000001000
226.167  29 00000001010000001011001000000
226.167  29 00000001010000001011001000000
266.111  29 00000000000000100101000100000
263.111  29 00000000100000000110100000000
226.167  29 00000001010000001011001000000
226.167  29 00000001010000001011001000000
226.167  29 00000001010000001011001000000
226.167  29 00000001010000001011001000000
226.167  29 00000001010000001011001000000
263.111  29 00000000100000000110100000000
226.167  29 00000001010000001011001000000
226.167  29 00000001010000001011001000000
263.111  29 00000000100000000110100000000
263.111  29 00000000100000000110100000000
263.111  29 00000000100000000110100000000
226.167  29 00000001010000001011001000000
