1.65 20 00000000100000100010100000000
1.65 15 00000000000000100110100000000
1.65 14 00000000000000100110100000000
1.65 20 00000000000000100110100000000
1.65 10 00000000000000100110100000000
1.65 14 00000000100000100010100000000
2.106 21 00000001011000001011001000000
1.65 17 00000000000000100110100000000
2.106 21 00000001011000001011001000000
1.65 17 00000000000000100110100000000
1.65 17 00000000000000100110100000000
1.65 16 00000000000000100110100000000
1.65 15 00000000100000100010100000000
1.65 14 00000000000000100110100000000
1.65 19 00000000100000100010100000000
1.65 16 00000000100000100010100000000
2.106 26 00000001011000001011001000000
1.65 14 00000000000000100110100000000
1.65 17 00000000000000100110100000000
1.65 14 00000000000000100110100000000
1.65 19 00000000000000100110100000000
2.106 23 00000001011000001011001000000
1.65 11 00000000000000100110100000000
1.65 18 00000000000000100110100000000
1.65 14 00000000000000100110100000000
1.65 15 00000000100000100010100000000
1.65 16 00000000100000100010100000000
2.106 24 00000001011000001011001000000
1.65 14 00000000000000100110100000000
1.65 15 00000000000000100110100000000
1.65 14 00000000100000100010100000000
1.65 17 00000000100000100010100000000
1.65 15 00000000000000100110100000000
1.65 13 00000000100000100010100000000
1.65 13 00000000000000100110100000000
1.65 15 00000000100000100010100000000
1.65 17 00000000000000100110100000000
1.65 18 00000000000000100110100000000
2.106 23 00000001011000001011001000000
1.65 15 00000000000000100110100000000
1.65 18 00000000000000100110100000000
1.65 16 00000000000000100110100000000
1.65 13 00000000000000100110100000000
1.65 12 00000000000000100110100000000
1.65 12 00000000000000100110100000000
1.65 8 00000000000000100110100000000
1.65 10 00000000000000100110100000000
2.106 18 00000001011000001011001000000
1.65 19 00000000100000100010100000000
1.65 25 00000000100000100010100000000
1.65 14 00000000000000100110100000000
2.106 18 00000001011000001011001000000
1.65 21 00000000100000100010100000000
1.65 15 00000000000000100110100000000
1.65 14 00000000000000100110100000000
1.65 12 00000000000000100110100000000
2.106 22 00000001011000001011001000000
1.65 13 00000000000000100110100000000
1.65 14 00000000100000100010100000000
1.65 15 00000000100000100010100000000
1.65 16 00000000100000100010100000000
1.65 18 00000000000000100110100000000
1.65 14 00000000000000100110100000000
1.65 19 00000000100000100010100000000
1.65 18 00000000000000100110100000000
1.65 14 00000000100000100010100000000
1.65 21 00000000000000100110100000000
1.65 21 00000000100000100010100000000
1.65 10 00000000000000100110100000000
1.65 16 00000000000000100110100000000
1.65 11 00000000100000100010100000000
1.65 12 00000000000000100110100000000
1.65 21 00000000100000100010100000000
1.65 18 00000000000000100110100000000
1.65 20 00000000000000100110100000000
2.106 15 00000001011000001011001000000
1.65 17 00000000000000100110100000000
2.106 24 00000001011000001011001000000
1.65 17 00000000000000100110100000000
1.65 12 00000000000000100110100000000
2.106 15 00000001011000001011001000000
1.65 22 00000000000000100110100000000
1.65 13 00000000000000100110100000000
1.65 13 00000000000000100110100000000
1.65 23 00000000000000100110100000000
1.65 15 00000000000000100110100000000
1.65 14 00000000100000100010100000000
1.65 14 00000000000000100110100000000
1.65 13 00000000000000100110100000000
2.106 17 00000001011000001011001000000
1.65 14 00000000100000100010100000000
1.65 15 00000000100000100010100000000
2.106 19 00000001011000001011001000000
1.65 11 00000000000000100110100000000
1.65 11 00000000000000100110100000000
1.65 15 00000000000000100110100000000
2.106 15 00000001011000001011001000000
1.65 14 00000000000000100110100000000
1.65 13 00000000100000100010100000000
1.65 14 00000000100000100010100000000
