0.825 12 00000000100000100010100000000
1.053 18 00000001011000001011001000000
1.053 21 00000001011000001011001000000
0.825 22 00000000000000100110100000000
0.825 14 00000000100000100010100000000
0.825 17 00000000000000100110100000000
0.825 17 00000000000000100110100000000
0.825 15 00000000000000100110100000000
0.825 13 00000000000000100110100000000
0.825 18 00000000100000100010100000000
0.825 15 00000000000000100110100000000
0.825 15 00000000100000100010100000000
0.825 16 00000000100000100010100000000
0.825 20 00000000100000100010100000000
0.825 15 00000000100000100010100000000
0.825 14 00000000000000100110100000000
0.825 20 00000000000000100110100000000
0.825 14 00000000000000100110100000000
0.825 23 00000000000000100110100000000
0.825 13 00000000100000100010100000000
0.825 12 00000000100000100010100000000
0.825 11 00000000100000100010100000000
0.825 13 00000000000000100110100000000
0.825 17 00000000000000100110100000000
1.053 20 00000001011000001011001000000
0.825 18 00000000100000100010100000000
0.825 18 00000000100000100010100000000
0.825 8 00000000000000100110100000000
0.825 19 00000000100000100010100000000
1.053 17 00000001011000001011001000000
1.053 16 00000001011000001011001000000
1.053 23 00000001011000001011001000000
0.825 15 00000000100000100010100000000
0.825 16 00000000100000100010100000000
0.825 16 00000000000000100110100000000
0.825 16 00000000100000100010100000000
0.825 20 00000000000000100110100000000
0.825 11 00000000000000100110100000000
0.825 21 00000000100000100010100000000
0.825 15 00000000000000100110100000000
0.825 13 00000000100000100010100000000
0.825 28 00000000000000100110100000000
0.825 20 00000000000000100110100000000
0.825 13 00000000000000100110100000000
0.825 15 00000000000000100110100000000
1.053 25 00000001011000001011001000000
0.825 16 00000000100000100010100000000
0.825 19 00000000000000100110100000000
0.825 12 00000000000000100110100000000
0.825 18 00000000000000100110100000000
0.825 15 00000000000000100110100000000
0.825 12 00000000000000100110100000000
0.825 14 00000000000000100110100000000
0.825 11 00000000000000100110100000000
0.825 15 00000000100000100010100000000
1.053 21 00000001011000001011001000000
0.825 15 00000000100000100010100000000
0.825 20 00000000100000100010100000000
0.825 18 00000000100000100010100000000
0.825 13 00000000000000100110100000000
0.825 13 00000000000000100110100000000
0.825 17 00000000100000100010100000000
0.825 20 00000000000000100110100000000
1.053 19 00000001011000001011001000000
0.825 12 00000000000000100110100000000
0.825 13 00000000000000100110100000000
0.825 17 00000000100000100010100000000
0.825 12 00000000100000100010100000000
0.825 13 00000000100000100010100000000
0.825 15 00000000100000100010100000000
0.825 25 00000000100000100010100000000
0.825 14 00000000000000100110100000000
0.825 19 00000000100000100010100000000
0.825 13 00000000100000100010100000000
0.825 16 00000000100000100010100000000
1.053 19 00000001011000001011001000000
1.053 24 00000001011000001011001000000
0.825 20 00000000000000100110100000000
0.825 14 00000000000000100110100000000
0.825 11 00000000000000100110100000000
1.053 22 00000001011000001011001000000
0.825 16 00000000000000100110100000000
0.825 28 00000000100000100010100000000
0.825 18 00000000000000100110100000000
0.825 10 00000000000000100110100000000
0.825 13 00000000000000100110100000000
0.825 17 00000000000000100110100000000
0.825 17 00000000000000100110100000000
0.825 16 00000000100000100010100000000
0.825 13 00000000100000100010100000000
0.825 20 00000000100000100010100000000
1.053 18 00000001011000001011001000000
0.825 19 00000000100000100010100000000
0.825 22 00000000100000100010100000000
0.825 21 00000000000000100110100000000
0.825 9 00000000000000100110100000000
1.053 23 00000001011000001011001000000
0.825 13 00000000100000100010100000000
0.825 18 00000000000000100110100000000
0.825 19 00000000000000100110100000000
