229.111  29 00000000000000100110100000000
249.111  29 00000000100000100010100000000
252.111  29 00000000000000100110100000000
288.167  29 00000001010000001011001000000
209.056  29 00000000000000000101000100000
236.111  29 00000000000000100110100000000
219.111  29 00000000000000100110100000000
215.111  29 00000000100000100010100000000
225.111  29 00000000000000100110100000000
212.111  29 00000000100000100010100000000
247.111  29 00000000000000100110100000000
222.111  29 00000000000000100110100000000
229.056  29 00000000000000000111000100000
253.111  29 00000000000000100110100000000
218.111  29 00000000000000100110100000000
246.111  29 00000000000000100110100000000
219.111  29 00000000000000100110100000000
247.111  29 00001000000000000101000100000
236.111  29 00000000000000100110100000000
253.111  29 00000000100000100010100000000
218.111  29 00000000100000100010100000000
255.222  29 10001000100000010011000001000
222.111  29 00000000000000100110100000000
229.111  29 00000000000000100110100000000
211.111  29 00000000100000100010100000000
238.111  29 00000000000000100110100000000
224.111  29 00000000000000100110100000000
234.111  29 00000000000000100110100000000
285.222  29 00000001011000001011001000000
247.111  29 00000000000000100110100000000
235.111  29 00000000000000100110100000000
219.111  29 00000000000000100110100000000
305.222  29 00000001011000001011001000000
210.111  29 00000000100000100010100000000
209.111  29 00000000100000100010100000000
289.167  29 00010001000000001011001000000
234.111  29 00000000000000100110100000000
238.111  29 00000000000000100110100000000
248.111  29 00000000000000100110100000000
241.111  29 00000000000000100110100000000
239.111  29 00000000000000100110100000000
221.111  29 00000000100000100010100000000
219.056  29 00000000000000000111000100000
258.222  29 11000000100000010011000001000
245.111  29 00000000100000100010100000000
217.111  29 00000000000000100110100000000
302.167  29 00000001010000001011001000000
233.111  29 00000000000000100110100000000
280.167  29 00000001000110000000000000100
295.278  29 00010001011000001011001000000
221.111  29 00000000000000100110100000000
225.056  29 00000000000000000101000100000
222.111  29 00000000100000100010100000000
242.111  29 00000000000000100110100000000
229.111  29 00000000100000100010100000000
229.111  29 00000000100000100010100000000
219.111  29 00000000000000100110100000000
297.167  29 00010001010000000011001000000
256.111  29 00000000000000100110100000000
217.111  29 00000000100000100010100000000
284.222  29 00000101011000000011001000000
255.056  29 00000000000000000111000100000
236.111  29 00000000000000100110100000000
240.111  29 00000000000000100110100000000
206.056  29 00000000000000000111000100000
249.111  29 00000000000000100110100000000
226.111  29 00000000100000100010100000000
215.111  29 00000000100000100010100000000
252.111  29 00000000100000100010100000000
305.222  29 00100001011000000011001000000
247.111  29 00000000100000100010100000000
231.111  29 00000000000000100110100000000
232.111  29 00000000100000100010100000000
217.111  29 00000000000000100110100000000
245.111  29 00000000000000100110100000000
267.167  29 01000000110000000011000100000
217.111  29 00000000100000100010100000000
233.111  29 00000000000000100110100000000
288.167  29 00000001010000001011001000000
226.111  29 00000000000000100110100000000
220.111  29 00000000100000100010100000000
207.111  29 00000000000000100110100000000
212.111  29 00000000000000100110100000000
299.222  29 00000001011000001011001000000
218.111  29 00000000100000100010100000000
231.111  29 00000000000000100110100000000
220.111  29 00000000000000100110100000000
231.111  29 00000000100000100010100000000
230.111  29 00000000100000100010100000000
231.111  29 00000000000000100110100000000
226.111  29 00000000000000100110100000000
288.167  29 00000101001000000011001000000
221.111  29 00000000000000100110100000000
240.111  29 00000000100000100010100000000
230.111  29 00000000100000100010100000000
227.111  29 00000000000000100110100000000
240.111  29 00000000000000100111100000000
248.111  29 00000000100000100010100000000
273.222  29 00000101011000000011001000000
246.111  29 00000000000000100110100000000
