1665.11  29 00000000100000100010100000000
1665.11  29 00000000000000100110100000000
1665.11  29 00000000100000100010100000000
1665.11  29 00000000100000100010100000000
1665.11  29 00000000000000100110100000000
1665.11  29 00000000000000100110100000000
2177.22  29 00000001011000001011001000000
1665.11  29 00000000000000100110100000000
1665.11  29 00000000000000100110100000000
1665.11  29 00000000100000100010100000000
1665.11  29 00000000000000100110100000000
1665.11  29 00000000100000100010100000000
1665.11  29 00000000000000100110100000000
2177.22  29 00000001011000001011001000000
1665.11  29 00000000000000100110100000000
1665.11  29 00000000000000100110100000000
1665.11  29 00000000100000100010100000000
1665.11  29 00000000000000100110100000000
1665.11  29 00000000000000100110100000000
2177.22  29 00000001011000001011001000000
2177.22  29 00000001011000001011001000000
1665.11  29 00000000000000100110100000000
2177.22  29 00000001011000001011001000000
1665.11  29 00000000100000100010100000000
1665.11  29 00000000000000100110100000000
1665.11  29 00000000000000100110100000000
2177.22  29 00000001011000001011001000000
1665.11  29 00000000100000100010100000000
1665.11  29 00000000100000100010100000000
1665.11  29 00000000100000100010100000000
1665.11  29 00000000000000100110100000000
2177.22  29 00000001011000001011001000000
1665.11  29 00000000100000100010100000000
1665.11  29 00000000000000100110100000000
1665.11  29 00000000000000100110100000000
2177.22  29 00000001011000001011001000000
1665.11  29 00000000000000100110100000000
1665.11  29 00000000100000100010100000000
1665.11  29 00000000000000100110100000000
1665.11  29 00000000100000100010100000000
1665.11  29 00000000100000100010100000000
1665.11  29 00000000100000100010100000000
1665.11  29 00000000000000100110100000000
1665.11  29 00000000100000100010100000000
1665.11  29 00000000100000100010100000000
1665.11  29 00000000000000100110100000000
2177.22  29 00000001011000001011001000000
1665.11  29 00000000000000100110100000000
1665.11  29 00000000000000100110100000000
1665.11  29 00000000000000100110100000000
2177.22  29 00000001011000001011001000000
1665.11  29 00000000000000100110100000000
1665.11  29 00000000100000100010100000000
1665.11  29 00000000000000100110100000000
1665.11  29 00000000000000100110100000000
1665.11  29 00000000100000100010100000000
1665.11  29 00000000000000100110100000000
1665.11  29 00000000000000100110100000000
2177.22  29 00000001011000001011001000000
1665.11  29 00000000100000100010100000000
2177.22  29 00000001011000001011001000000
2177.22  29 00000001011000001011001000000
2177.22  29 00000001011000001011001000000
1665.11  29 00000000100000100010100000000
2177.22  29 00000001011000001011001000000
1665.11  29 00000000000000100110100000000
1665.11  29 00000000000000100110100000000
1665.11  29 00000000100000100010100000000
1665.11  29 00000000000000100110100000000
1665.11  29 00000000100000100010100000000
1665.11  29 00000000000000100110100000000
1665.11  29 00000000100000100010100000000
1665.11  29 00000000100000100010100000000
1665.11  29 00000000100000100010100000000
1665.11  29 00000000000000100110100000000
1665.11  29 00000000100000100010100000000
2177.22  29 00000001011000001011001000000
2177.22  29 00000001011000001011001000000
2177.22  29 00000001011000001011001000000
1665.11  29 00000000000000100110100000000
1665.11  29 00000000100000100010100000000
1665.11  29 00000000100000100010100000000
1665.11  29 00000000100000100010100000000
1665.11  29 00000000000000100110100000000
1665.11  29 00000000100000100010100000000
1665.11  29 00000000100000100010100000000
1665.11  29 00000000000000100110100000000
1665.11  29 00000000000000100110100000000
1665.11  29 00000000000000100110100000000
1665.11  29 00000000000000100110100000000
1665.11  29 00000000100000100010100000000
1665.11  29 00000000000000100110100000000
1665.11  29 00000000100000100010100000000
1665.11  29 00000000000000100110100000000
1665.11  29 00000000100000100010100000000
1665.11  29 00000000000000100110100000000
1665.11  29 00000000100000100010100000000
1665.11  29 00000000000000100110100000000
1665.11  29 00000000100000100010100000000
1665.11  29 00000000000000100110100000000
