2210.22  29 00000001011000001011001000000
1632.11  29 00000000100000100010100000000
1607.11  29 00000000100000100010100000000
1660.11  29 00000000100000100010100000000
1715.11  29 00000000000000100110100000000
1624.11  29 00000000100000100010100000000
2157.22  29 00000001011000001011001000000
1652.11  29 00000000000000100110100000000
1704.11  29 00000000100000100010100000000
1676.11  29 00000000000000100110100000000
1680.11  29 00000000100000100010100000000
1682.11  29 00000000100000100010100000000
2153.22  29 00000001011000001011001000000
2249.22  29 00000001011000001011001000000
1672.11  29 00000000100000100010100000000
1648.11  29 00000000000000100110100000000
2162.22  29 00000001011000001011001000000
2114.22  29 00000001011000001011001000000
1671.11  29 00000000100000100010100000000
1669.11  29 00000000100000100010100000000
2098.22  29 00000001011000001011001000000
1693.11  29 00000000000000100110100000000
1649.11  29 00000000100000100010100000000
1655.11  29 00000000000000100110100000000
1697.11  29 00000000000000100110100000000
2175.22  29 00000001011000001011001000000
1604.11  29 00000000000000100110100000000
1635.11  29 00000000000000100110100000000
1627.11  29 00000000000000100110100000000
1682.11  29 00000000100000100010100000000
1658.11  29 00000000100000100010100000000
1633.11  29 00000000100000100010100000000
1696.11  29 00000000100000100010100000000
1672.11  29 00000000000000100110100000000
1604.11  29 00000000100000100010100000000
1650.11  29 00000000000000100110100000000
1669.11  29 00000000000000100110100000000
1614.11  29 00000000000000100110100000000
1605.11  29 00000000000000100110100000000
1697.11  29 00000000000000100110100000000
2175.22  29 00000001011000001011001000000
1633.11  29 00000000100000100010100000000
2137.22  29 00000001011000001011001000000
1645.11  29 00000000000000100110100000000
1663.11  29 00000000000000100110100000000
2130.22  29 00000001011000001011001000000
1656.11  29 00000000000000100110100000000
1656.11  29 00000000000000100110100000000
1662.11  29 00000000000000100110100000000
1714.11  29 00000000100000100010100000000
1579.11  29 00000000000000100110100000000
2189.22  29 00000001011000001011001000000
1641.11  29 00000000000000100110100000000
1611.11  29 00000000000000100110100000000
1667.11  29 00000000100000100010100000000
1672.11  29 00000000000000100110100000000
1605.11  29 00000000000000100110100000000
1652.11  29 00000000000000100110100000000
1713.11  29 00000000000000100110100000000
1650.11  29 00000000000000100110100000000
1624.11  29 00000000000000100110100000000
1673.11  29 00000000100000100010100000000
2152.22  29 00000001011000001011001000000
1623.11  29 00000000000000100110100000000
1712.11  29 00000000000000100110100000000
2178.22  29 00000001011000001011001000000
2146.22  29 00000001011000001011001000000
1714.11  29 00000000100000100010100000000
1600.11  29 00000000100000100010100000000
1635.11  29 00000000100000100010100000000
1655.11  29 00000000000000100110100000000
2207.22  29 00000001011000001011001000000
1612.11  29 00000000000000100110100000000
1730.11  29 00000000000000100110100000000
1670.11  29 00000000100000100010100000000
1693.11  29 00000000000000100110100000000
1679.11  29 00000000000000100110100000000
2193.22  29 00000001011000001011001000000
1608.11  29 00000000000000100110100000000
1674.11  29 00000000000000100110100000000
1598.11  29 00000000100000100010100000000
1640.11  29 00000000100000100010100000000
1688.11  29 00000000100000100010100000000
2195.22  29 00000001011000001011001000000
2169.22  29 00000001011000001011001000000
1657.11  29 00000000000000100110100000000
1699.11  29 00000000100000100010100000000
1624.11  29 00000000000000100110100000000
1664.11  29 00000000000000100110100000000
1663.11  29 00000000100000100010100000000
2157.22  29 00000001011000001011001000000
1647.11  29 00000000000000100110100000000
1653.11  29 00000000100000100010100000000
1685.11  29 00000000100000100010100000000
1704.11  29 00000000100000100010100000000
1662.11  29 00000000100000100010100000000
1684.11  29 00000000100000100010100000000
1661.11  29 00000000100000100010100000000
1675.11  29 00000000100000100010100000000
1665.11  29 00000000100000100010100000000
