1953.17  29 00000001010000001011001000000
2183.11  29 00000000100000100010100000000
1953.17  29 00000001010000001011001000000
1953.17  29 00000001010000001011001000000
1953.17  29 00000001010000001011001000000
1953.17  29 00000001010000001011001000000
1953.17  29 00000001010000001011001000000
1953.17  29 00000001010000001011001000000
1953.17  29 00000001010000001011001000000
2183.11  29 00000000100000100010100000000
2183.11  29 00000000000000100110100000000
2183.11  29 00000000000000100110100000000
2183.11  29 00000000000000100110100000000
1953.17  29 00000001010000001011001000000
2183.11  29 00000000000000100110100000000
2183.11  29 00000000000000100110100000000
2183.11  29 00000000000000100110100000000
2183.11  29 00000000000000100110100000000
1953.17  29 00000001010000001011001000000
2183.11  29 00000000000000100110100000000
1953.17  29 00000001010000001011001000000
1953.17  29 00000001010000001011001000000
1953.17  29 00000001010000001011001000000
2183.11  29 00000000100000100010100000000
2183.11  29 00000000000000100110100000000
2183.11  29 00000000000000100110100000000
2183.11  29 00000000000000100110100000000
2183.11  29 00000000000000100110100000000
2153.06  29 00000000000000000111000100000
2183.11  29 00000000000000100110100000000
1953.17  29 00000001010000001011001000000
1953.17  29 00000001010000001011001000000
1953.17  29 00000001010000001011001000000
2183.11  29 00000000000000100110100000000
1953.17  29 00000001010000001011001000000
2183.11  29 00000000000000100110100000000
2183.11  29 00000000100000100010100000000
2183.11  29 00000000100000100010100000000
1953.17  29 00000001010000001011001000000
2183.11  29 00000000000000100110100000000
2183.11  29 00000000000000100110100000000
2183.11  29 00000000100000100010100000000
1953.17  29 00000001010000001011001000000
1953.17  29 00000001010000001011001000000
2183.11  29 00000000000000100110100000000
2153.06  29 00000000000000000111000100000
2183.11  29 00000000100000100010100000000
1953.17  29 00000001010000001011001000000
1953.17  29 00000001010000001011001000000
1953.17  29 00000001010000001011001000000
2183.11  29 00000000000000100110100000000
1953.17  29 00000001010000001011001000000
2183.11  29 00000000100000100010100000000
1953.17  29 00000001010000001011001000000
1953.17  29 00000001010000001011001000000
1953.17  29 00000001010000001011001000000
1953.17  29 00000001010000001011001000000
1953.17  29 00000001010000001011001000000
1953.17  29 00000001010000001011001000000
1953.17  29 00000001010000001011001000000
2183.11  29 00000000100000100010100000000
1953.17  29 00000001010000001011001000000
1953.17  29 00000001010000001011001000000
1953.17  29 00000001010000001011001000000
1953.17  29 00000001010000001011001000000
2183.11  29 00000000000000100110100000000
2183.11  29 00000000000000100110100000000
2183.11  29 00000000000000100110100000000
1953.17  29 00000001010000001011001000000
2183.11  29 00000000000000100110100000000
2183.11  29 00000000000000100110100000000
1953.17  29 00000001010000001011001000000
1953.17  29 00000001010000001011001000000
2183.11  29 00000000000000100110100000000
1953.17  29 00000001010000001011001000000
2183.11  29 00000000000000100110100000000
1953.17  29 00000001010000001011001000000
1953.17  29 00000001010000001011001000000
1953.17  29 00000001010000001011001000000
2183.11  29 00000000000000100110100000000
2153.06  29 00000000000000000111000100000
2183.11  29 00000000000000100110100000000
2183.11  29 00000000000000100110100000000
2183.11  29 00000000100000100010100000000
1953.17  29 00000001010000001011001000000
2153.06  29 00000000000000000111000100000
2183.11  29 00000000100000100010100000000
2183.11  29 00000000000000100110100000000
1953.17  29 00000001010000001011001000000
1953.17  29 00000001010000001011001000000
1953.17  29 00000001010000001011001000000
2183.11  29 00000000100000100010100000000
2183.11  29 00000000000000100110100000000
1953.17  29 00000001010000001011001000000
1953.17  29 00000001010000001011001000000
2495.5  29 01001110110100100101000001000
2183.11  29 00000000000000100110100000000
2183.11  29 00000000000000100110100000000
1953.17  29 00000001010000001011001000000
1953.17  29 00000001010000001011001000000
