269.111  29 00000000100000000110100000000
236.167  29 00000001010000001011001000000
214.167  29 00000001010000001011001000000
256.167  29 00000001010000001011001000000
239.111  29 00000001000010000011001000000
254.111  29 01000000000000000101000100000
262.111  29 00000000100000000110100000000
270.111  29 00000000100000000110100000000
258.167  29 10000101000000000011001000000
225.167  29 00000001010000001011001000000
254.278  29 00110001001000010011001000000
270.111  29 00000000100000000110100000000
271.167  29 00000001010000001011001000000
239.111  29 00001000000000000101000100000
244.111  29 00001000000000000101000100000
259.111  29 00000000100000000110100000000
272.167  29 00000001010000001011001000000
257.111  29 00001000000000000101000100000
258.167  29 00000001010001000011001000000
249.167  29 00000001010000001011001000000
230.111  29 01000000000000000101000100000
235.167  29 00000001010000001011001000000
250.167  29 00000001010000001011001000000
244.167  29 00000001010000001011001000000
263.167  29 00000001010000001011001000000
229.167  29 00000001010000001011001000000
229.167  29 00000001010000001011001000000
270.111  29 00000000100000000110100000000
274.111  29 00000000100000000110100000000
265.222  29 00000000110000010111000001000
260.167  29 00000001010000001011001000000
224.111  29 01000000000000000101000100000
241.167  29 00000001010000001011001000000
268.167  29 00000001010000001011001000000
250.167  29 00000001010000001011001000000
262.111  29 00000000100000000110100000000
214.111  29 00001000000000000101000100000
253.111  29 01000000000000000101000100000
262.111  29 00000000100000000110100000000
261.111  29 00000000100000000110100000000
273.222  29 00000111000000001011001000000
268.111  29 00000000100000000110100000000
264.167  29 00100001000000001011001000000
248.111  29 00001000000000000101000100000
249.111  29 00000000100000000110100000000
232.167  29 00000001010000001011001000000
207.167  29 00000001010000001011001000000
252.111  29 00000000100000000110100000000
252.278  29 00000011011000001011001000000
254.167  29 00000001010000001011001000000
263.111  29 00000000000000100110100000000
247.111  29 00000000100000000110100000000
267.222  29 00000111001000000011001000000
252.111  29 00000001010000000011001000000
263.111  29 00000000100000000110100000000
247.222  29 00100001001000010011001000000
259.167  29 00000001010000001011001000000
259.111  29 00001000000000000101000100000
254.167  29 00000001010000001011001000000
252.222  29 00100001010000001011001000000
251.111  29 00001000000000000101000100000
258.111  29 00001000000000000101000100000
236.167  29 00000001010000001011001000000
247.111  29 01000000000000000101000100000
254.111  29 00000001010000000011001000000
273.111  29 01000000100000000011100000000
230.167  29 00000001010000001011001000000
281.167  29 00000001010000001011001000000
243.167  29 00000001010000001011001000000
285.167  29 00000001010000001011001000000
257.111  29 00000000100000000110100000000
270.111  29 00000000000000100110100000000
255.222  29 00000101010000001011001000000
249.167  29 00000001010000001011001000000
234.167  29 00000001010000001011001000000
257.111  29 00000000100000000110100000000
248.167  29 00000001010000001011001000000
281.167  29 00000001010000001011001000000
232.111  29 01000000000000000101000100000
225.167  29 00000001010000001011001000000
260.167  29 00000001010000001011001000000
264.167  29 00000001010000001011001000000
230.167  29 00000001010000001011001000000
248.111  29 00000000100000000110100000000
269.111  29 00000000100000000110100000000
243.167  29 00000001010000001011001000000
273.111  29 00000000100000000110100000000
251.056  29 00000000000000000111000100000
266.167  29 00100001001000000011001000000
253.111  29 01000000000000000101000100000
246.167  29 00000001010000001011001000000
223.167  29 00000001010000001011001000000
229.167  29 00000001010000001011001000000
248.111  29 01000000000000000101000100000
263.111  29 00001000000000000101000100000
257.167  29 00000001010000001011001000000
231.167  29 00000001010000001011001000000
257.222  29 00000101010000001011001000000
247.111  29 00000001010000000011001000000
255.222  29 00100001010000001011001000000
