222.111  29 00000000000000100110100000000
222.111  29 00000000000000100110100000000
222.111  29 00000000000000100110100000000
222.111  29 00000000000000100110100000000
222.111  29 00000000000000100110100000000
222.111  29 00000000000000100110100000000
222.111  29 00000000000000100110100000000
222.111  29 00000000000000100110100000000
222.111  29 00000000100000100010100000000
222.111  29 00000000000000100110100000000
222.111  29 00000000000000100110100000000
222.111  29 00000000000000100110100000000
222.111  29 00000000100000100010100000000
222.111  29 00000000000000100110100000000
222.111  29 00000000000000100110100000000
222.111  29 00000000100000100010100000000
304.278  29 00010001011000001011001000000
222.111  29 00000000000000100110100000000
222.111  29 00000000000000100110100000000
222.111  29 00000000100000100010100000000
222.111  29 00000000100000100010100000000
222.111  29 00000000000000100110100000000
304.278  29 00010001011000001011001000000
222.111  29 00000000000000100110100000000
222.111  29 00000000000000100110100000000
246.222  29 11000000100000010011000001000
222.111  29 00000000000000100110100000000
222.111  29 00000000100000100010100000000
222.111  29 00000000100000100010100000000
222.111  29 00000000000000100110100000000
222.111  29 00000000000000100110100000000
222.111  29 00000000000000100110100000000
222.111  29 00000000000000100110100000000
222.111  29 00000000000000100110100000000
222.111  29 00000000100000100010100000000
222.111  29 00000000100000100010100000000
246.222  29 11000000100000010011000001000
222.111  29 00000000100000100010100000000
222.111  29 00000000100000100010100000000
222.111  29 00000000000000100110100000000
222.111  29 00000000100000100010100000000
304.278  29 00010001011000001011001000000
222.111  29 00000000100000100010100000000
222.111  29 00000000100000100010100000000
222.111  29 00000000100000100010100000000
222.111  29 00000000100000100010100000000
222.111  29 00000000000000100110100000000
222.111  29 00000000100000100010100000000
222.111  29 00000000000000100110100000000
222.111  29 00000000000000100110100000000
222.111  29 00000000000000100110100000000
222.111  29 00000000000000100110100000000
222.111  29 00000000100000100010100000000
222.111  29 00000000100000100010100000000
222.111  29 00000000100000100010100000000
304.278  29 00010001011000001011001000000
222.111  29 00000000000000100110100000000
222.111  29 00000000100000100010100000000
222.111  29 00000000000000100110100000000
222.111  29 00000000100000100010100000000
222.111  29 00000000000000100110100000000
222.111  29 00000000000000100110100000000
222.111  29 00000000000000100110100000000
304.278  29 00010001011000001011001000000
222.111  29 00000000000000100110100000000
222.111  29 00000000100000100010100000000
222.111  29 00000000100000100010100000000
222.111  29 00000000000000100110100000000
304.278  29 00010001011000001011001000000
222.111  29 00000000100000100010100000000
222.111  29 00000000000000100110100000000
222.111  29 00000000000000100110100000000
222.111  29 00000000000000100110100000000
222.111  29 00000000100000100010100000000
222.111  29 00000000000000100110100000000
222.111  29 00000000100000100010100000000
222.111  29 00000000100000100010100000000
222.111  29 00000000000000100110100000000
222.111  29 00000000000000100110100000000
222.111  29 00000000100000100010100000000
304.278  29 00010001011000001011001000000
222.111  29 00000000000000100110100000000
222.111  29 00000000000000100110100000000
222.111  29 00000000100000100010100000000
222.111  29 00000000000000100110100000000
222.111  29 00000000000000100110100000000
222.111  29 00000000100000100010100000000
222.111  29 00000000000000100110100000000
222.111  29 00000000100000100010100000000
222.111  29 00000000000000100110100000000
222.111  29 00000000000000100110100000000
222.111  29 00000000000000100110100000000
222.111  29 00000000000000100110100000000
222.111  29 00000000000000100110100000000
222.111  29 00000000000000100110100000000
222.111  29 00000000000000100110100000000
222.111  29 00000000000000100110100000000
222.111  29 00000000000000100110100000000
304.278  29 00010001011000001011001000000
222.111  29 00000000000000100110100000000
