1.49635 13 00000000100000100010100000000
1.3234 20 00000000000000000101000100000
1.49635 19 00000000100000100010100000000
1.6445 23 00000001001000001010001000000
1.45745 5 00001000000000000101000100000
1.6445 17 00000001001000001010001000000
1.49635 12 00000000100000100010100000000
1.3234 10 00000000000000000101000100000
1.49635 14 00000000000000100110100000000
1.49635 16 00000000000000100110100000000
1.49635 19 00000000100000100010100000000
1.6445 21 00000001001000001010001000000
1.4878 17 00001000000000100001100000000
1.3234 16 00000000000000000111000100000
1.4878 1 01000000000000100001100000000
1.49635 14 00000000000000100110100000000
1.3234 17 00000000000000000101000100000
1.6445 24 00000001001000001010001000000
1.49635 9 00000000000000100110100000000
1.6445 22 00000001001000001010001000000
1.49635 12 00000000000000100110100000000
1.4878 16 00001000000000100001100000000
1.4878 12 01000000000000100001100000000
1.4878 4 00001000000000100001100000000
1.6445 22 00000001001000001010001000000
1.6445 20 00000001001000001010001000000
1.4878 2 01000000000000100001100000000
1.49635 17 00000000000000100110100000000
1.49635 12 00000000000000100110100000000
1.4878 11 00001000000000100001100000000
1.3234 14 00000000000000000101000100000
1.6445 18 00000001001000001010001000000
1.49635 22 00000000000000100110100000000
1.3234 7 00000000000000000111000100000
1.4878 26 00001000000000100001100000000
1.3234 13 00000000000000000111000100000
1.3234 3 00000000000000000101000100000
1.6445 20 00000001001000001010001000000
1.6445 21 00000001001000001010001000000
1.49635 19 00000000000000100110100000000
1.6445 22 00000001001000001010001000000
1.49635 16 00000000000000100110100000000
1.3234 18 00000000000000000111000100000
1.49635 14 00000000100000100010100000000
1.49635 12 00000000000000100110100000000
1.4878 14 00001000000000100001100000000
1.49635 18 00000000000000100110100000000
1.45745 1 01000000000000000101000100000
1.3234 1 00000000000000000101000100000
1.6445 19 00000001001000001010001000000
1.49635 13 00000000100000100010100000000
1.6445 23 00000001001000001010001000000
1.49635 23 00000000100000100010100000000
1.49635 14 00000000000000100110100000000
1.49635 12 00000000000000100110100000000
1.6445 25 00000001001000001010001000000
1.6445 23 00000001001000001010001000000
1.6445 22 00000001001000001010001000000
1.4878 18 00001000000000100001100000000
1.3234 2 00000000000000000111000100000
1.49635 17 00000000000000100110100000000
1.49635 20 00000000000000100110100000000
1.49635 14 00000000000000100110100000000
1.6445 20 00000001001000001010001000000
1.49635 14 00000000000000100110100000000
1.49635 17 00000000000000100110100000000
1.4878 7 01000000000000100001100000000
1.49635 16 00000000000000100110100000000
1.6445 22 00000001001000001010001000000
1.6445 17 00000001001000001010001000000
1.3234 4 00000000000000000101000100000
1.49635 16 00000000100000100010100000000
1.49635 17 00000000100000100010100000000
1.4878 15 00001000000000100001100000000
1.6445 19 00000001001000001010001000000
1.6445 15 00000001001000001010001000000
1.49635 18 00000000100000100010100000000
1.3234 18 00000000000000000111000100000
1.49635 19 00000000100000100010100000000
1.6445 21 00000001001000001010001000000
1.49635 16 00000000000000100110100000000
1.6445 23 00000001001000001010001000000
1.6445 16 00000001001000001010001000000
1.49635 15 00000000000000100110100000000
1.3234 14 00000000000000000101000100000
1.6445 19 00000001001000001010001000000
1.6445 19 00000001001000001010001000000
1.3234 3 00000000000000000101000100000
1.49635 17 00000000000000100110100000000
1.3234 20 00000000000000000101000100000
1.3234 17 00000000000000000101000100000
1.4862 2 00000000000000000111010000000
1.6445 25 00000001001000001010001000000
1.49635 16 00000000000000100110100000000
1.49635 15 00000000000000100110100000000
1.4878 24 00001000000000100001100000000
1.4878 1 01000000000000100001100000000
1.6445 20 00000001001000001010001000000
1.6445 24 00000001001000001010001000000
1.6445 19 00000001001000001010001000000
