1.483 16 00000000000000000111000100000
1.9665 22 00000001001000001010001000000
1.483 13 00000000000000000101000100000
1.483 15 00000000000000000111000100000
1.483 18 00000000000000000111000100000
1.483 9 00000000000000000111000100000
1.84 22 00000000000000100110100000000
1.84 8 00000000000000100110100000000
1.9665 18 00000001001000001010001000000
1.9665 20 00000001001000001010001000000
1.483 14 00000000000000000101000100000
1.812 22 00000000100000010111000010000
1.8635 18 10001000100000000011000001000
1.483 18 00000000000000000101000100000
1.84 17 00000000000000100110100000000
1.483 20 00000000000000000101000100000
1.483 12 00000000000000000111000100000
1.483 23 00000000000000000101000100000
1.9635 14 00000001000000001011000000010
1.84 24 00000000000000100110100000000
1.812 28 00000000100000010111000010000
1.84 20 00000000000000100110100000000
1.483 19 00000000000000000101000100000
1.84 18 00000000000000100110100000000
1.483 25 00000000000000000101000100000
1.9665 22 00000001001000001010001000000
1.9665 19 00000001001000001010001000000
1.812 26 00000000100000010111000010000
1.483 18 00000000000000000101000100000
1.84 12 00000000000000100110100000000
1.9845 21 00100001011000000011001000000
1.483 15 00000000000000000101000100000
1.84 16 00000000100000100010100000000
1.84 13 00000000100000100010100000000
1.9665 21 00000001001000001010001000000
1.84 19 00000000100000100010100000000
1.483 17 00000000000000000101000100000
1.9665 19 00000001001000001010001000000
1.9665 23 00000001001000001010001000000
1.9635 10 00000001000000001011000000010
1.84 13 00000000000000100110100000000
1.84 18 00000000100000100010100000000
1.812 26 00000000100000010111000010000
1.483 2 00000000000000000111000100000
1.483 18 00000000000000000101000100000
1.9635 12 00000001000000001011000000010
1.84 18 00000000000000100110100000000
1.9665 27 00000001001000001010001000000
1.812 20 00000000100000010111000010000
1.84 11 00000000100000100010100000000
1.84 15 00000000000000100110100000000
1.84 13 00000000000000100110100000000
1.84 13 00000000000000100110100000000
1.812 18 00000000100000010111000010000
1.9665 14 00000001001000001010001000000
1.483 15 00000000000000000111000100000
1.9635 7 00000001000000001011000000010
1.84 17 00000000000000100110100000000
1.483 13 00000000000000000101000100000
1.84 12 00000000100000100010100000000
1.483 15 00000000000000000101000100000
1.84 17 00000000100000100010100000000
1.9665 23 00000001001000001010001000000
1.483 16 00000000000000000111000100000
1.9665 18 00000001001000001010001000000
1.9635 14 00000001000000001011000000010
1.483 17 00000000000000000101000100000
1.812 14 00000000100000010111000010000
1.8435 25 00000000110000110011000001000
1.9665 19 00000001001000001010001000000
1.9665 26 00000001001000001010001000000
1.8635 23 10001000100000000011000001000
1.9665 20 00000001001000001010001000000
1.483 21 00000000000000000111000100000
1.483 17 00000000000000000101000100000
1.84 24 00000000000000100110100000000
1.84 16 00000000100000100010100000000
1.9635 8 00000001000000001011000000010
1.84 16 00000000000000100110100000000
1.84 19 00000000100000100010100000000
1.9665 24 00000001001000001010001000000
1.9665 25 00000001001000001010001000000
1.483 13 00000000000000000101000100000
1.483 19 00000000000000000101000100000
1.9665 22 00000001001000001010001000000
1.483 16 00000000000000000101000100000
1.483 17 00000000000000000101000100000
1.9665 19 00000001001000001010001000000
1.812 13 00000000100000010111000010000
1.84 22 00000000000000100110100000000
1.483 10 00000000000000000111000100000
1.483 18 00000000000000000111000100000
1.9665 20 00000001001000001010001000000
1.9665 20 00000001001000001010001000000
1.483 11 00000000000000000111000100000
1.9665 23 00000001001000001010001000000
1.8475 18 01000000010000000011100000000
1.84 16 00000000000000100110100000000
1.9635 7 00000001000000001011000000010
1.9665 21 00000001001000001010001000000
