364.056  29 00000000000000000101000100000
466.111  29 00001000010000000011100000000
399.056  29 00000000000000000111000100000
433.111  29 00000001000000001011000000010
457.111  29 00001000010000000011100000000
421.056  29 00000000000000000101000100000
373.056  29 00000000000000000101000100000
397.056  29 00000000000000000101000100000
434.111  29 00000001000000001011000000010
407.111  29 00000001010000000011000000010
428.111  29 00000001010000000011000000010
444.111  29 00000001010000000011000000010
420.111  29 01000000000000000101000100000
412.111  29 00001000000000000101000100000
370.111  29 01000000000000000101000100000
381.111  29 00001000000000000101000100000
389.056  29 00000000000000000111000100000
488.167  29 10001000100000000011000001000
454.111  29 00000001000000001011000000010
384.111  29 01000000000000000101000100000
439.111  29 00000001000000001011000000010
400.111  29 00001000000000000101000100000
425.111  29 00000001000000001011000000010
470.222  29 10000000010000100111000001000
453.111  29 00000001000000001011000000010
426.111  29 00000001010000000011000000010
383.111  29 01000000000000000101000100000
399.111  29 00000001010000000011000000010
358.111  29 01000000000000000101000100000
452.111  29 00000001000000001011000000010
415.111  29 00000001010000000011000000010
394.111  29 01000000000000000101000100000
382.111  29 00001000000000000101000100000
392.056  29 00000000000000000101000100000
430.111  29 00000001010000000011000000010
368.111  29 01000000000000000101000100000
396.222  29 01000000001000011011000001000
416.111  29 00000001000000001011000000010
459.111  29 00000001000000001011000000010
408.111  29 00000001010000000011000000010
369.111  29 01000000000000000101000100000
434.111  29 01000000000000000101000100000
438.111  29 00000001000000001011000000010
355.056  29 00000000000000000101000100000
386.111  29 00000001000000001011000000010
410.111  29 01000000000000000101000100000
413.111  29 00000001010000000011000000010
429.111  29 00000001000000001011000000010
430.111  29 00000001000000001011000000010
403.167  29 00000101010000000011000000010
402.111  29 00001000000000000101000100000
440.111  29 00000001010000000011000000010
382.111  29 00001000000000000101000100000
484.222  29 00000000110000110011000001000
419.111  29 00000001000000001011000000010
376.056  29 00000000000000000111000100000
374.111  29 01000000000000000101000100000
494.111  29 00000001000000001011000000010
339.111  29 01000000000000000101000100000
411.111  29 00001000100000000011100000000
443.111  29 00000001000000001011000000010
332.056  29 00000000000000000111000100000
488.222  29 00000000110000110011000001000
378.111  29 00001000000000000101000100000
360.111  29 01000000000000000101000100000
419.056  29 00000000000000000111000100000
434.111  29 00000001000000001011000000010
332.111  29 00001000000000000101000100000
468.111  29 00000001000000001011000000010
388.111  29 00001000000000000101000100000
436.111  29 00000001010000000011000000010
429.111  29 00000001010000000011000000010
356.111  29 00001000000000000101000100000
365.111  29 01000000000000000101000100000
403.111  29 01000000000000000101000100000
427.111  29 00000001000000001011000000010
471.167  29 00000101010000000011000000010
382.056  29 00000000000000000111000100000
393.111  29 00001000000000000101000100000
403.111  29 00000001010000000011000000010
422.111  29 00000001000000001011000000010
416.111  29 01000000000000000101000100000
401.111  29 00000001000000001011000000010
407.111  29 01000000000000000101000100000
429.111  29 00000001010000000011000000010
381.111  29 00000001000000001011000000010
459.111  29 01000000100000000011100000000
415.056  29 00000000000000000101000100000
378.056  29 00000000000000000111000100000
393.111  29 00001000000000000101000100000
375.056  29 00000000000000000101000100000
414.111  29 00000001010000000011000000010
464.111  29 00000000100000000110100000000
415.111  29 00000001000000001011000000010
456.222  29 00001000001000011011000001000
340.056  29 00000000000000000101000100000
400.056  29 00000000000000000111000100000
382.111  29 01000000000000000101000100000
391.056  29 00000000000000000101000100000
350.056  29 00000000000000000111000100000
