367.111  29 00001000000000000101000100000
367.111  29 01000000000000000101000100000
367.111  29 01000000000000000101000100000
367.111  29 00001000000000000101000100000
367.111  29 00001000000000000101000100000
367.111  29 01000000000000000101000100000
367.111  29 00001000000000000101000100000
367.111  29 00001000000000000101000100000
367.111  29 00001000000000000101000100000
367.111  29 00001000000000000101000100000
367.111  29 00001000000000000101000100000
367.111  29 00001000000000000101000100000
367.111  29 00001000000000000101000100000
367.111  29 00001000000000000101000100000
455.111  29 00000001010000000011000000010
367.111  29 00001000000000000101000100000
367.111  29 00001000000000000101000100000
367.111  29 00001000000000000101000100000
367.111  29 01000000000000000101000100000
367.111  29 01000000000000000101000100000
367.111  29 00001000000000000101000100000
455.111  29 00000001010000000011000000010
367.111  29 00001000000000000101000100000
367.111  29 01000000000000000101000100000
367.111  29 00001000000000000101000100000
367.111  29 01000000000000000101000100000
455.111  29 00000001010000000011000000010
367.111  29 00001000000000000101000100000
367.111  29 01000000000000000101000100000
367.111  29 01000000000000000101000100000
367.111  29 01000000000000000101000100000
455.111  29 00000001010000000011000000010
367.111  29 01000000000000000101000100000
367.111  29 00001000000000000101000100000
367.111  29 00001000000000000101000100000
455.111  29 00000001010000000011000000010
367.111  29 01000000000000000101000100000
367.111  29 00001000000000000101000100000
455.111  29 00000001010000000011000000010
367.111  29 01000000000000000101000100000
367.111  29 00001000000000000101000100000
367.111  29 01000000000000000101000100000
367.111  29 00001000000000000101000100000
367.111  29 01000000000000000101000100000
367.111  29 01000000000000000101000100000
367.111  29 01000000000000000101000100000
367.111  29 01000000000000000101000100000
367.111  29 00001000000000000101000100000
455.111  29 00000001010000000011000000010
367.111  29 01000000000000000101000100000
367.111  29 01000000000000000101000100000
367.111  29 01000000000000000101000100000
367.111  29 01000000000000000101000100000
367.111  29 00001000000000000101000100000
367.111  29 00001000000000000101000100000
367.111  29 01000000000000000101000100000
367.111  29 01000000000000000101000100000
367.111  29 00001000000000000101000100000
367.111  29 00001000000000000101000100000
367.111  29 01000000000000000101000100000
367.111  29 01000000000000000101000100000
367.111  29 01000000000000000101000100000
367.111  29 01000000000000000101000100000
367.111  29 00001000000000000101000100000
367.111  29 01000000000000000101000100000
455.111  29 00000001010000000011000000010
367.111  29 01000000000000000101000100000
367.111  29 00001000000000000101000100000
367.111  29 01000000000000000101000100000
367.111  29 01000000000000000101000100000
367.111  29 01000000000000000101000100000
367.111  29 00001000000000000101000100000
455.111  29 00000001010000000011000000010
367.111  29 00001000000000000101000100000
367.111  29 01000000000000000101000100000
367.111  29 00001000000000000101000100000
367.111  29 00001000000000000101000100000
367.111  29 01000000000000000101000100000
367.111  29 01000000000000000101000100000
367.111  29 01000000000000000101000100000
367.111  29 01000000000000000101000100000
367.111  29 00001000000000000101000100000
367.111  29 00001000000000000101000100000
367.111  29 01000000000000000101000100000
367.111  29 01000000000000000101000100000
367.111  29 00001000000000000101000100000
367.111  29 00001000000000000101000100000
367.111  29 00001000000000000101000100000
455.111  29 00000001010000000011000000010
367.111  29 00001000000000000101000100000
367.111  29 01000000000000000101000100000
367.111  29 00001000000000000101000100000
367.111  29 01000000000000000101000100000
367.111  29 00001000000000000101000100000
367.111  29 01000000000000000101000100000
367.111  29 01000000000000000101000100000
367.111  29 01000000000000000101000100000
367.111  29 01000000000000000101000100000
367.111  29 01000000000000000101000100000
367.111  29 01000000000000000101000100000
