3563.06  29 00000000000000000101000100000
3981.11  29 00000001000000001011000000010
4420.11  29 00000000000000100110100000000
3563.06  29 00000000000000000101000100000
4085.28  29 01000000110000011011000001000
3563.06  29 00000000000000000101000100000
3981.11  29 00000001000000001011000000010
3563.06  29 00000000000000000101000100000
3981.11  29 00000001000000001011000000010
4420.11  29 00000000000000100110100000000
3563.06  29 00000000000000000101000100000
3981.11  29 00000001000000001011000000010
3563.06  29 00000000000000000111000100000
3563.06  29 00000000000000000111000100000
3563.06  29 00000000000000000101000100000
4085.28  29 00001000110000011011000001000
4085.28  29 01000000110000011011000001000
3981.11  29 00000001000000001011000000010
3981.11  29 00000001000000001011000000010
3981.11  29 00000001000000001011000000010
4420.11  29 00000000100000100010100000000
3563.06  29 00000000000000000101000100000
3981.11  29 00000001000000001011000000010
3563.06  29 00000000000000000111000100000
3981.11  29 00000001000000001011000000010
4085.28  29 01000000110000011011000001000
3981.11  29 00000001000000001011000000010
3563.06  29 00000000000000000111000100000
3563.06  29 00000000000000000101000100000
3981.11  29 00000001000000001011000000010
3563.06  29 00000000000000000101000100000
3981.11  29 00000001000000001011000000010
3563.06  29 00000000000000000111000100000
3981.11  29 00000001000000001011000000010
3981.11  29 00000001000000001011000000010
3981.11  29 00000001000000001011000000010
4085.28  29 00001000110000011011000001000
4420.11  29 00000000000000100110100000000
3563.06  29 00000000000000000101000100000
4085.28  29 00001000110000011011000001000
3563.06  29 00000000000000000111000100000
3563.06  29 00000000000000000101000100000
3563.06  29 00000000000000000101000100000
3563.06  29 00000000000000000101000100000
3563.06  29 00000000000000000101000100000
3563.06  29 00000000000000000111000100000
4085.28  29 01000000110000011011000001000
3563.06  29 00000000000000000101000100000
3981.11  29 00000001000000001011000000010
3981.11  29 00000001000000001011000000010
3563.06  29 00000000000000000111000100000
3981.11  29 00000001000000001011000000010
3563.06  29 00000000000000000101000100000
3563.06  29 00000000000000000101000100000
4085.28  29 00001000110000011011000001000
4085.28  29 01000000110000011011000001000
3981.11  29 00000001000000001011000000010
3563.06  29 00000000000000000101000100000
3563.06  29 00000000000000000101000100000
3563.06  29 00000000000000000101000100000
4085.28  29 00001000110000011011000001000
3981.11  29 00000001000000001011000000010
3981.11  29 00000001000000001011000000010
3563.06  29 00000000000000000101000100000
3981.11  29 00000001000000001011000000010
3563.06  29 00000000000000000101000100000
3563.06  29 00000000000000000111000100000
4420.11  29 00000000100000100010100000000
3563.06  29 00000000000000000111000100000
3563.06  29 00000000000000000111000100000
3563.06  29 00000000000000000101000100000
4085.28  29 00001000110000011011000001000
3563.06  29 00000000000000000111000100000
3981.11  29 00000001000000001011000000010
3563.06  29 00000000000000000101000100000
3563.06  29 00000000000000000101000100000
3563.06  29 00000000000000000111000100000
3981.11  29 00000001000000001011000000010
3981.11  29 00000001000000001011000000010
3563.06  29 00000000000000000111000100000
3981.11  29 00000001000000001011000000010
3981.11  29 00000001000000001011000000010
3981.11  29 00000001000000001011000000010
3981.11  29 00000001000000001011000000010
3981.11  29 00000001000000001011000000010
3563.06  29 00000000000000000111000100000
4085.28  29 00001000110000011011000001000
3563.06  29 00000000000000000111000100000
3563.06  29 00000000000000000101000100000
3563.06  29 00000000000000000111000100000
3981.11  29 00000001000000001011000000010
3563.06  29 00000000000000000111000100000
3981.11  29 00000001000000001011000000010
3563.06  29 00000000000000000101000100000
3563.06  29 00000000000000000111000100000
3981.11  29 00000001000000001011000000010
4420.11  29 00000000000000100110100000000
3981.11  29 00000001000000001011000000010
4420.11  29 00000000000000100110100000000
3563.06  29 00000000000000000111000100000
