392.056  29 00000000000000000111000100000
377.222  29 00000000100000111011000001000
377.222  29 00000000100000111011000001000
436.111  29 00000000000000100110100000000
377.222  29 00000000100000111011000001000
392.056  29 00000000000000000101010000000
436.111  29 00000000100000100010100000000
392.056  29 00000000000000000101000100000
397.222  29 01000000001000011011000001000
377.222  29 00000000100000111011000001000
392.056  29 00000000000000000111000100000
377.222  29 00000000100000111011000001000
436.111  29 00000000000000100110100000000
377.222  29 00000000100000111011000001000
377.222  29 00000000100000111011000001000
377.222  29 00000000100000111011000001000
436.111  29 00000000000000100110100000000
392.056  29 00000000000000000101000100000
462.111  29 00000001010000000011000000010
392.056  29 00000000000000000101010000000
392.056  29 00000000000000000101000100000
392.056  29 00000000000000000111010000000
436.111  29 00000000100000100010100000000
392.056  29 00000000000000000101010000000
377.222  29 00000000100000111011000001000
436.111  29 00000000100000100010100000000
377.222  29 00000000100000111011000001000
377.222  29 00000000100000111011000001000
392.056  29 00000000000000000111000100000
436.111  29 00000000000000100110100000000
392.056  29 00000000000000000101010000000
392.056  29 00000000000000000101000100000
377.222  29 00000000100000111011000001000
462.111  29 00000001010000000011000000010
392.056  29 00000000000000000101010000000
392.056  29 00000000000000000101010000000
392.056  29 00000000000000000111000100000
377.222  29 00000000100000111011000001000
392.056  29 00000000000000000101000100000
377.222  29 00000000100000111011000001000
377.222  29 00000000100000111011000001000
377.222  29 00000000100000111011000001000
377.222  29 00000000100000111011000001000
392.056  29 00000000000000000111000100000
377.222  29 00000000100000111011000001000
392.056  29 00000000000000000101000100000
377.222  29 00000000100000111011000001000
377.222  29 00000000100000111011000001000
377.222  29 00000000100000111011000001000
462.111  29 00000001010000000011000000010
397.222  29 01000000001000011011000001000
377.222  29 00000000100000111011000001000
436.111  29 00000000100000100010100000000
436.111  29 00000000100000100010100000000
436.111  29 00000000100000100010100000000
392.056  29 00000000000000000101000100000
392.056  29 00000000000000000111000100000
377.222  29 00000000100000111011000001000
377.222  29 00000000100000111011000001000
462.111  29 00000001010000000011000000010
436.111  29 00000000000000100110100000000
377.222  29 00000000100000111011000001000
436.111  29 00000000000000100110100000000
436.111  29 00000000100000100010100000000
377.222  29 00000000100000111011000001000
436.111  29 00000000000000100110100000000
377.222  29 00000000100000111011000001000
462.111  29 00000001010000000011000000010
377.222  29 00000000100000111011000001000
436.111  29 00000000000000100110100000000
377.222  29 00000000100000111011000001000
377.222  29 00000000100000111011000001000
377.222  29 00000000100000111011000001000
377.222  29 00000000100000111011000001000
377.222  29 00000000100000111011000001000
392.056  29 00000000000000000101000100000
397.222  29 01000000001000011011000001000
392.056  29 00000000000000000101000100000
436.111  29 00000000100000100010100000000
392.056  29 00000000000000000101000100000
436.111  29 00000000100000100010100000000
377.222  29 00000000100000111011000001000
377.222  29 00000000100000111011000001000
377.222  29 00000000100000111011000001000
392.056  29 00000000000000000111000100000
377.222  29 00000000100000111011000001000
377.222  29 00000000100000111011000001000
436.111  29 00000000000000100110100000000
377.222  29 00000000100000111011000001000
436.111  29 00000000000000100110100000000
392.056  29 00000000000000000101010000000
392.056  29 00000000000000000101000100000
392.056  29 00000000000000000101010000000
436.111  29 00000000100000100010100000000
436.111  29 00000000000000100110100000000
392.056  29 00000000000000000101010000000
436.111  29 00000000100000100010100000000
392.056  29 00000000000000000101000100000
392.056  29 00000000000000000101000100000
377.222  29 00000000100000111011000001000
