0.179688 11 00000000000000000100000001000
0.0136719 24 10000000000000000001000010000
0.179688 13 00000000000000000101000001000
0.179688 11 00000000100000000001000001000
0.0136719 16 10000000000000000001000010000
0.0136719 16 10000000000000000001000010000
0.0136719 15 10000000000000000001000010000
0.179688 12 00000000100000000000000001000
0.179688 9 00000000100000000010000001000
0.179688 10 00000000100000000001000001000
0.179688 14 00000000100000000001000001000
0.179688 9 00000000000000000111000001000
0.0136719 15 10000000000000000011000010000
0.179688 10 00000000100000000000000001000
0.0136719 16 10000000000000000001000010000
0.179688 10 00000000000000000110000001000
0.0136719 15 10000000000000000011000010000
0.0136719 13 10000000000000000001000010000
0.179688 13 00000000100000000000000001000
0.179688 9 00000000100000000000000001000
0.0136719 17 10000000000000000001000010000
0.0136719 1 10000000000000000001000010000
0.179688 13 00000000000000000100000001000
0.0136719 20 10000000000000000001000010000
0.0136719 17 10000000000000000001000010000
0.0136719 13 10000000000000000011000010000
0.179688 12 00000000000000000100000001000
0.0136719 14 10000000000000000001000010000
0.179688 11 00000000100000000011000001000
0.179688 14 00000000000000000100000001000
0.0136719 16 10000000000000000001000010000
0.0136719 13 10000000000000000001000010000
0.0136719 15 10000000000000000011000010000
0.0136719 11 10000000000000000011000010000
0.0136719 1 10000000000000000011000010000
0.179688 8 00000000100000000000000001000
0.179688 19 00000000100000000000000001000
0.179688 12 00000000100000000001000001000
0.179688 9 00000000100000000001000001000
0.0136719 18 10000000000000000001000010000
0.179688 8 00000000100000000001000001000
0.179688 14 00000000100000000000000001000
0.0136719 3 10000000000000000001000010000
0.0136719 17 10000000000000000001000010000
0.179688 8 00000000000000000110000001000
0.0136719 15 10000000000000000011000010000
0.179688 8 00000000100000000001000010000
0.179688 10 00000000100000000000000001000
0.179688 8 00000000100000000000000001000
0.179688 11 00000000000000000100000001000
0.179688 6 00000000100000000001000010000
0.0136719 18 10000000000000000001000010000
0.179688 9 00000000000000000101000001000
0.0136719 3 10000000000000000011000010000
0.179688 15 00000000100000000000000001000
0.179688 8 00000000000000000101000001000
0.179688 17 00000000000000000100000001000
0.179688 13 00000000000000000111000001000
0.0136719 13 10000000000000000001000010000
0.179688 8 00000000100000000010000001000
0.179688 9 00000000000000000110000001000
0.179688 9 00000000100000000011000001000
0.179688 13 00000000100000000010000001000
0.179688 15 00000000000000000101000001000
0.179688 12 00000000000000000100000001000
0.0136719 16 10000000000000000001000010000
0.179688 11 00000000100000000000000001000
0.179688 12 00000000000000000110000001000
0.0136719 19 10000000000000000001000010000
0.179688 7 00000000100000000011000010000
0.179688 11 00000000000000000111000001000
0.179688 11 00000000000000000100000001000
0.179688 10 00000000000000000111000001000
0.0136719 18 10000000000000000011000010000
0.0136719 22 10000000000000000001000010000
0.179688 9 00000000100000000001000001000
0.0136719 19 10000000000000000001000010000
0.0136719 19 10000000000000000001000010000
0.0136719 13 10000000000000000001000010000
0.179688 15 00000000000000000111000001000
0.0136719 17 10000000000000000001000010000
0.179688 13 00000000100000000000000001000
0.179688 8 00000000100000000000000001000
0.0136719 20 10000000000000000001000010000
0.0136719 14 10000000000000000001000010000
0.179688 8 00000000000000000110000001000
0.179688 10 00000000100000000000000001000
0.179688 8 00000000100000000010000001000
0.0136719 20 10000000000000000001000010000
0.0136719 18 10000000000000000001000010000
0.179688 8 00000000000000000101000001000
0.179688 10 00000000000000000100000001000
0.0136719 17 10000000000000000001000010000
0.0136719 3 10000000000000000001000010000
0.179688 12 00000000100000000000000001000
0.179688 11 00000000100000000001000001000
0.179688 16 00000000000000000100000001000
0.179688 7 00000000100000000001000001000
0.0136719 17 10000000000000000001000010000
0.179688 10 00000000100000000001000010000
