0.117188 19 00000000100000000111000001000
0.273438 24 00000001010000010011000010000
0.117188 21 00000000100000000111000001000
0.298828 15 00000001010000000000010000000
0.175781 15 00000001000000100101000010000
0.117188 24 00000000100000000111000001000
0.175781 17 00000001000000100101000010000
0.314453 16 00000000101000000000000010000
0.314453 14 00000000101000000000000100000
0.308594 24 00000000010010000011000010000
0.273438 21 00000001010000010011000010000
0.314453 13 00000000101000000000010000000
0.117188 18 00000000100000000111000001000
0.117188 24 00000000100000000111000001000
0.273438 22 00000001010000010011000010000
0.117188 21 00000000100000000111000001000
0.273438 22 00000001010000010011000010000
0.167969 12 00000001010000000001000000100
0.273438 25 00000001010000010011000010000
0.314453 12 00000000101000000000000010000
0.314453 12 00000000101000000000010000000
0.117188 23 00000000100000000111000001000
0.175781 13 00000001000000100101000010000
0.175781 19 00000001000000100101000010000
0.167969 5 00000000100000000001000000001
0.3125 20 00000000000001001011000010000
0.175781 24 00000001000000100101000010000
0.117188 13 00000000100000000111000001000
0.175781 18 00000001000000100101000010000
0.175781 23 00000001000000100101000010000
0.117188 23 00000000100000000111000001000
0.117188 17 00000000100000000111000001000
0.117188 23 00000000100000000111000001000
0.316406 21 00000000000000011000010000000
0.314453 14 00000000101000000000010000000
0.167969 15 00000001010000000001000000010
0.273438 21 00000001010000010011000010000
0.314453 14 00000000101000000000000010000
0.117188 17 00000000100000000111000001000
0.175781 24 00000001000000100101000010000
0.175781 21 00000001000000100101000010000
0.117188 21 00000000100000000111000001000
0.314453 11 00000000101000000000000010000
0.117188 20 00000000100000000111000001000
0.308594 24 00000000010010000011000010000
0.308594 20 00000000010010000011000010000
0.314453 11 00000000101000000000000100000
0.175781 21 00000001000000100101000010000
0.117188 20 00000000100000000111000001000
0.314453 14 00000000101000000000010000000
0.167969 10 00000001010000000001000000100
0.117188 19 00000000100000000111000001000
0.175781 25 00000001000000100101000010000
0.273438 21 00000001010000010011000010000
0.117188 18 00000000100000000111000001000
0.117188 15 00000000100000000111000001000
0.167969 1 00000001010000000001000000010
0.273438 24 00000001010000010011000010000
0.117188 17 00000000100000000111000001000
0.314453 13 00000000101000000000010000000
0.167969 13 00000001010000000001000000010
0.316406 16 00000000000000011000010000000
0.117188 23 00000000100000000111000001000
0.308594 25 00000000010010000011000010000
0.175781 25 00000001000000100101000010000
0.117188 13 00000000100000000111000001000
0.117188 21 00000000100000000111000001000
0.117188 18 00000000100000000111000001000
0.273438 17 00000001010000010011000010000
0.167969 8 00000001010000000001000000100
0.117188 10 00000000100000000111000001000
0.314453 14 00000000101000000000000100000
0.314453 12 00000000101000000000000010000
0.117188 16 00000000100000000111000001000
0.314453 14 00000000101000000000000010000
0.314453 16 00000000101000000000000010000
0.117188 28 00000000100000000111000001000
0.314453 16 00000000101000000000000010000
0.175781 21 00000001000000100101000010000
0.308594 24 00000000010010000011000010000
0.117188 17 00000000100000000111000001000
0.314453 13 00000000101000000000000010000
0.314453 14 00000000101000000000000010000
0.175781 13 00000001000000100101000010000
0.175781 24 00000001000000100101000010000
0.117188 1 00000000100000000111000001000
0.316406 21 00000000000000011000010000000
0.175781 22 00000001000000100101000010000
0.175781 26 00000001000000100101000010000
0.117188 18 00000000100000000111000001000
0.117188 18 00000000100000000111000001000
0.117188 18 00000000100000000111000001000
0.167969 15 00000001010000000001000000010
0.117188 22 00000000100000000111000001000
0.175781 19 00000001000000100101000010000
0.316406 20 00000000000000011000010000000
0.273438 23 00000001010000010011000010000
0.175781 19 00000001000000100101000010000
0.308594 23 00000000010010000011000010000
0.117188 21 00000000100000000111000001000
