0.104818 16 00000000101000000000000100000
0.102865 21 00000000010010000011000010000
0.105469 26 00000000000000011000010000000
0.104818 10 00000000101000000000010000000
0.0390625 5 00000000100000000111000001000
0.105469 23 00000000000000011000010000000
0.0911458 15 00000001010000010011000010000
0.0390625 21 00000000100000000111000001000
0.0585938 19 00000001000000100101000010000
0.0390625 17 00000000100000000111000001000
0.0390625 18 00000000100000000111000001000
0.0390625 21 00000000100000000111000001000
0.0390625 24 00000000100000000111000001000
0.104818 15 00000000101000000000000100000
0.105469 18 00000000000000011000010000000
0.0911458 20 00000001010000010011000010000
0.0390625 19 00000000100000000111000001000
0.0390625 20 00000000100000000111000001000
0.0390625 14 00000000100000000111000001000
0.0390625 19 00000000100000000111000001000
0.0390625 17 00000000100000000111000001000
0.0390625 21 00000000100000000111000001000
0.0390625 19 00000000100000000111000001000
0.0390625 15 00000000100000000111000001000
0.0559896 12 00000001010000000001000000100
0.0390625 21 00000000100000000111000001000
0.0390625 22 00000000100000000111000001000
0.104818 14 00000000101000000000010000000
0.0911458 24 00000001010000010011000010000
0.0390625 23 00000000100000000111000001000
0.0390625 25 00000000100000000111000001000
0.0911458 20 00000001010000010011000010000
0.0390625 22 00000000100000000111000001000
0.104818 19 00000000101000000000010000000
0.102865 23 00000000010010000011000010000
0.0390625 17 00000000100000000111000001000
0.105469 24 00000000000000011000010000000
0.0390625 22 00000000100000000111000001000
0.0390625 9 00000000100000000111000001000
0.0390625 21 00000000100000000111000001000
0.0898438 2 00000000100100100001000001000
0.104818 15 00000000101000000000000100000
0.0390625 7 00000000100000000111000001000
0.104818 16 00000000101000000000010000000
0.104818 14 00000000101000000000000100000
0.104818 17 00000000101000000000010000000
0.104818 13 00000000101000000000000100000
0.104818 12 00000000101000000000010000000
0.0390625 16 00000000100000000111000001000
0.104818 17 00000000101000000000000100000
0.0390625 19 00000000100000000111000001000
0.0911458 22 00000001010000010011000010000
0.104818 18 00000000101000000000010000000
0.104818 12 00000000101000000000000010000
0.0911458 24 00000001010000010011000010000
0.0585938 20 00000001000000100101000010000
0.104818 13 00000000101000000000000100000
0.0585938 24 00000001000000100101000010000
0.0390625 22 00000000100000000111000001000
0.104818 13 00000000101000000000000100000
0.104818 15 00000000101000000000010000000
0.0585938 23 00000001000000100101000010000
0.0390625 12 00000000100000000111000001000
0.0390625 14 00000000100000000111000001000
0.104818 16 00000000101000000000000010000
0.0559896 13 00000001010000000001000000010
0.0585938 22 00000001000000100101000010000
0.0390625 23 00000000100000000111000001000
0.0585938 17 00000001000000100101000010000
0.102865 24 00000000010010000011000010000
0.0585938 17 00000001000000100101000010000
0.104818 14 00000000101000000000000100000
0.104818 13 00000000101000000000000100000
0.102865 24 00000000010010000011000010000
0.104818 12 00000000101000000000000010000
0.0559896 17 00000001010000000001000000100
0.0585938 16 00000001000000100101000010000
0.104818 15 00000000101000000000000100000
0.0390625 22 00000000100000000111000001000
0.0390625 17 00000000100000000111000001000
0.104818 14 00000000101000000000010000000
0.102865 23 00000000010010000011000010000
0.104818 13 00000000101000000000000010000
0.104818 16 00000000101000000000010000000
0.0390625 25 00000000100000000111000001000
0.0390625 18 00000000100000000111000001000
0.104818 16 00000000101000000000000100000
0.0390625 17 00000000100000000111000001000
0.0390625 19 00000000100000000111000001000
0.104818 20 00000000101000000000000010000
0.104818 17 00000000101000000000000010000
0.0390625 21 00000000100000000111000001000
0.0911458 29 00000001010000010011000010000
0.0390625 15 00000000100000000111000001000
0.104818 15 00000000101000000000000010000
0.0390625 15 00000000100000000111000001000
0.0390625 16 00000000100000000111000001000
0.104818 14 00000000101000000000000100000
0.0559896 15 00000001010000000001000000010
0.0390625 21 00000000100000000111000001000
