0.110677 10 00000010100000100001000001000
0.110677 9 01100000100000000101000010000
0.110677 15 00100000100000100001000001000
0.110677 12 00010000100000100001000001000
0.110677 11 00011000100000000101000010000
0.110677 9 01010000100000000101000010000
0.110677 9 01010000100000000101000010000
0.110677 17 00000010100000100001000001000
0.110677 6 00000010100000100001000001000
0.110677 7 01100000100000000101000010000
0.110677 6 00001100100000000101000010000
0.110677 9 00010000100000100001000001000
0.110677 1 00010000100000100001000001000
0.110677 1 00000000100000000111000001000
0.110677 9 00000010100000100001000001000
0.110677 15 00010000100000100001000001000
0.110677 7 00000010100000100001000001000
0.110677 7 00000010100000100001000001000
0.110677 10 00100000100000100001000001000
0.110677 11 00000100100000100001000001000
0.110677 9 00010000100000100001000001000
0.110677 10 00100000100000100001000001000
0.110677 16 00000000100000000111000001000
0.110677 7 00001100100000000101000010000
0.110677 18 00000000100000000111000001000
0.110677 8 00000000100000000111000001000
0.110677 17 00000000100000000111000001000
0.110677 9 00001100100000000101000010000
0.110677 9 01010000100000000101000010000
0.110677 9 00000010100000100001000001000
0.110677 10 00000000100000000111000001000
0.110677 8 00001100100000000101000010000
0.110677 11 00000100100000100001000001000
0.110677 8 00001010100000000101000010000
0.110677 10 00000100100000100001000001000
0.110677 15 00010000100000100001000001000
0.110677 11 01100000100000000101000010000
0.110677 19 00011000100000000101000010000
0.148438 10 00000000000000001010010000000
0.110677 11 01000010100000000101000010000
0.110677 7 00011000100000000101000010000
0.110677 7 00000100100000100001000001000
0.110677 9 00000100100000100001000001000
0.110677 5 00101000100000000101000010000
0.110677 10 00100000100000100001000001000
0.110677 8 00000010100000100001000001000
0.110677 10 00000010100000100001000001000
0.110677 13 01000100100000000101000010000
0.141927 17 00000000000011000000010000000
0.110677 10 00000000100000000111000001000
0.110677 5 00001010100000000101000010000
0.110677 14 00000000100000000111000001000
0.110677 4 00000000100000000111000001000
0.110677 10 00000100100000100001000001000
0.110677 8 01000100100000000101000010000
0.110677 9 01000010100000000101000010000
0.145182 11 00000011010001000000010000000
0.110677 12 00000010100000100001000001000
0.110677 8 00000010100000100001000001000
0.110677 8 00001100100000000101000010000
0.110677 10 01010000100000000101000010000
0.110677 16 00010000100000100001000001000
0.110677 6 01000010100000000101000010000
0.110677 11 01000100100000000101000010000
0.110677 1 00000000100000000111000001000
0.110677 10 00000100100000100001000001000
0.110677 8 00100000100000100001000001000
0.110677 11 00011000100000000101000010000
0.148438 12 00000000000000010000010000000
0.110677 10 00010000100000100001000001000
0.110677 13 01000010100000000101000010000
0.110677 2 00010000100000100001000001000
0.110677 15 00010000100000100001000001000
0.110677 13 00000100100000100001000001000
0.110677 7 00000000100000000111000001000
0.110677 13 00001100100000000101000010000
0.110677 8 00101000100000000101000010000
0.110677 16 00000000100000000111000001000
0.110677 17 00000000100000000111000001000
0.110677 15 00000000100000000111000001000
0.110677 11 00100000100000100001000001000
0.110677 14 00001100100000000101000010000
0.110677 20 00000000100000000111000001000
0.110677 14 00000000100000000111000001000
0.110677 11 00010000100000100001000001000
0.110677 10 00000100100000100001000001000
0.110677 10 00101000100000000101000010000
0.110677 6 00001010100000000101000010000
0.110677 10 00000000100000000111000001000
0.110677 8 00001100100000000101000010000
0.110677 1 00000100100000100001000001000
0.110677 11 00100000100000100001000001000
0.110677 6 01100000100000000101000010000
0.110677 13 01010000100000000101000010000
0.110677 11 00000000100000000111000001000
0.110677 9 00000100100000100001000001000
0.110677 9 00101000100000000101000010000
0.110677 18 00000000100000000111000001000
0.110677 10 00000010100000100001000001000
0.110677 7 00000000100000000111000001000
