0.0598958 11 00000000100000000001000001000
0.0598958 12 00000000100000000000000001000
0.00455729 15 10000000000000000001000010000
0.0598958 14 00000000000000000100000001000
0.0598958 12 00000000100000000001000001000
0.00455729 19 10000000000000000001000010000
0.00455729 1 10000000000000000001000010000
0.00455729 20 10000000000000000001000010000
0.0598958 14 00000000100000000000000001000
0.0598958 11 00000000100000000001000001000
0.00455729 1 10000000000000000001000010000
0.00455729 21 10000000000000000001000010000
0.00455729 19 10000000000000000001000010000
0.00455729 14 10000000000000000001000010000
0.00455729 17 10000000000000000001000010000
0.0598958 11 00000000000000000100000001000
0.00455729 20 10000000000000000001000010000
0.00455729 3 10000000000000000001000010000
0.00455729 4 10000000000000000001000010000
0.0598958 6 00000000000000000100000001000
0.00455729 19 10000000000000000001000010000
0.00455729 11 10000000000000000001000010000
0.00455729 18 10000000000000000001000010000
0.00455729 20 10000000000000000001000010000
0.0598958 12 00000000100000000000000001000
0.00455729 18 10000000000000000001000010000
0.0598958 7 00000000100000000010000001000
0.00455729 20 10000000000000000001000010000
0.00455729 16 10000000000000000001000010000
0.0598958 10 00000000100000000000000001000
0.0598958 20 00000000000000000100000001000
0.00455729 21 10000000000000000001000010000
0.00455729 20 10000000000000000001000010000
0.00455729 19 10000000000000000001000010000
0.00455729 19 10000000000000000001000010000
0.0598958 14 00000000100000000001000001000
0.0598958 11 00000000100000000001000001000
0.00455729 12 10000000000000000001000010000
0.00455729 14 10000000000000000001000010000
0.0598958 14 00000000100000000010000001000
0.00455729 19 10000000000000000001000010000
0.0598958 12 00000000000000000101000001000
0.0598958 13 00000000100000000000000001000
0.00455729 1 10000000000000000011000010000
0.00455729 28 10000000000000000001000010000
0.00455729 17 10000000000000000001000010000
0.00455729 19 10000000000000000001000010000
0.00455729 6 10000000000000000011000010000
0.00455729 25 10000000000000000001000010000
0.00455729 16 10000000000000000001000010000
0.0598958 11 00000000000000000101000001000
0.00455729 1 10000000000000000011000010000
0.0598958 8 00000000100000000000000001000
0.00455729 1 10000000000000000011000010000
0.00455729 21 10000000000000000001000010000
0.00455729 4 10000000000000000001000010000
0.0598958 10 00000000000000000100000001000
0.0598958 7 00000000000000000100000001000
0.00455729 16 10000000000000000001000010000
0.0598958 9 00000000100000000001000001000
0.00455729 16 10000000000000000011000010000
0.0598958 11 00000000000000000110000001000
0.0598958 14 00000000000000000101000001000
0.00455729 16 10000000000000000001000010000
0.0598958 5 00000000000000000110000001000
0.00455729 19 10000000000000000001000010000
0.00455729 22 10000000000000000001000010000
0.0598958 11 00000000000000000100000001000
0.00455729 15 10000000000000000011000010000
0.00455729 13 10000000000000000001000010000
0.0598958 12 00000000000000000100000001000
0.00455729 7 10000000000000000001000010000
0.00455729 13 10000000000000000001000010000
0.0598958 10 00000000100000000010000001000
0.0598958 9 00000000100000000001000001000
0.0598958 9 00000000000000000100000001000
0.00455729 16 10000000000000000001000010000
0.0598958 9 00000000000000000100000001000
0.0598958 14 00000000000000000101000001000
0.0598958 8 00000000000000000110000001000
0.00455729 16 10000000000000000011000010000
0.00455729 22 10000000000000000001000010000
0.00455729 21 10000000000000000001000010000
0.0598958 9 00000000100000000000000001000
0.0598958 12 00000000000000000101000001000
0.00455729 14 10000000000000000011000010000
0.00455729 5 10000000000000000001000010000
0.0598958 7 00000000100000000000000001000
0.00455729 18 10000000000000000001000010000
0.0598958 9 00000000000000000111000001000
0.00455729 15 10000000000000000001000010000
0.00455729 15 10000000000000000001000010000
0.00455729 19 10000000000000000001000010000
0.0598958 8 00000000100000000011000001000
0.00455729 13 10000000000000000001000010000
0.00455729 15 10000000000000000011000010000
0.0598958 10 00000000000000000110000001000
0.0598958 9 00000000100000000011000001000
0.0598958 7 00000000000000000100000001000
0.00455729 15 10000000000000000011000010000
