0.0555556  29 01000000000000000010100000000
0.0555556  29 01000000000000000010100000000
0.0555556  29 01000000000000000000100000000
0.0555556  29 00001000000000000010100000000
0.0555556  29 01000000000000000000100000000
0.0555556  29 00001000000000000010100000000
0.0555556  29 01000000000000000010100000000
0.0555556  29 01000000000000000010100000000
0.0555556  29 00001000000000000010100000000
0.0555556  29 00001000000000000010100000000
0.0555556  29 00001000000000000010100000000
0.0555556  29 01000000000000000000100000000
0.0555556  29 00001000000000000000100000000
0.0555556  29 01000000000000000010100000000
0.0555556  29 01000000000000000010100000000
0.0555556  29 01000000000000000010100000000
0.0555556  29 01000000000000000010100000000
0.0555556  29 01000000000000000010100000000
0.0555556  29 00001000000000000010100000000
0.0555556  29 00001000000000000000100000000
0.0555556  29 00001000000000000010100000000
0.0555556  29 00001000000000000010100000000
0.0555556  29 00001000000000000010100000000
0.0555556  29 01000000000000000010100000000
0.0555556  29 00001000000000000000100000000
0.0555556  29 00001000000000000000100000000
0.0555556  29 00001000000000000010100000000
0.0555556  29 00001000000000000000100000000
0.0555556  29 01000000000000000000100000000
0.0555556  29 01000000000000000000100000000
0.0555556  29 00001000000000000000100000000
0.0555556  29 01000000000000000000100000000
0.0555556  29 00001000000000000010100000000
0.0555556  29 00001000000000000010100000000
0.0555556  29 01000000000000000010100000000
0.0555556  29 01000000000000000010100000000
0.0555556  29 01000000000000000010100000000
0.0555556  29 01000000000000000010100000000
0.0555556  29 01000000000000000000100000000
0.0555556  29 01000000000000000000100000000
0.0555556  29 01000000000000000010100000000
0.0555556  29 01000000000000000000100000000
0.0555556  29 00001000000000000010100000000
0.0555556  29 00001000000000000010100000000
0.0555556  29 01000000000000000000100000000
0.0555556  29 00001000000000000000100000000
0.0555556  29 00001000000000000010100000000
0.0555556  29 01000000000000000000100000000
0.0555556  29 01000000000000000000100000000
0.0555556  29 00001000000000000000100000000
0.0555556  29 00001000000000000010100000000
0.0555556  29 01000000000000000010100000000
0.0555556  29 00001000000000000000100000000
0.0555556  29 00001000000000000000100000000
0.0555556  29 00001000000000000000100000000
0.0555556  29 00001000000000000010100000000
0.0555556  29 00001000000000000000100000000
0.0555556  29 00001000000000000000100000000
0.0555556  29 01000000000000000010100000000
0.0555556  29 01000000000000000010100000000
0.0555556  29 01000000000000000000100000000
0.0555556  29 01000000000000000000100000000
0.0555556  29 00001000000000000000100000000
0.0555556  29 00001000000000000000100000000
0.0555556  29 01000000000000000010100000000
0.0555556  29 01000000000000000000100000000
0.0555556  29 01000000000000000010100000000
0.0555556  29 00001000000000000010100000000
0.0555556  29 00001000000000000010100000000
0.0555556  29 01000000000000000000100000000
0.0555556  29 01000000000000000010100000000
0.0555556  29 01000000000000000000100000000
0.0555556  29 00001000000000000010100000000
0.0555556  29 00001000000000000000100000000
0.0555556  29 00001000000000000010100000000
0.0555556  29 00001000000000000010100000000
0.0555556  29 01000000000000000000100000000
0.0555556  29 00001000000000000000100000000
0.0555556  29 00001000000000000010100000000
0.0555556  29 01000000000000000000100000000
0.0555556  29 01000000000000000000100000000
0.0555556  29 01000000000000000000100000000
0.0555556  29 01000000000000000000100000000
0.0555556  29 01000000000000000000100000000
0.0555556  29 01000000000000000010100000000
0.0555556  29 00001000000000000010100000000
0.0555556  29 01000000000000000000100000000
0.0555556  29 00001000000000000000100000000
0.0555556  29 00001000000000000010100000000
0.0555556  29 01000000000000000000100000000
0.0555556  29 00001000000000000010100000000
0.0555556  29 01000000000000000000100000000
0.0555556  29 01000000000000000010100000000
0.0555556  29 01000000000000000000100000000
0.0555556  29 01000000000000000010100000000
0.0555556  29 01000000000000000010100000000
0.0555556  29 00001000000000000010100000000
0.0555556  29 01000000000000000010100000000
0.0555556  29 00001000000000000010100000000
0.0555556  29 01000000000000000000100000000
