0.110677 9 00000100100000100001000001000
0.110677 11 00100000100000100001000001000
0.110677 11 00101000100000000101000010000
0.110677 7 01000010100000000101000010000
0.110677 12 01010000100000000101000010000
0.110677 8 00011000100000000101000010000
0.110677 11 00000100100000100001000001000
0.110677 10 00000010100000100001000001000
0.110677 9 00010000100000100001000001000
0.110677 12 00000010100000100001000001000
0.110677 11 00000100100000100001000001000
0.110677 7 00000010100000100001000001000
0.110677 14 00000000100000000111000001000
0.110677 9 00010000100000100001000001000
0.110677 10 01000100100000000101000010000
0.110677 12 00010000100000100001000001000
0.148438 12 00000000000000010010001000000
0.110677 1 00000000100000000111000001000
0.110677 2 00000000100000000111000001000
0.110677 8 00001010100000000101000010000
0.110677 11 00000100100000100001000001000
0.110677 13 00010000100000100001000001000
0.110677 6 00000010100000100001000001000
0.110677 13 00000000100000000111000001000
0.110677 12 01100000100000000101000010000
0.110677 15 00000100100000100001000001000
0.110677 4 00000000100000000111000001000
0.110677 9 01100000100000000101000010000
0.110677 7 00000100100000100001000001000
0.110677 1 00010000100000100001000001000
0.110677 9 00000010100000100001000001000
0.110677 11 00000100100000100001000001000
0.110677 10 00100000100000100001000001000
0.110677 9 00100000100000100001000001000
0.110677 12 00000000100000000111000001000
0.110677 9 00000010100000100001000001000
0.110677 7 00000100100000100001000001000
0.110677 12 00000010100000100001000001000
0.110677 10 00000100100000100001000001000
0.110677 2 00000000100000000111000001000
0.110677 6 00001100100000000101000010000
0.110677 7 00011000100000000101000010000
0.110677 11 00000010100000100001000001000
0.141927 13 00000000000011000000001000000
0.110677 10 00000010100000100001000001000
0.110677 11 00001100100000000101000010000
0.110677 7 00011000100000000101000010000
0.110677 7 01000010100000000101000010000
0.110677 10 01000100100000000101000010000
0.110677 11 00101000100000000101000010000
0.110677 16 00000000100000000111000001000
0.110677 11 01010000100000000101000010000
0.110677 10 01000010100000000101000010000
0.110677 15 00001010100000000101000010000
0.110677 13 00000000100000000111000001000
0.110677 4 00000100100000100001000001000
0.110677 10 00000010100000100001000001000
0.110677 7 00001100100000000101000010000
0.110677 10 00010000100000100001000001000
0.110677 14 00000000100000000111000001000
0.114583 1 00001000100000001001000001000
0.110677 8 00000010100000100001000001000
0.110677 6 01100000100000000101000010000
0.110677 17 00000000100000000111000001000
0.110677 7 01000010100000000101000010000
0.110677 14 00100000100000100001000001000
0.110677 13 00000010100000100001000001000
0.110677 12 00001010100000000101000010000
0.145182 16 00000011010001000000000000100
0.110677 11 00000100100000100001000001000
0.110677 7 01010000100000000101000010000
0.110677 10 01010000100000000101000010000
0.110677 13 00000010100000100001000001000
0.110677 13 00100000100000100001000001000
0.110677 7 00101000100000000101000010000
0.110677 8 00001100100000000101000010000
0.110677 10 00001100100000000101000010000
0.110677 17 00000000100000000111000001000
0.110677 11 00100000100000100001000001000
0.110677 6 00101000100000000101000010000
0.110677 8 00011000100000000101000010000
0.110677 18 00000000100000000111000001000
0.110677 11 00000010100000100001000001000
0.110677 12 00001100100000000101000010000
0.148438 8 00000000000000010010001000000
0.110677 10 00000100100000100001000001000
0.110677 9 00001010100000000101000010000
0.110677 10 00000000100000000111000001000
0.110677 12 00000100100000100001000001000
0.110677 9 00000010100000100001000001000
0.110677 9 00001100100000000101000010000
0.110677 17 00000000100000000111000001000
0.110677 12 01000010100000000101000010000
0.110677 14 00000100100000100001000001000
0.110677 13 00000000100000000111000001000
0.145182 17 00000011010001000000001000000
0.110677 12 00000000100000000111000001000
0.110677 13 00000000100000000111000001000
0.110677 16 00000000100000000111000001000
0.110677 7 01010000100000000101000010000
