0.0136719 1 10000000000000000001000010000
0.179688 8 00000000000000000110000001000
0.0585938 2 11000000000000000001000010000
0.179688 11 00000000100000000000000001000
0.179688 13 00000000000000000100000001000
0.179688 16 00000000100000000000000001000
0.0136719 20 10000000000000000001000010000
0.179688 12 00000000000000000100000001000
0.179688 12 00000000100000000010000001000
0.179688 11 00000000100000000001000001000
0.0136719 13 10000000000000000001000010000
0.179688 15 00000000100000000000000001000
0.179688 8 00000000000000000101000001000
0.0136719 18 10000000000000000001000010000
0.0136719 16 10000000000000000001000010000
0.179688 10 00000000100000000011000001000
0.0136719 13 10000000000000000001000010000
0.0136719 22 10000000000000000011000010000
0.0136719 1 10000000000000000001000010000
0.0136719 25 10000000000000000001000010000
0.179688 11 00000000100000000001000001000
0.179688 8 00000000000000000110000001000
0.0136719 21 10000000000000000001000010000
0.179688 10 00000000100000000001000001000
0.179688 9 00000000100000000000000001000
0.179688 9 00000000100000000001000001000
0.179688 11 00000000100000000000000001000
0.0136719 13 10000000000000000001000010000
0.179688 9 00000000100000000010000001000
0.179688 13 00000000000000000100000001000
0.0136719 2 10000000000000000011000010000
0.0136719 15 10000000000000000001000010000
0.179688 7 00000000100000000010000001000
0.0136719 2 10000000000000000001000010000
0.0136719 13 10000000000000000001000010000
0.0136719 22 10000000000000000001000010000
0.179688 8 00000000000000000100000001000
0.179688 6 00000000000000000100000001000
0.0136719 18 10000000000000000001000010000
0.0136719 16 10000000000000000001000010000
0.0136719 19 10000000000000000001000010000
0.179688 16 00000000100000000001000001000
0.179688 11 00000000000000000101000001000
0.179688 9 00000000100000000000000001000
0.179688 7 00000000100000000010000001000
0.0136719 16 10000000000000000001000010000
0.179688 10 00000000100000000010000001000
0.0136719 21 10000000000000000001000010000
0.179688 8 00000000100000000000000001000
0.179688 11 00000000000000000100000001000
0.0136719 20 10000000000000000001000010000
0.0136719 2 10000000000000000001000010000
0.0136719 13 10000000000000000001000010000
0.0136719 19 10000000000000000001000010000
0.179688 8 00000000100000000011000001000
0.179688 12 00000000000000000100000001000
0.0136719 21 10000000000000000001000010000
0.179688 9 00000000100000000001000001000
0.0136719 18 10000000000000000001000010000
0.179688 14 00000000100000000010000001000
0.0136719 14 10000000000000000011000010000
0.179688 12 00000000100000000001000001000
0.179688 7 00000000100000000001000001000
0.179688 12 00000000000000000111000001000
0.179688 7 00000000000000000100000001000
0.0136719 17 10000000000000000001000010000
0.179688 11 00000000100000000001000001000
0.179688 10 00000000100000000000000001000
0.179688 12 00000000100000000010000001000
0.179688 14 00000000000000000100000001000
0.179688 10 00000000000000000100000001000
0.179688 12 00000000100000000000000001000
0.179688 9 00000000100000000000000001000
0.179688 10 00000000000000000101000001000
0.0136719 13 10000000000000000001000010000
0.0136719 7 10000000000000000001000010000
0.179688 9 00000000000000000100000001000
0.0136719 17 10000000000000000001000010000
0.179688 10 00000000000000000101000001000
0.179688 10 00000000100000000000000001000
0.179688 9 00000000100000000000000001000
0.0136719 5 10000000000000000001000010000
0.179688 8 00000000100000000011000001000
0.0136719 15 10000000000000000001000010000
0.179688 11 00000000100000000001000001000
0.0136719 17 10000000000000000001000010000
0.0136719 7 10000000000000000001000010000
0.0136719 20 10000000000000000001000010000
0.179688 8 00000000100000000001000001000
0.179688 10 00000000100000000000000001000
0.179688 16 00000000100000000001000001000
0.179688 17 00000000000000000100000001000
0.0136719 22 10000000000000000001000010000
0.0136719 12 10000000000000000001000010000
0.179688 9 00000000100000000010000001000
0.179688 11 00000000000000000100000001000
0.179688 19 00000000000000000100000001000
0.179688 12 00000000100000000010000001000
0.179688 8 00000000000000000111000001000
0.179688 9 00000000100000000001000001000
