0 16 00000000000100000000100000000
0 3 00000000000100000010100000000
0.3888 1 10000000000100010011000010000
0.3888 1 10000000000100010011000010000
0.4416 17 00000000000100001001000010000
0 13 00000000000100000010100000000
0 18 00000000000100000000100000000
0 20 00000000000100000010100000000
0.4336 14 00000001010100000001000001000
0 15 00000000000100000000100000000
0 17 00000000000100000010100000000
0.4416 23 00000000000100001001000010000
0.4416 16 00000000000100001001000010000
0.4416 20 00000000000100001001000010000
0 14 00000000000100000000100000000
0.4416 18 00000000000100001001000010000
0 13 00000000000100000010100000000
0 16 00000000000100000010100000000
0.4416 18 00000000000100001001000010000
0.4416 24 00000000000100001001000010000
0.4416 20 00000000000100001001000010000
0.248 1 10000000000100000111000010000
0 19 00000000000100000010100000000
0.4416 24 00000000000100001001000010000
0.4416 16 00000000000100001001000010000
0 14 00000000000100000010100000000
0.3888 2 10000000000100010011000010000
0.4416 25 00000000000100001001000010000
0 12 00000000000100000010100000000
0 9 00000000000100000000100000000
0 17 00000000000100000010100000000
0.4416 9 00110000000100000001000010000
0 16 00000000000100000000100000000
0 14 00000000000100000010100000000
0 17 00000000000100000010100000000
0 15 00000000000100000000100000000
0 15 00000000000100000000100000000
0 1 00000000010100000000100000000
0 16 00000000000100000010100000000
0 15 00000000000100000010100000000
0.248 1 10000000000100000111000010000
0 19 00000000000100000000100000000
0.4416 27 00000000000100001001000010000
0 13 00000000000100000000100000000
0 9 00000000000100000010100000000
0 1 00000000000100000010100000000
0.4416 23 00000000000100001001000010000
0 15 00000000000100000000100000000
0 15 00000000000100000010100000000
0.5632 21 00000000001000001000000000010
0 17 00000000000100000000100000000
0.2144 2 00000000000100000111000001000
0.4416 24 00000000000100001001000010000
0.3888 10 10000000000100010011000010000
0.4416 12 00000000000100001001000010000
0.2144 13 00000000000100000111000001000
0 15 00000000000100000000100000000
0.4416 20 00000000000100001001000010000
0 14 00000000000100000010100000000
0 14 00000000000100000000100000000
0 18 00000000000100000000100000000
0 21 00000000000100000010100000000
0 13 00000000000100000000100000000
0.3888 1 10000000000100010011000010000
0 15 00000000000100000010100000000
0 10 00000000000100000010100000000
0.4416 26 00000000000100001001000010000
0.5632 17 00000000001000001000000000010
0 14 00000000000100000010100000000
0 17 00000000000100000010100000000
0.4416 20 00000000000100001001000010000
0.4416 26 00000000000100001001000010000
0 3 00000000000100000010100000000
0.4336 3 00000001010100000001000001000
0.4416 23 00000000000100001001000010000
0.4416 20 00110000000100000001000010000
0.3888 16 10000000000100010011000010000
0.4416 13 00000000000100001001000010000
0.4416 26 00000000000100001001000010000
0 18 00000000000100000000100000000
0 16 00000000000100000000100000000
0 15 00000000000100000010100000000
0.4416 26 00000000000100001001000010000
0.248 1 10000000000100000111000010000
0 18 00000000000100000010100000000
0 18 00000000000100000010100000000
0 17 00000000000100000000100000000
0.2144 1 00000000000100000111000001000
0 14 00000000000100000010100000000
0 1 00000000000100000000100000000
0.376 2 10000000100100000011000010000
0.4416 24 00000000000100001001000010000
0 19 00000000000100000010100000000
0 6 00000000000100000010100000000
0 11 00000000000100000000100000000
0 16 00000000000100000010100000000
0.5632 20 00000000001000001000000000010
0 23 00000000000100000010100000000
0 20 00000000000100000010100000000
0.4336 7 00000001010100000001000001000
