0.4416 14 00000000000100001001000010000
0.2144 18 00000000000100000111000001000
0 13 00000000000100000000100000000
0 13 00000000000100000010100000000
0 12 00000000000100000000100000000
0.0576 1 10000000100100000010100000000
0.4416 23 00100100000100000001000010000
0 16 00000000000100000010100000000
0.248 1 10000000000100000111000010000
0.4416 22 00000000000100001001000010000
0 16 00000000000100000000100000000
0 18 00000000000100000000100000000
0 18 00000000000100000000100000000
0 16 00000000000100000000100000000
0 18 00000000000100000010100000000
0 17 00000000000100000010100000000
0 15 00000000000100000000100000000
0 14 00000000000100000010100000000
0.4416 18 00000000000100001001000010000
0.4416 28 00000000000100001001000010000
0.3888 4 10000000000100010011000010000
0 2 00000000000100000000100000000
0.248 2 10000000000100000111000010000
0.3888 1 10000000000100010011000010000
0 12 00000000000100000000100000000
0.4416 27 00000000000100001001000010000
0.3888 2 10000000000100010011000010000
0.4416 26 00000000000100001001000010000
0 17 00000000000100000000100000000
0.0128 2 10000000000100000110100000000
0.4416 20 00000000000100001001000010000
0.4416 19 00000000000100001001000010000
0 13 00000000000100000000100000000
0 17 00000000000100000000100000000
0 4 00000000000100000000100000000
0 18 00000000000100000010100000000
0 13 00000000000100000000100000000
0.4416 23 00000000000100001001000010000
0 12 00000000000100000000100000000
0 18 00000000000100000000100000000
0.4416 21 00000000000100001001000010000
0.3888 4 10000000000100010011000010000
0.3888 7 10000000000100010011000010000
0.4416 21 00000000000100001001000010000
0.4416 4 00000000000100001001000010000
0 12 00000000000100000000100000000
0 13 00000000000100000010100000000
0 20 00000000000100000000100000000
0 14 00000000000100000000100000000
0.4416 16 00000000000100001001000010000
0.4416 23 00000000000100001001000010000
0 19 00000000000100000010100000000
0.4416 15 00000000000100001001000010000
0.2144 2 00000000000100000111000001000
0.4336 4 00000001010100000001000001000
0 16 00000000000100000000100000000
0 2 00000000000100000000100000000
0 17 00000000000100000000100000000
0.4336 3 00000001010100000001000001000
0.4416 23 00000000000100001001000010000
0 11 00000000000100000010100000000
0.4416 21 00000000000100001001000010000
0.3888 1 10000000000100010011000010000
0 15 00000000000100000010100000000
0.4416 15 00000000000100001001000010000
0 19 00000000000100000010100000000
0.4416 22 00000000000100001001000010000
0.3888 1 10000000000100010011000010000
0 20 00000000000100000010100000000
0.4416 19 00000000000100001001000010000
0 21 00000000000100000000100000000
0 19 00000000000100000010100000000
0 17 00000000000100000010100000000
0.4336 1 00000001010100000001000001000
0.4416 16 00000000000100001001000010000
0 15 00000000000100000010100000000
0 16 00000000000100000010100000000
0 15 00000000000100000000100000000
0 16 00000000000100000000100000000
0.4336 2 00000001010100000001000001000
0.4336 20 00000001010100000001000001000
0 21 00000000000100000000100000000
0 17 00000000000100000010100000000
0 17 00000000000100000000100000000
0.4416 25 00000000000100001001000010000
0 1 10000000000100000010100000000
0 16 00000000000100000000100000000
0.4416 18 00000000000100001001000010000
0 16 00000000000100000000100000000
0 8 00000000000100000000100000000
0 18 00000000000100000000100000000
0 18 00000000000100000010100000000
0 2 00000000000100000000100000000
0 18 00000000000100000000100000000
0.2144 2 00000000000100000111000001000
0 18 00000000000100000010100000000
0 17 00000000000100000000100000000
0 16 00000000000100000010100000000
0.3888 14 10000000000100010011000010000
0.2912 1 00000000100100000011000001000
