0 14 01000000000000000000100000000
0 15 00001000000000000000100000000
0 15 01000000000000000010100000000
0 21 00001000000000000000100000000
0 10 00001000000000000010100000000
0 16 01000000000000000010100000000
0 13 01000000000000000000100000000
0 19 00001000000000000000100000000
0 14 01000000000000000010100000000
0 15 01000000000000000010100000000
0 12 00001000000000000000100000000
0 17 01000000000000000010100000000
0 12 00001000000000000010100000000
0 13 01000000000000000010100000000
0 23 01000000000000000010100000000
0 9 00001000000000000000100000000
0 14 01000000000000000000100000000
0 15 01000000000000000000100000000
0 7 00001000000000000010100000000
1.696 1 00000000100000100010000100000
0 14 01000000000000000000100000000
0 17 01000000000000000010100000000
0 12 00001000000000000000100000000
0 21 00001000000000000010100000000
0 11 01000000000000000010100000000
0 13 00001000000000000000100000000
0 13 01000000000000000000100000000
0 14 01000000000000000000100000000
0 16 00001000000000000010100000000
0 20 00001000000000000010100000000
0 9 01000000000000000010100000000
0 12 01000000000000000000100000000
1.8784 8 00000001010000001010000010000
0 15 00001000000000000000100000000
0 16 01000000000000000010100000000
0 22 00001000000000000010100000000
0 11 00001000000000000010100000000
0 16 00001000000000000000100000000
0 18 01000000000000000010100000000
0 15 00001000000000000010100000000
0 16 00001000000000000010100000000
0 14 00001000000000000010100000000
0 22 00001000000000000010100000000
0 14 01000000000000000000100000000
0 16 00001000000000000010100000000
0 15 00001000000000000010100000000
0 13 01000000000000000000100000000
0 15 01000000000000000010100000000
0 18 01000000000000000010100000000
0 13 01000000000000000000100000000
0 9 00001000000000000010100000000
0 16 00001000000000000000100000000
0 12 00001000000000000010100000000
0 19 01000000000000000010100000000
0 13 00001000000000000010100000000
0 11 00001000000000000000100000000
0 12 01000000000000000010100000000
0 16 00001000000000000010100000000
0 13 00001000000000000010100000000
1.84 24 00000000110000000110010000000
0 18 01000000000000000010100000000
0 13 01000000000000000000100000000
0 12 01000000000000000010100000000
0 13 01000000000000000010100000000
0 14 00001000000000000010100000000
0 8 01000000000000000000100000000
1.84 27 00000000110000000110010000000
0 13 00001000000000000000100000000
0 14 01000000000000000000100000000
0 15 00001000000000000000100000000
0 9 00001000000000000010100000000
0 12 00001000000000000000100000000
1.84 19 00000000110000000110010000000
0 17 00001000000000000000100000000
0 16 00001000000000000000100000000
0 11 01000000000000000000100000000
0 14 01000000000000000010100000000
0 14 01000000000000000000100000000
0 15 01000000000000000010100000000
0 17 00001000000000000010100000000
0 18 01000000000000000010100000000
0 12 00001000000000000010100000000
0 14 00001000000000000010100000000
1.8784 11 00000001010000001010001000000
0 14 01000000000000000000100000000
0 17 01000000000000000010100000000
0 14 00001000000000000010100000000
0 10 01000000000000000000100000000
0 13 01000000000000000010100000000
0 17 01000000000000000000100000000
0 10 00001000000000000000100000000
0 20 01000000000000000000100000000
0 15 00001000000000000000100000000
1.8784 9 00000001010000001010001000000
1.84 25 00000000110000000110010000000
0 13 01000000000000000000100000000
0 9 01000000000000000000100000000
0 12 01000000000000000010100000000
0 18 01000000000000000000100000000
0 17 01000000000000000000100000000
