0.289062 18 10000000000000100101001000000
0.324219 7 00000000010000000010000100000
0.289062 27 10000000000000100101001000000
0.324219 4 00000000001000000011100000000
0.289062 20 10000000000000100101001000000
0.324219 11 00000000001000000010000100000
0.324219 6 00000000001000000011000100000
0.324219 8 00000000010000000010000001000
0.324219 4 00000001000000000010000100000
0.324219 5 00000000010000000010000000001
0.289062 21 10000000000000100101001000000
0.289062 22 10000000000000100101001000000
0.289062 22 10000000000000100101001000000
0.289062 20 10000000000000100101001000000
0.324219 6 00000000001000000001000001000
0.289062 20 11001000000000101001001000000
0.289062 24 10000000000000100101001000000
0.289062 18 11001000000000110001001000000
0.289062 21 11001000000000110001001000000
0.324219 6 00000000010000000001000100000
0.289062 23 10000000000000100101001000000
0.289062 26 10000000000000100101001000000
0.324219 7 00000001000000000011000000001
0.289062 22 10000000000000100101001000000
0.324219 6 00000000001000000000000100000
0.324219 7 00000000010000000011100000000
0.289062 15 11101100000000100001001000000
0.324219 6 00000000001000000001100000000
0.289062 26 10000000000000100101001000000
0.324219 6 00000000001000000010000100000
0.324219 4 00000001000000000010000000001
0.324219 9 00000000001000000011100000000
0.324219 7 00000000001000000010000001000
0.289062 1 10000000000000100101001000000
0.324219 5 00000001000000000010000100000
0.324219 7 00000000001000000011000100000
0.289062 21 10000000000000100101001000000
0.289062 26 11001000000000101001001000000
0.289062 7 11001110000000100001001000000
0.289062 19 10000000000000100101001000000
0.289062 25 10000000000000100101001000000
0.324219 6 00000000001000000010000100000
0.289062 23 10000000000000100101001000000
0.324219 5 00000000001000000000000100000
0.289062 21 10000000000000100101001000000
0.324219 5 00000000010000000001000001000
0.289062 30 10000000000000100101001000000
0.324219 8 00000000001000000000000000001
0.324219 5 00000000001000000001000000001
0.289062 21 10000000000000100101001000000
0.324219 10 00000000000100000000000100000
0.298828 24 10000000100000000001001000000
0.289062 26 10000000000000100101001000000
0.324219 6 00000000001000000010000100000
0.289062 17 10000000000000100101001000000
0.324219 5 00000001000000000000000001000
0.324219 5 00000000010000000001000000001
0.324219 6 00000000010000000001000100000
0.324219 7 00000000001000000010100000000
0.324219 6 00000000010000000011000100000
0.324219 8 00000000010000000001000100000
0.324219 5 00000001000000000000000100000
0.289062 20 10000000000000100101001000000
0.289062 12 11101100000000100001001000000
0.289062 23 10000000000000100101001000000
0.324219 9 00000000000100000000000100000
0.289062 20 10000000000000100101001000000
0.324219 7 00000001000000000001000100000
0.324219 9 00000001000000000010000100000
0.289062 21 10000000000000100101001000000
0.289062 20 10000000000000100101001000000
0.324219 7 00000001000000000011000001000
0.289062 8 10000000000000100101001000000
0.324219 8 00000001000000000011000000001
0.289062 24 10000000000000100101001000000
0.298828 22 10000000100000000001001000000
0.289062 24 11001000000000101001001000000
0.324219 7 00000000001000000011000100000
0.289062 14 11001000000000110001001000000
0.324219 7 00000000001000000010000001000
0.324219 6 00000001000000000000100000000
0.289062 17 10000000000000100101001000000
0.324219 10 00000000001000000000000000001
0.324219 4 00000000100000000010000000010
0.289062 22 10000000000000100101001000000
0.289062 21 10000000000000100101001000000
0.324219 7 00000000001000000000000100000
0.289062 21 11001000000000110001001000000
0.324219 5 00000001000000000001000000001
0.324219 6 00000000001000000011000100000
0.289062 22 10000000000000100101001000000
0.289062 27 10000000000000100101001000000
0.289062 21 10000000000000100101001000000
0.289062 18 10000000000000100101001000000
0.324219 7 00000001000000000011000000001
0.324219 10 00000000001000000010000100000
0.324219 6 00000000010000000011000000001
0.324219 8 00000001000000000011000100000
0.324219 5 00000001000000000011000000001
0.289062 22 10000000000000100101001000000
