0.089156 13 00000000000000000100000001000
0.089156 7 00000000100000000000000001000
0.089156 9 00000000100000000001000001000
0.089156 11 00000000100000000001000001000
0.089156 12 00000000100000000000000001000
0.089156 11 00000000000000000100000001000
0.089156 8 00000000000000000101000001000
0.089156 16 00000000100000000001000001000
0.089156 8 00000000100000000001000001000
0.089156 9 00000000000000000100000001000
0.089156 11 00000000000000000110000001000
0.089156 16 00000000000000000100000001000
0.089156 8 00000000100000000010000001000
0.089156 12 00000000000000000101000001000
0.089156 12 00000000100000000000000001000
0.089156 8 00000000100000000001000001000
0.089156 12 00000000000000000101000001000
0.089156 10 00000000000000000100000001000
0.089156 12 00000000000000000110000001000
0.0175307 19 10000000000000000001000010000
0.089156 9 00000000000000000111000001000
0.089156 15 00000000000000000100000001000
0.089156 8 00000000100000000011000001000
0.089156 10 00000000000000000100000001000
0.0175307 14 10000000000000000001000010000
0.0175307 16 10000000000000000001000010000
0.089156 13 00000000100000000000000001000
0.089156 11 00000000000000000100000001000
0.0175307 2 10000000000000000001000010000
0.089156 8 00000000100000000001000001000
0.089156 14 00000000100000000000000001000
0.089156 10 00000000000000000100000001000
0.089156 8 00000000000000000110000001000
0.0175307 21 10000000000000000011000010000
0.089156 10 00000000000000000111000001000
0.089156 7 00000000100000000000000001000
0.089156 7 00000000100000000001000001000
0.089156 15 00000000000000000100000001000
0.089156 7 00000000100000000010000001000
0.089156 9 00000000000000000100000001000
0.089156 7 00000000000000000101000001000
0.089156 12 00000000000000000101000001000
0.089156 13 00000000000000000100000001000
0.089156 10 00000000000000000100000001000
0.089156 10 00000000000000000100000001000
0.089156 10 00000000000000000100000001000
0.089156 17 00000000000000000100000001000
0.0175307 15 10000000000000000011000010000
0.089156 13 00000000100000000000000001000
0.089156 16 00000000100000000000000001000
0.089156 12 00000000000000000100000001000
0.089156 12 00000000100000000001000001000
0.089156 9 00000000000000000100000001000
0.089156 15 00000000100000000000000001000
0.089156 11 00000000000000000101000001000
0.089156 12 00000000000000000101000001000
0.0175307 17 10000000000000000001000010000
0.089156 15 00000000000000000100000001000
0.089156 13 00000000100000000010000001000
0.089156 12 00000000000000000101000001000
0.089156 6 00000000100000000001000001000
0.089156 14 00000000100000000001000001000
0.089156 11 00000000000000000101000001000
0.089156 6 00000000100000000010000001000
0.0175307 22 10000000000000000001000010000
0.089156 13 00000000000000000110000001000
0.089156 7 00000000100000000001000001000
0.089156 5 00000000100000000000000001000
0.0175307 16 10000000000000000001000010000
0.089156 10 00000000100000000001000001000
0.089156 9 00000000100000000010000001000
0.089156 7 00000000000000000101000001000
0.089156 12 00000000000000000100000001000
0.089156 10 00000000000000000100000001000
0.0175307 1 10000000000000000001000010000
0.089156 15 00000000100000000000000001000
0.089156 11 00000000000000000100000001000
0.089156 14 00000000100000000000000001000
0.0175307 4 10000000000000000001000010000
0.089156 11 00000000100000000000000001000
0.089156 11 00000000000000000100000001000
0.089156 12 00000000000000000100000001000
0.089156 13 00000000000000000100000001000
0.089156 9 00000000100000000010000001000
0.089156 9 00000000100000000000000001000
0.089156 9 00000000100000000001000001000
0.089156 12 00000000000000000100000001000
0.089156 13 00000000000000000100000001000
0.089156 8 00000000000000000101000001000
0.089156 6 00000000000000000100000001000
0.0175307 18 10000000000000000001000010000
0.089156 9 00000000000000000101000001000
0.089156 9 00000000100000000001000001000
0.0175307 16 10000000000000000011000010000
0.089156 9 00000000100000000000000001000
0.089156 11 00000000100000000000000001000
0.089156 10 00000000100000000001000001000
0.089156 6 00000000000000000100000001000
0.089156 12 00000000100000000001000001000
0.0175307 23 10000000000000000001000010000
