0.132231 19 00001000100100011101000010000
0.132231 13 01000000100100011101000010000
0 15 00000000000100000010100000000
0.132231 15 01000000100100011101000010000
0.132231 17 00001000100100011101000010000
0.132231 21 00001000100100011101000010000
0.132231 12 01000000100100011101000010000
0.132231 16 01000000100100011101000010000
0.132231 19 00001000100100011101000010000
0.132231 17 00001000100100011101000010000
0.132231 14 01000000100100011101000010000
0.132231 11 01000000100100011101000010000
0.108941 18 00000000100100000011000001000
0.132231 22 01000000100100011101000010000
0.132231 4 00001000100100011101000010000
0.132231 18 00001000100100011101000010000
0.132231 10 00001000100100011101000010000
0.132231 9 01000000100100011101000010000
0.132231 19 01000000100100011101000010000
0.132231 12 00001000100100011101000010000
0.132231 15 00001000100100011101000010000
0 18 00000000000100000000100000000
0.132231 14 01000000100100011101000010000
0.132231 13 01000000100100011101000010000
0 15 00000000000100000010100000000
0.132231 11 00001000100100011101000010000
0.132231 14 01000000100100011101000010000
0.132231 17 00001000100100011101000010000
0.132231 16 01000000100100011101000010000
0.132231 12 00001000100100011101000010000
0.132231 11 01000000100100011101000010000
0.132231 12 01000000100100011101000010000
0.132231 11 01000000100100011101000010000
0.132231 14 00001000100100011101000010000
0.132231 16 01000000100100011101000010000
0.132231 12 00001000100100011101000010000
0.132231 13 01000000100100011101000010000
0 16 00000000000100000010100000000
0.132231 15 00001000100100011101000010000
0.132231 7 01000000100100011101000010000
0.132231 10 00001000100100011101000010000
0.132231 12 00001000100100011101000010000
0 16 00000000000100000010100000000
0.132231 14 01000000100100011101000010000
0.132231 15 00001000100100011101000010000
0.132231 15 00001000100100011101000010000
0.132231 14 01000000100100011101000010000
0.132231 17 01000000100100011101000010000
0.132231 14 01000000100100011101000010000
0.132231 14 01000000100100011101000010000
0 17 00000000000100000010100000000
0.132231 24 01000000100100011101000010000
0.132231 18 00001000100100011101000010000
0.132231 19 01000000100100011101000010000
0 19 00000000000100000000100000000
0.132231 15 01000000100100011101000010000
0.132231 17 00001000100100011101000010000
0.132231 10 01000000100100011101000010000
0.132231 19 01000000100100011101000010000
0.132231 15 00001000100100011101000010000
0.132231 15 01000000100100011101000010000
0.132231 23 00001000100100011101000010000
0 19 00000000000100000010100000000
0.132231 1 00001000100100011101000010000
0 16 00000000000100000010100000000
0.132231 19 01000000100100011101000010000
0.132231 16 00001000100100011101000010000
0.132231 17 01000000100100011101000010000
0.132231 13 01000000100100011101000010000
0.132231 10 01000000100100011101000010000
0 14 00000000000100000000100000000
0.132231 15 01000000100100011101000010000
0.132231 11 01000000100100011101000010000
0 14 00000000000100000000100000000
0.132231 20 01000000100100011101000010000
0.132231 11 00001000100100011101000010000
0 26 00000000000100000000100000000
0.132231 11 00001000100100011101000010000
0.132231 15 01000000100100011101000010000
0.132231 10 00001000100100011101000010000
0.132231 21 00001000100100011101000010000
0.132231 18 00001000100100011101000010000
0.132231 16 00001000100100011101000010000
0.132231 19 01000000100100011101000010000
0.132231 18 00001000100100011101000010000
0.132231 11 01000000100100011101000010000
0.132231 14 00001000100100011101000010000
0.132231 17 01000000100100011101000010000
0.132231 9 00001000100100011101000010000
0.132231 11 00001000100100011101000010000
0.132231 18 01000000100100011101000010000
0.132231 18 01000000100100011101000010000
0.132231 16 01000000100100011101000010000
0.132231 11 00001000100100011101000010000
0.132231 11 00001000100100011101000010000
0.132231 19 01000000100100011101000010000
0.132231 18 00001000100100011101000010000
0.132231 12 00001000100100011101000010000
0.132231 10 01000000100100011101000010000
0.132231 12 00001000100100011101000010000
