0.110677 11 01010000100000000101000010000
0.110677 12 00000100100000100001000001000
0.110677 6 00011000100000000101000010000
0.110677 1 00000010100000100001000001000
0.110677 11 00100000100000100001000001000
0.110677 17 01000100100000000101000010000
0.110677 8 00000100100000100001000001000
0.110677 7 01010000100000000101000010000
0.110677 9 00001010100000000101000010000
0.110677 12 00000010100000100001000001000
0.110677 7 00000000100000000111000001000
0.110677 7 01000100100000000101000010000
0.110677 13 00000100100000100001000001000
0.110677 10 00100000100000100001000001000
0.110677 12 00100000100000100001000001000
0.110677 7 01100000100000000101000010000
0.110677 8 00100000100000100001000001000
0.110677 13 00000000100000000111000001000
0.110677 13 00000010100000100001000001000
0.110677 9 01010000100000000101000010000
0.110677 7 00001010100000000101000010000
0.110677 10 01010000100000000101000010000
0.110677 12 00000000100000000111000001000
0.110677 8 01100000100000000101000010000
0.110677 14 00000100100000100001000001000
0.141927 12 00000000000011000000010000000
0.110677 10 00000000100000000111000001000
0.110677 11 00000100100000100001000001000
0.110677 10 01010000100000000101000010000
0.110677 10 00100000100000100001000001000
0.110677 11 00010000100000100001000001000
0.110677 9 00000010100000100001000001000
0.110677 9 01000100100000000101000010000
0.148438 14 00000000000000010000001000000
0.110677 9 01000010100000000101000010000
0.110677 6 01010000100000000101000010000
0.110677 9 00000010100000100001000001000
0.110677 8 00011000100000000101000010000
0.110677 12 00000010100000100001000001000
0.110677 12 00010000100000100001000001000
0.110677 13 00000000100000000111000001000
0.110677 11 00000000100000000111000001000
0.110677 10 00000000100000000111000001000
0.110677 8 01010000100000000101000010000
0.110677 11 01000010100000000101000010000
0.110677 11 00101000100000000101000010000
0.110677 14 00000000100000000111000001000
0.110677 13 01000100100000000101000010000
0.110677 12 00000000100000000111000001000
0.110677 9 00011000100000000101000010000
0.110677 6 00101000100000000101000010000
0.110677 16 00010000100000100001000001000
0.110677 15 00000000100000000111000001000
0.110677 8 00011000100000000101000010000
0.110677 12 00100000100000100001000001000
0.110677 6 00000000100000000111000001000
0.110677 11 01100000100000000101000010000
0.110677 13 00010000100000100001000001000
0.110677 5 00001010100000000101000010000
0.110677 7 00001010100000000101000010000
0.110677 21 00000000100000000111000001000
0.110677 14 00001010100000000101000010000
0.110677 9 00000010100000100001000001000
0.148438 12 00000000000000010010001000000
0.110677 11 00100000100000100001000001000
0.110677 5 00101000100000000101000010000
0.110677 11 01000010100000000101000010000
0.110677 10 01000010100000000101000010000
0.110677 13 00101000100000000101000010000
0.110677 13 01000100100000000101000010000
0.110677 8 00101000100000000101000010000
0.110677 4 00000000100000000111000001000
0.110677 10 00011000100000000101000010000
0.110677 9 00001100100000000101000010000
0.110677 7 00000010100000100001000001000
0.110677 18 00000000100000000111000001000
0.141927 17 00000000000011000000010000000
0.110677 12 00000000100000000111000001000
0.141927 3 00000000000011000000010000000
0.110677 3 00000010100000100001000001000
0.110677 8 00100000100000100001000001000
0.110677 8 00101000100000000101000010000
0.145182 13 00000011010001000000000000100
0.110677 12 00001100100000000101000010000
0.110677 11 00001100100000000101000010000
0.110677 11 00001100100000000101000010000
0.145182 13 00000011010001000000010000000
0.110677 17 00000000100000000111000001000
0.110677 9 01000100100000000101000010000
0.110677 10 00001100100000000101000010000
0.110677 10 00001100100000000101000010000
0.110677 3 00000000100000000111000001000
0.110677 7 00101000100000000101000010000
0.110677 11 01100000100000000101000010000
0.110677 10 01100000100000000101000010000
0.110677 10 00000100100000100001000001000
0.110677 17 00000000100000000111000001000
0.110677 7 00100000100000100001000001000
0.110677 9 00100000100000100001000001000
0.110677 16 00001100100000000101000010000
