0 18 00000000000100000010100000000
0 20 00000000000100000010100000000
0 17 00000000000100000000100000000
0.1104 21 00000000000100001001000010000
0.0536 3 00000000000100000111000001000
0.1104 10 00000000000100001001000010000
0.1104 24 00000000000100001001000010000
0.1104 23 00000000000100001001000010000
0 15 00000000000100000000100000000
0.1104 18 00000000000100001001000010000
0.0032 1 10000000000100000110100000000
0 5 00000000000100000000100000000
0 21 00000000000100000010100000000
0 19 00000000000100000000100000000
0 13 00000000000100000010100000000
0 5 00000000000100000000100000000
0.1104 24 00000000000100001001000010000
0 1 00000001010100000000100000000
0.1084 5 00000001010100000001000001000
0 16 00000000000100000010100000000
0 15 00000000000100000000100000000
0.0972 4 10000000000100010011000010000
0 14 00000000000100000000100000000
0 8 00000000000100000010100000000
0.1104 21 00000000000100001001000010000
0 13 00000000000100000000100000000
0 19 00000000000100000010100000000
0.0972 6 10000000000100010011000010000
0 5 00000000000100000010100000000
0.1104 15 00000000000100001001000010000
0 2 00000000000100000000100000000
0 20 00000000000100000010100000000
0.1104 29 00000000000100001001000010000
0 16 00000000000100000010100000000
0.0144 2 10000000000100010010100000000
0 2 00000000000100000010100000000
0 16 00000000000100000000100000000
0 17 00000000000100000010100000000
0 12 00000000000100000000100000000
0 16 00000000000100000010100000000
0 15 00000000000100000010100000000
0.1084 17 00000001010100000001000001000
0 19 00000000000100000010100000000
0.1408 11 00000000001000001000000000010
0.1104 24 00000000000100001001000010000
0 13 00000000000100000010100000000
0 1 00000000000100000010100000000
0 15 00000000000100000010100000000
0.0972 5 10000000000100010011000010000
0 21 00000000000100000010100000000
0.1104 25 00000000000100001001000010000
0.1104 24 00000000000100001001000010000
0 16 00000000000100000000100000000
0 9 00000000000100000000100000000
0.1104 19 00000000000100001001000010000
0.062 1 10000000000100000111000010000
0 17 00000000000100000010100000000
0 15 00000000000100000010100000000
0.1104 18 00000000000100001001000010000
0.1104 28 00000000000100001001000010000
0.1104 18 00000000000100001001000010000
0.1104 13 00000000000100001001000010000
0 16 00000000000100000010100000000
0 15 00000000000100000010100000000
0 18 00000000000100000000100000000
0.1104 19 00000000000100001001000010000
0 21 00000000000100000010100000000
0 1 00000001010100000000100000000
0 12 00000000000100000010100000000
0.1104 1 00000000000100010001000010000
0 16 00000000000100000010100000000
0.1084 4 00000001010100000001000001000
0.062 3 10000000000100000111000010000
0 16 00000000000100000010100000000
0 17 00000000000100000010100000000
0.1408 15 00000000001000001000000000100
0.1104 13 00000000000100001001000010000
0 15 00000000000100000000100000000
0 12 00000000000100000010100000000
0 1 10000000000100000010100000000
0.1104 20 00000000000100001001000010000
0.1104 26 00000000000100001001000010000
0 15 00000000000100000010100000000
0.1408 16 00000000001000001000000000010
0.062 2 10000000000100000111000010000
0 18 00000000000100000000100000000
0 15 00000000000100000010100000000
0.1104 22 00000000000100001001000010000
0.1084 7 00000001010100000001000001000
0.1104 13 00000000000100001001000010000
0.1104 23 00000000000100001001000010000
0 15 00000000000100000000100000000
0 16 00000000000100000010100000000
0 21 00000000000100000010100000000
0.1104 14 00000110000100000001000010000
0.1084 8 00000001010100000001000001000
0.1084 19 00000001010100000001000001000
0.1104 16 00000000000100001001000010000
0 20 00000000000100000010100000000
0 10 00000000000100000010100000000
