0.0911458 26 00000001010000010011000010000
0.0390625 25 00000000100000000111000001000
0.104818 16 00000000101000000000000010000
0.0390625 25 00000000100000000111000001000
0.104818 11 00000000101000000000000010000
0.0390625 24 00000000100000000111000001000
0.104818 16 00000000101000000000000100000
0.102865 25 00000000010010000011000010000
0.0585938 20 00000001000000100101000010000
0.104818 11 00000000101000000000000010000
0.0585938 22 00000001000000100101000010000
0.0390625 23 00000000100000000111000001000
0.104818 17 00000000101000000000000010000
0.0911458 20 00000001010000010011000010000
0.0911458 24 00000001010000010011000010000
0.104818 13 00000000101000000000010000000
0.0911458 17 00000001010000010011000010000
0.0585938 23 00000001000000100101000010000
0.102865 22 00000000010010000011000010000
0.0559896 11 00000001010000000001000000100
0.0390625 22 00000000100000000111000001000
0.104818 19 00000000101000000000010000000
0.104818 15 00000000101000000000000010000
0.105469 16 00000000000000011000010000000
0.0390625 22 00000000100000000111000001000
0.0390625 19 00000000100000000111000001000
0.0390625 18 00000000100000000111000001000
0.0390625 21 00000000100000000111000001000
0.0585938 22 00000001000000100101000010000
0.102865 17 00000000010010000011000010000
0.0390625 21 00000000100000000111000001000
0.104818 13 00000000101000000000000010000
0.0390625 12 00000000100000000111000001000
0.0911458 22 00000001010000010011000010000
0.0585938 17 00000001000000100101000010000
0.104818 15 00000000101000000000010000000
0.0911458 21 00000001010000010011000010000
0.102865 25 00000000010010000011000010000
0.104818 19 00000000101000000000000010000
0.0911458 23 00000001010000010011000010000
0.0585938 19 00000001000000100101000010000
0.0390625 23 00000000100000000111000001000
0.0585938 15 00000001000000100101000010000
0.0911458 25 00000001010000010011000010000
0.0390625 19 00000000100000000111000001000
0.0390625 16 00000000100000000111000001000
0.0585938 18 00000001000000100101000010000
0.0390625 21 00000000100000000111000001000
0.104818 16 00000000101000000000000010000
0.0390625 15 00000000100000000111000001000
0.0390625 27 00000000100000000111000001000
0.104818 21 00000000101000000000000010000
0.0585938 20 00000001000000100101000010000
0.104818 15 00000000101000000000010000000
0.0390625 20 00000000100000000111000001000
0.0390625 23 00000000100000000111000001000
0.104818 15 00000000101000000000010000000
0.0390625 21 00000000100000000111000001000
0.0390625 21 00000000100000000111000001000
0.104818 16 00000000101000000000000100000
0.0390625 15 00000000100000000111000001000
0.104818 15 00000000101000000000010000000
0.0390625 11 00000000100000000111000001000
0.0390625 3 00000000100000000111000001000
0.0585938 19 00000001000000100101000010000
0.0390625 20 00000000100000000111000001000
0.0559896 12 00000001010000000001000000010
0.104818 14 00000000101000000000000100000
0.0911458 25 00000001010000010011000010000
0.104818 14 00000000101000000000010000000
0.0559896 12 00000001010000000001000000100
0.0390625 20 00000000100000000111000001000
0.0390625 24 00000000100000000111000001000
0.104818 12 00000000101000000000010000000
0.0390625 18 00000000100000000111000001000
0.104818 10 00000000101000000000000100000
0.104818 11 00000000101000000000000010000
0.0390625 26 00000000100000000111000001000
0.0390625 23 00000000100000000111000001000
0.104818 12 00000000101000000000010000000
0.0390625 20 00000000100000000111000001000
0.104818 15 00000000101000000000010000000
0.0390625 23 00000000100000000111000001000
0.104818 17 00000000101000000000000100000
0.0390625 16 00000000100000000111000001000
0.104818 14 00000000101000000000000010000
0.0390625 27 00000000100000000111000001000
0.104818 16 00000000101000000000000010000
0.0585938 20 00000001000000100101000010000
0.0390625 20 00000000100000000111000001000
0.0390625 27 00000000100000000111000001000
0.0390625 28 00000000100000000111000001000
0.0911458 25 00000001010000010011000010000
0.0390625 16 00000000100000000111000001000
0.0911458 22 00000001010000010011000010000
0.0585938 19 00000001000000100101000010000
0.0390625 23 00000000100000000111000001000
0.104818 14 00000000101000000000000100000
0.0911458 20 00000001010000010011000010000
0.104818 12 00000000101000000000000010000
