0.0864 8 00110000000000100000000001000
0.0864 8 00110000000000100000000001000
0 13 01000000000000000010100000000
0 18 01000000000000000010100000000
0 18 01000000000000000000100000000
0 10 00001000000000000010100000000
0 15 00001000000000000000100000000
0 14 01000000000000000010100000000
0.0864 9 00000000000011100000000001000
0.0864 9 00110000000000100000000001000
0.0864 13 00010000000010100000000001000
0.0864 7 00100000000001100000000001000
0 17 00001000000000000010100000000
0 15 01000000000000000010100000000
0.0864 10 00010000000010100000000001000
0.0864 18 00100000000001100000000001000
0.0864 14 00110000000000100000000001000
0.0864 6 00010000000010100000000001000
0.0864 9 00110000000000100000000001000
0 14 00001000000000000010100000000
0 19 00001000000000000010100000000
0.0864 15 00000000000011100000000001000
0.0864 15 00000000000011100000000001000
0 19 00001000000000000010100000000
0 21 00001000000000000010100000000
0.0864 16 00000000000011100000000001000
0.0864 8 00100000000001100000000001000
0 18 01000000000000000010100000000
0 7 01000000000000000010100000000
0 13 00001000000000000000100000000
0.00736 16 00001000000000100001000001000
0.0864 8 00000000000011100000000001000
0 8 01000000000000000010100000000
0.00736 6 01000000000000100001000001000
0 18 00001000000000000010100000000
0.00736 5 00001000000000100001000001000
0 9 01000000000000000010100000000
0.0864 8 00100000000001100000000001000
0 16 00001000000000000010100000000
0.00736 2 01000000000000100001000001000
0.00736 7 00001000000000100001000001000
0 1 01000000000000000000100000000
0.0864 9 00110000000000100000000001000
0.00736 14 01000000000000100001000001000
0 9 01000000000000000000100000000
0.00736 8 00001000000000100001000001000
0.00736 11 00001000000000100001000001000
0 19 01000000000000000000100000000
0.00736 9 00001000000000100001000001000
0.0864 13 00100000000001100000000001000
0.0864 9 00110000000000100000000001000
0 12 00001000000000000010100000000
0.00736 1 01000000000000100001000001000
0.0864 14 00000000000011100000000001000
0 11 00001000000000000010100000000
0 1 01000000000000100010100000000
0.00736 15 01000000000000100001000001000
0 15 00001000000000000010100000000
0.0864 11 00110000000000100000000001000
0 17 01000000000000000010100000000
0.00736 17 00001000000000100001000001000
0 20 01000000000000000000100000000
0.0864 7 00110000000000100000000001000
0 22 01000000000000000010100000000
0 15 00001000000000000010100000000
0 17 01000000000000000010100000000
0 9 01000000000000000000100000000
0.00736 20 00001000000000100001000001000
0 11 00001000000000000010100000000
0 1 01000000000000000000100000000
0 13 00001000000000000010100000000
0.00736 17 01000000000000100001000001000
0.07072 1 00000000000000100001000001000
0 16 00001000000000000010100000000
0.0864 8 00100000000001100000000001000
0.00736 2 01000000000000100001000001000
0 11 00001000000000000010100000000
0 15 00001000000000000000100000000
0.0864 9 00100000000001100000000001000
0.0864 13 00110000000000100000000001000
0.00736 1 00001000000000100001000001000
0 19 01000000000000000010100000000
0.0864 9 00100000000001100000000001000
0.0864 15 00010000000010100000000001000
0.00736 14 00001000000000100001000001000
0.0864 11 00000000000011100000000001000
0 20 00001000000000000010100000000
0.0864 7 00110000000000100000000001000
0 17 01000000000000000010100000000
0.0864 16 00100000000001100000000001000
0.0864 8 00010000000010100000000001000
0.0864 10 00110000000000100000000001000
0.0864 18 00000000000011100000000001000
0 16 00001000000000000010100000000
0 18 01000000000000000010100000000
0.00736 17 00001000000000100001000001000
0 19 01000000000000000010100000000
0 2 01000000000000100010100000000
0 20 01000000000000000010100000000
0.0864 15 00110000000000100000000001000
