0.02 21 00000000000010000010100000000
0.02 17 00000000000010000000100000000
0.02 16 00000000000010000000100000000
0.02 14 00000000000010000010100000000
0.02 17 00000000000010000010100000000
0.02 19 00000000000010000010100000000
0.02 18 00000000000010000010100000000
0.02 18 00000000000010000000100000000
0.02 15 00000000000010000010100000000
0.02 17 00000000000010000010100000000
0.052 18 00100010000000000001000001000
0.02 14 00000000000010000010100000000
0.02 15 00000000000010000010100000000
0.02 19 00000000000010000000100000000
0.02 17 00000000000010000000100000000
0.02 18 00000000000010000010100000000
0.02 19 00000000000010000010100000000
0.02 19 00000000000010000010100000000
0.02 18 00000000000010000010100000000
0.02 15 00000000000010000010100000000
0.02 17 00000000000010000010100000000
0.02 16 00000000000010000010100000000
0.02 12 00000000000010000010100000000
0.02 18 00000000000010000000100000000
0.02 17 00000000000010000010100000000
0.02 23 00000000000010000010100000000
0.02 18 00000000000010000010100000000
0.02 23 00000000000010000000100000000
0.02 14 00000000000010000000100000000
0.02 14 00000000000010000000100000000
0.02 17 00000000000010000000100000000
0.02 13 00000000000010000010100000000
0.02 21 00000000000010000000100000000
0.02 14 00000000000010000010100000000
0.02 15 00000000000010000000100000000
0.02 19 00000000000010000010100000000
0.02 18 00000000000010000010100000000
0.02 10 00000000000010000000100000000
0.02 12 00000000000010000000100000000
0.02 18 00000000000010000000100000000
0.02 14 00000000000010000010100000000
0.02 15 00000000000010000010100000000
0.02 16 00000000000010000000100000000
0.02 18 00000000000010000010100000000
0.02 12 00000000000010000000100000000
0.02 18 00000000000010000010100000000
0.02 21 00000000000010000010100000000
0.02 11 00000000000010000000100000000
0.02 15 00000000000010000000100000000
0.02 16 00000000000010000010100000000
0.052 19 00100010000000000001000001000
0.02 13 00000000000010000010100000000
0.02 23 00000000000010000010100000000
0.02 13 00000000000010000010100000000
0.02 20 00000000000010000010100000000
0.02 16 00000000000010000010100000000
0.02 16 00000000000010000010100000000
0.02 20 00000000000010000010100000000
0.02 16 00000000000010000010100000000
0.02 11 00000000000010000000100000000
0.02 13 00000000000010000010100000000
0.02 14 00000000000010000010100000000
0.02 16 00000000000010000000100000000
0.02 11 00000000000010000000100000000
0.02 19 00000000000010000010100000000
0.02 17 00000000000010000000100000000
0.052 21 00100010000000000001000001000
0.02 14 00000000000010000000100000000
0.02 18 00000000000010000010100000000
0.02 15 00000000000010000000100000000
0.02 16 00000000000010000010100000000
0.02 20 00000000000010000000100000000
0.02 18 00000000000010000010100000000
0.02 20 00000000000010000000100000000
0.02 13 00000000000010000000100000000
0.02 12 00000000000010000000100000000
0.02 19 00000000000010000010100000000
0.02 14 00000000000010000000100000000
0.02 13 00000000000010000010100000000
0.02 17 00000000000010000000100000000
0.02 16 00000000000010000010100000000
0.02 17 00000000000010000000100000000
0.02 18 00000000000010000010100000000
0.02 15 00000000000010000010100000000
0.02 16 00000000000010000000100000000
0.02 17 00000000000010000010100000000
0.02 12 00000000000010000010100000000
0.02 12 00000000000010000000100000000
0.02 20 00000000000010000000100000000
0.02 23 00000000000010000010100000000
0.02 13 00000000000010000010100000000
0.02 15 00000000000010000010100000000
0.02 14 00000000000010000010100000000
0.02 19 00000000000010000000100000000
0.02 14 00000000000010000010100000000
0.02 20 00000000000010000000100000000
0.02 16 00000000000010000000100000000
0.02 18 00000000000010000000100000000
0.02 18 00000000000010000000100000000
0.02 18 00000000000010000010100000000
