0.316406 14 11000000000000000001000010000
0.316406 12 10001000000000000001000010000
0.464844 21 00000000000000001110000001000
0.464844 11 00000000010000101000000000010
0.464844 18 00000000000000001110000001000
0.464844 12 00000000000000001110000001000
0.464844 12 00000000000000001110000001000
0.316406 15 11000000000000000001000010000
0.464844 14 00000000000000001111000001000
0.464844 11 00000001000000101000000000100
0.464844 18 00000000000000001110000001000
0.464844 11 00000000000000001110000001000
0.464844 17 00000000000000001111000001000
0.464844 11 00000000000000001110000001000
0.464844 19 00000000000000001110000001000
0.464844 17 00000000000000001110000001000
0.464844 15 00000000001000101000000000100
0.464844 15 00000000000000001110000001000
0.464844 19 00000000000000001110000001000
0.464844 16 00000000000000001110000001000
0.464844 14 00000000000000001110000001000
0.464844 15 00000000000000001110000001000
0.464844 21 00000000000000001111000001000
0.464844 15 00000000000000001110000001000
0.316406 17 10001000000000000001000010000
0.464844 15 00000000000000001110000001000
0.464844 12 00000001000000101000000000010
0.464844 12 00000000000000001111000001000
0.316406 15 10001000000000000001000010000
0.464844 17 00000000000000001110000001000
0.464844 10 00000000010000101000000000100
0.464844 17 00000000000000001110000001000
0.464844 19 00000000000000001110000001000
0.316406 12 11000000000000000001000010000
0.316406 14 11000000000000000001000010000
0.464844 18 00000000000000001111000001000
0.464844 22 00000000000000001111000001000
0.464844 11 00000000000000001110000001000
0.464844 8 00000001000000101000000000100
0.464844 17 00000000000000001111000001000
0.464844 20 00000000000000001110000001000
0.464844 17 00000000000000001111000001000
0.464844 13 00000000001000101000000000100
0.464844 15 00000000000000001110000001000
0.316406 19 10001000000000000001000010000
0.464844 18 00000000000000001111000001000
0.464844 23 00000000000000001110000001000
0.316406 17 10001000000000000001000010000
0.464844 6 00000000001000101000000000010
0.464844 14 00000000000000001110000001000
0.464844 14 00000000000000001111000001000
0.464844 11 00000000010000101000000000010
0.464844 13 00000000000000001110000001000
0.316406 16 11000000000000000001000010000
0.464844 12 00000000000000001110000001000
0.316406 22 11000000000000000001000010000
0.464844 17 00000000000000001110000001000
0.464844 11 00000000000000001111000001000
0.464844 18 00000000000000001111000001000
0.464844 12 00000000000000001110000001000
0.464844 18 00000000000000001110000001000
0.464844 12 00000000000000001110000001000
0.464844 20 00000000000000001110000001000
0.464844 17 00000000000000001110000001000
0.464844 20 00000000000000001110000001000
0.464844 14 00000000000000001111000001000
0.464844 8 00000000001000101000000000010
0.464844 18 00000000000000001110000001000
0.464844 14 00000000000000001110000001000
0.464844 16 00000000000000001110000001000
0.464844 18 00000000000000001110000001000
0.464844 19 00000000000000001110000001000
0.464844 23 00000000000000001110000001000
0.464844 16 00000000000000001111000001000
0.464844 10 00000001000000101000000000010
0.464844 13 00000000000000001111000001000
0.464844 19 00000000000000001111000001000
0.464844 13 00000000000000001110000001000
0.464844 13 00000000000000001110000001000
0.464844 20 00000000000000001110000001000
0.316406 13 10001000000000000001000010000
0.464844 16 00000000000000001110000001000
0.464844 20 00000000000000001110000001000
0.464844 15 00000001000000101000000000100
0.464844 10 00000001000000101000000000100
0.464844 13 00000001000000101000000000010
0.464844 16 00000000000000001111000001000
0.316406 13 10001000000000000001000010000
0.464844 21 00000000000000001110000001000
0.464844 8 00000000010000101000000000100
0.464844 17 00000000000000001110000001000
0.464844 18 00000000000000001110000001000
0.464844 13 00000000000000001111000001000
0.464844 14 00000000000000001110000001000
0.464844 14 00000000000000001110000001000
0.464844 15 00000000000000001111000001000
0.464844 11 00000000010000101000000000010
0.464844 21 00000000000000001110000001000
0.464844 12 00000000000000001111000001000
0.464844 16 00000000000000001110000001000
