0.0784 20 00101010000001000000000001000
0.0784 17 00101010000001000000000001000
0.0784 23 00101010000001000000000001000
0.0784 27 00101010000001000000000001000
0.0784 23 00101010000001000000000001000
0.0784 24 00101010000001000000000001000
0.0784 23 00101010000001000000000001000
0.0784 19 00101010000001000000000001000
0.056512 10 00000010000010000001000001000
0.0784 29 00101010000001000000000001000
0.0784 17 00101010000001000000000001000
0.0784 18 00101010000001000000000001000
0.0368 19 00000000000010000010100000000
0.0784 26 00101010000001000000000001000
0.0784 17 00101010000001000000000001000
0.056512 12 00000010000010000001000001000
0.0784 20 00101010000001000000000001000
0.0368 13 00000000000010000000100000000
0.0368 7 00000000000010000000100000000
0.0368 7 00000000000010000000100000000
0.0784 26 00101010000001000000000001000
0.0368 2 00000000000010000000100000000
0.0784 21 00101010000001000000000001000
0.0784 21 00101010000001000000000001000
0.0368 13 00000000000010000010100000000
0.0368 16 00000000000010000000100000000
0.0368 2 00000000000010000000100000000
0.0784 26 00101010000001000000000001000
0.0784 20 00101010000001000000000001000
0.0368 16 00000000000010000010100000000
0.0784 18 00101010000001000000000001000
0.0784 19 00101010000001000000000001000
0.0368 19 00000000000010000010100000000
0.0784 20 00101010000001000000000001000
0.0784 24 00101010000001000000000001000
0.0784 22 00101010000001000000000001000
0.0368 17 00000000000010000000100000000
0.0784 18 00101010000001000000000001000
0.0784 18 00101010000001000000000001000
0.0784 17 00101010000001000000000001000
0.0368 17 00000000000010000010100000000
0.0784 20 00101010000001000000000001000
0.0784 17 00101010000001000000000001000
0.0784 19 00101010000001000000000001000
0.0784 23 00101010000001000000000001000
0.0784 22 00101010000001000000000001000
0.056512 9 00000010000010000001000001000
0.0784 20 00101010000001000000000001000
0.0784 18 00101010000001000000000001000
0.0368 17 00000000000010000000100000000
0.0784 24 00101010000001000000000001000
0.0784 15 00101010000001000000000001000
0.0368 19 00000000000010000010100000000
0.0784 29 00101010000001000000000001000
0.0784 22 00101010000001000000000001000
0.0784 24 00101010000001000000000001000
0.0368 23 00000000000010000010100000000
0.056512 1 00000010000010000001000001000
0.0784 21 00101010000001000000000001000
0.0784 22 00101010000001000000000001000
0.0368 12 00000000000010000010100000000
0.0368 18 00000000000010000010100000000
0.0784 20 00101010000001000000000001000
0.056512 12 00100000000010000001000001000
0.0368 14 00000000000010000010100000000
0.056512 13 00000010000010000001000001000
0.0784 24 00101010000001000000000001000
0.0784 25 00101010000001000000000001000
0.0368 13 00000000000010000010100000000
0.0784 24 00101010000001000000000001000
0.0784 18 00101010000001000000000001000
0.0784 23 00101010000001000000000001000
0.0368 12 00000000000010000010100000000
0.0368 20 00000000000010000010100000000
0.0784 23 00101010000001000000000001000
0.0368 15 00000000000010000000100000000
0.0784 22 00101010000001000000000001000
0.0784 26 00101010000001000000000001000
0.0784 16 00101010000001000000000001000
0.0784 13 00101010000001000000000001000
0.0784 24 00101010000001000000000001000
0.0784 16 00101010000001000000000001000
0.0784 20 00101010000001000000000001000
0.0784 25 00101010000001000000000001000
0.0784 23 00101010000001000000000001000
0.0784 17 00101010000001000000000001000
0.0368 16 00000000000010000010100000000
0.0784 22 00101010000001000000000001000
0.0784 23 00101010000001000000000001000
0.0784 17 00101010000001000000000001000
0.0784 22 00101010000001000000000001000
0.0784 27 00101010000001000000000001000
0.0784 18 00101010000001000000000001000
0.0368 16 00000000000010000000100000000
0.0368 12 00000000000010000010100000000
0.0784 23 00101010000001000000000001000
0.056512 10 00100000000010000001000001000
0.0368 13 00000000000010000010100000000
0.0784 20 00101010000001000000000001000
0.0368 19 00000000000010000000100000000
