100
34 2 10 30 7 26 32 17 15 23 36 5 
11 7 13 36 15 21 3 34 1 19 27 17 
35 30 23 33 3 5 25 10 15 21 12 18 
7 29 16 3 25 35 23 9 11 5 33 31 
1 8 6 20 12 14 32 16 24 34 28 18 
20 17 9 7 34 28 36 13 26 30 2 4 
14 21 3 36 24 5 1 30 19 7 11 27 
7 14 19 28 10 31 17 26 3 5 23 36 
32 14 5 35 1 12 10 19 29 22 27 17 
30 13 32 36 15 5 22 9 28 25 19 2 
27 17 4 21 36 29 15 24 19 13 10 8 
32 24 8 13 21 15 35 4 30 6 11 2 
13 18 36 16 10 32 23 34 1 8 6 28 
16 20 11 36 14 22 8 1 31 29 34 3 
31 3 20 1 33 14 7 18 26 16 11 5 
1 32 29 20 10 25 36 3 6 34 14 27 
12 33 23 9 6 21 35 14 2 31 26 29 
17 24 1 35 20 9 12 3 26 31 22 6 
26 31 22 15 36 6 1 8 24 17 20 13 
22 28 9 3 12 30 7 17 33 20 36 1 
1 8 33 20 5 10 36 23 31 28 25 13 
15 8 35 1 13 11 19 21 4 32 24 28 
20 11 3 29 23 32 25 35 15 6 1 17 
1 19 21 3 24 12 34 26 17 5 30 9 
14 6 34 22 30 11 24 2 20 16 28 36 
33 23 5 9 15 7 12 26 3 35 17 19 
16 19 12 35 8 30 6 26 3 28 10 21 
9 1 12 15 25 22 35 17 30 27 33 4 
27 33 9 5 25 7 19 15 30 17 12 3 
1 23 15 21 13 19 33 11 7 27 29 5 
21 11 9 17 36 7 15 27 4 30 25 32 
34 18 13 29 9 1 23 3 25 7 36 27 
20 22 26 35 30 1 33 14 6 16 10 18 
19 28 17 35 13 26 15 1 8 24 10 33 
36 19 9 2 12 26 31 5 28 15 22 24 
29 31 22 1 13 16 33 10 8 5 36 26 
3 21 33 6 36 8 12 25 29 19 1 14 
16 12 25 36 33 18 22 27 9 14 4 20 
33 31 26 24 11 13 7 2 29 20 36 17 
9 22 34 13 16 24 36 20 11 7 4 31 
26 13 33 4 2 22 28 35 30 11 24 7 
4 32 11 14 34 29 36 19 16 26 21 23 
33 16 24 1 19 26 13 7 11 3 35 5 
17 27 29 31 33 35 3 1 11 8 23 14 
18 6 31 4 25 34 10 36 16 27 20 29 
6 32 16 21 14 27 3 25 12 23 9 34 
8 1 14 21 36 31 18 26 12 23 5 33 
21 19 35 32 8 13 23 29 2 27 17 15 
22 6 12 25 8 20 33 2 36 27 14 30 
2 13 19 9 32 15 30 36 26 7 34 11 
9 18 11 16 3 1 6 31 33 22 24 20 
12 32 18 22 30 5 10 36 26 20 7 2 
24 10 30 34 27 36 1 8 32 4 22 12 
33 11 7 26 2 21 19 9 23 35 30 17 
6 13 9 25 33 21 36 31 23 27 1 4 
10 6 12 8 4 19 22 30 15 32 26 24 
17 29 6 31 2 36 25 13 4 19 34 10 
1 18 34 6 25 12 4 9 29 36 22 31 
15 1 3 19 23 25 7 36 28 11 17 30 
19 31 33 3 12 26 10 16 8 36 14 29 
33 23 5 16 28 11 13 19 8 36 30 25 
4 15 30 9 24 28 19 12 26 2 35 17 
21 28 10 1 8 33 19 36 23 3 12 6 
5 16 33 20 13 27 10 18 25 1 3 35 
6 8 28 36 23 4 19 15 12 33 30 26 
14 29 9 23 16 2 32 25 7 18 20 27 
36 19 30 17 14 6 34 1 10 4 22 24 
8 3 34 10 30 36 26 12 22 19 1 5 
3 22 15 30 26 24 7 33 17 9 20 1 
12 19 24 2 7 34 36 28 26 14 30 10 
15 10 25 2 34 36 32 19 29 23 5 21 
9 14 36 16 7 20 31 34 18 22 1 24 
15 1 17 13 30 4 21 34 26 24 28 11 
32 34 21 5 15 23 11 28 36 25 13 8 
1 28 5 12 25 7 34 14 31 3 21 9 
3 5 32 8 19 11 28 30 14 17 25 35 
15 18 12 33 35 20 10 4 26 22 24 28 
29 4 23 8 34 16 13 6 18 21 2 27 
15 27 1 8 18 35 6 20 23 29 31 11 
36 7 15 12 32 10 34 29 3 27 18 20 
35 20 10 25 27 29 31 4 15 18 12 7 
24 13 15 20 6 34 32 1 4 30 27 11 
32 25 28 21 18 5 16 36 1 12 23 8 
1 27 36 33 13 6 17 4 9 30 20 25 
36 11 17 27 1 20 4 22 14 8 6 30 
15 31 20 1 12 22 5 3 8 26 34 29 
5 9 36 18 29 27 11 13 7 16 1 24 
8 34 3 18 5 14 36 32 28 30 22 26 
31 21 18 11 29 24 4 26 34 13 16 8 
25 22 35 31 11 17 14 19 2 29 6 9 
36 16 9 18 6 25 3 33 23 21 28 1 
20 1 16 6 14 34 24 32 12 26 18 9 
35 2 7 22 33 27 31 29 24 18 9 4 
3 14 8 1 32 10 6 23 18 16 21 27 
26 28 33 36 22 7 18 12 24 10 30 5 
8 29 27 34 36 10 2 4 16 31 19 23 
2 24 33 36 7 13 17 26 11 5 20 28 
5 34 29 24 10 15 21 2 18 8 26 12 
1 12 24 17 20 35 29 5 10 31 22 26 
14 26 20 10 23 7 12 33 2 4 18 31 
8 30 34 6 12 5 24 22 33 15 1 15 
5 34 34 19 15 28 33 2 7 24 36 31 
5 33 27 34 31 21 22 14 2 22 16 1 
10 31 23 32 13 1 14 1 7 3 5 23 
25 27 5 15 30 5 16 25 4 13 21 30 
6 21 33 19 20 35 14 22 10 3 35 16 
36 19 30 25 22 21 9 7 3 15 28 3 
6 23 27 7 13 21 32 1 10 16 30 22 
36 11 26 29 13 23 6 36 15 5 11 32 
33 7 24 24 13 27 25 15 32 10 6 34 
36 2 10 8 14 17 5 21 26 29 12 14 
3 13 12 14 1 23 21 19 4 34 30 8 
11 33 31 7 21 29 15 12 34 14 7 7 
13 9 4 12 7 28 5 20 35 3 26 20 
3 25 13 21 4 36 3 24 3 12 6 35 
10 11 5 1 18 18 31 6 24 2 25 32 
23 5 15 18 33 3 20 17 3 15 7 26 
23 16 34 27 18 30 19 26 5 6 10 27 
18 11 36 30 10 11 28 9 23 23 2 7 
10 14 3 8 29 22 30 30 13 26 21 20 
7 9 24 11 3 18 27 7 20 1 36 8 
8 14 18 9 1 7 2 5 18 21 32 5 
27 30 25 2 6 3 17 12 21 22 5 36 
7 14 35 32 8 25 28 5 13 1 1 24 
10 13 24 8 23 19 15 3 24 15 32 31 
16 1 8 35 18 20 15 22 23 18 11 28 
25 35 20 14 36 8 8 4 6 13 24 19 
1 35 8 19 15 24 28 13 17 11 22 24 
32 16 32 25 20 26 8 33 35 9 16 23 
6 33 19 36 30 34 30 9 5 5 7 35 
31 21 14 20 9 14 21 20 2 21 33 24 
4 10 14 2 36 17 14 20 32 33 20 3 
2 6 14 7 9 14 8 27 18 10 36 26 
11 33 35 15 9 17 4 27 15 12 1 29 
7 9 27 33 5 28 14 24 3 33 33 34 
26 27 29 27 6 31 8 6 4 33 30 24 
21 8 16 31 26 2 20 26 8 12 22 34 
7 4 27 13 22 34 24 6 26 12 36 13 
7 8 10 32 6 5 35 4 23 19 15 12 
22 33 32 2 11 17 3 8 9 24 15 14 
7 34 34 31 30 6 29 5 17 30 11 2 
7 35 2 23 18 10 25 26 19 6 18 31 
32 33 22 29 17 36 31 16 35 10 19 7 
2 22 19 12 24 24 29 14 31 13 11 31 
5 2 25 16 22 17 14 3 12 33 13 17 
12 8 2 24 25 18 36 23 19 34 27 22 
18 22 35 16 33 19 4 25 25 12 29 16 
13 2 5 23 32 34 25 35 4 8 2 16 
8 24 26 23 10 10 30 30 35 26 24 18 
13 33 28 21 22 13 20 18 24 17 12 7 
30 9 31 19 4 16 15 28 35 1 14 17 
14 16 25 35 9 16 25 24 36 25 4 9 
9 30 9 13 30 12 17 5 13 8 12 13 
5 23 20 1 25 16 13 34 9 3 16 36 
11 5 27 15 26 17 4 30 27 21 26 10 
2 31 3 31 35 28 12 1 14 8 18 28 
5 15 8 35 34 25 22 27 22 7 5 9 
31 17 36 4 7 4 11 29 6 22 10 13 
3 28 25 34 32 9 24 9 35 25 22 11 
9 22 14 24 18 1 1 30 30 20 33 35 
13 14 25 36 23 14 28 6 33 4 36 3 
7 17 12 33 10 3 27 3 17 7 18 13 
10 18 26 28 27 27 4 34 25 4 15 16 
18 8 15 26 1 18 23 7 33 18 2 18 
32 3 36 21 21 31 3 13 11 1 1 23 
29 18 5 22 15 35 18 4 23 22 5 25 
1 10 3 2 13 33 33 4 21 27 2 35 
10 8 26 23 36 34 31 28 30 15 7 7 
31 30 35 34 2 5 21 8 15 28 1 15 
16 30 11 9 1 35 15 7 15 13 19 5 
23 3 2 4 15 17 28 12 30 28 33 34 
23 9 9 29 12 9 27 22 28 13 5 5 
12 21 31 28 23 24 32 18 33 5 31 17 
19 31 34 36 33 1 25 32 18 31 14 18 
19 29 25 32 6 19 23 15 3 21 28 18 
4 12 33 36 13 15 31 12 8 18 4 2 
9 11 7 3 5 36 14 10 1 28 31 5 
30 7 36 26 20 21 14 13 27 15 24 4 
20 13 12 30 30 16 11 21 5 23 27 35 
7 23 33 27 20 5 16 28 11 11 3 11 
33 3 27 9 19 12 10 27 22 6 5 20 
22 4 29 13 28 23 36 8 33 1 14 23 
20 21 24 18 30 29 7 27 25 13 32 5 
12 7 12 16 7 32 2 13 23 17 25 17 
21 19 23 35 14 36 7 32 1 16 11 8 
35 17 33 11 9 24 1 17 3 7 5 27 
26 30 30 33 22 23 31 31 20 11 28 23 
18 23 11 17 32 16 26 12 13 23 18 31 
7 6 29 31 16 12 9 17 36 30 19 26 
28 26 17 18 22 4 5 18 13 19 3 30 
16 7 34 33 16 9 29 9 10 36 4 35 
26 24 3 28 7 21 6 12 14 16 23 33 
13 21 9 16 15 6 25 14 8 35 30 20 
6 25 17 10 29 10 33 8 26 14 23 26 
5 18 32 31 30 25 36 23 34 14 18 27 
7 19 7 28 23 2 15 36 18 1 12 10 
20 8 27 4 23 3 25 10 24 3 1 18 
30 11 28 7 23 7 24 34 11 34 28 29 
34 18 28 28 29 16 35 34 29 32 3 12 
24 30 21 28 26 34 13 31 20 3 23 26 
