1000
30 6 18 12 4 21 33 1 36 15 27 25 
30 6 34 28 12 23 36 21 3 10 19 26 
29 9 11 6 22 33 16 26 24 4 31 36 
10 12 29 5 19 7 24 32 3 16 14 1 
13 17 5 25 15 10 19 36 21 30 34 3 
27 6 2 21 17 36 31 33 19 11 15 8 
31 5 35 14 25 29 17 20 23 12 9 1 
19 26 8 28 30 36 1 11 32 34 24 6 
23 16 34 3 5 19 28 8 26 21 11 30 
16 13 5 21 26 23 18 36 29 31 10 33 
35 13 10 19 6 24 22 16 33 27 8 4 
25 27 32 8 15 1 13 11 23 21 5 19 
32 3 23 19 9 1 7 14 16 27 25 35 
26 4 24 22 1 19 32 8 34 30 10 15 
16 28 22 26 18 13 33 5 10 7 24 31 
6 33 13 31 2 10 22 28 20 18 24 36 
33 26 24 6 10 12 20 1 18 14 29 36 
4 31 7 29 1 33 21 12 9 16 26 18 
5 15 8 10 31 23 29 33 13 21 25 36 
26 8 1 29 35 10 14 18 4 22 24 32 
7 27 29 12 14 9 17 36 4 31 19 24 
9 25 7 35 17 4 2 31 23 19 14 11 
14 9 32 1 22 27 17 11 24 20 3 35 
18 8 1 35 14 26 29 12 23 31 20 3 
28 24 26 11 20 18 33 8 5 14 22 35 
32 6 19 28 4 11 26 2 30 17 14 22 
36 22 6 13 8 18 16 3 25 20 31 33 
36 4 6 12 26 19 8 30 32 15 10 17 
16 3 27 9 35 25 7 32 23 18 30 21 
9 31 5 19 22 35 3 1 26 7 24 33 
6 19 21 30 26 33 36 2 4 8 14 10 
22 26 8 34 17 10 3 14 1 20 29 24 
23 17 11 15 31 5 36 34 13 21 3 25 
9 32 34 11 13 20 15 26 3 28 1 23 
9 25 5 7 21 3 17 19 35 27 31 12 
22 30 24 26 7 12 9 28 1 20 18 33 
24 2 6 22 20 26 9 30 28 11 14 17 
4 16 33 27 35 11 20 23 25 14 6 30 
31 2 27 16 21 23 19 4 36 34 8 13 
27 29 2 16 12 7 35 25 32 10 18 20 
27 36 33 16 21 23 4 25 29 1 10 18 
23 18 3 1 14 33 27 7 29 36 10 21 
36 29 1 10 23 31 25 6 33 4 20 18 
27 20 25 13 32 30 9 34 16 36 7 2 
6 32 17 2 14 10 27 4 12 8 20 25 
33 11 3 7 17 15 24 30 28 36 1 13 
25 30 5 12 1 8 19 16 35 33 3 14 
36 17 14 10 19 32 5 2 12 22 24 34 
27 6 12 33 14 4 16 29 9 35 20 18 
11 7 24 3 36 16 34 32 19 28 1 9 
11 19 14 1 8 26 33 4 6 35 30 17 
27 25 32 29 11 13 8 18 2 35 16 21 
25 3 8 14 5 32 23 10 17 35 21 12 
6 1 27 11 13 25 34 23 29 32 18 16 
36 2 28 33 10 16 4 19 26 22 7 13 
26 11 3 7 32 18 21 1 16 24 14 35 
27 19 35 15 21 1 25 33 4 23 9 6 
20 25 17 32 1 5 36 34 13 23 10 3 
31 27 33 13 3 17 1 15 23 25 8 20 
8 18 10 28 35 26 12 1 30 4 32 23 
12 2 19 36 34 30 14 6 26 28 32 16 
26 9 13 11 20 23 28 7 35 4 30 32 
15 33 9 13 26 2 19 17 6 35 4 29 
32 8 11 3 29 6 22 18 25 20 1 36 
18 25 35 31 16 6 10 12 28 2 33 20 
4 1 32 18 25 20 23 14 12 6 29 8 
25 2 21 36 31 27 19 34 8 11 29 13 
2 32 10 18 22 4 15 20 13 24 36 6 
25 17 1 15 13 5 27 33 31 19 10 36 
33 21 27 24 1 29 19 36 15 6 9 12 
16 5 21 14 35 19 31 33 10 1 26 3 
20 4 26 31 6 11 8 1 14 17 29 22 
18 33 14 20 27 7 12 35 9 29 2 31 
1 17 10 35 4 23 26 15 6 13 32 8 
27 36 16 31 12 34 14 10 7 19 4 24 
16 34 9 7 27 25 1 31 3 29 13 18 
15 2 18 32 25 10 6 30 35 13 4 20 
7 28 11 21 23 32 17 2 9 14 19 35 
30 36 5 9 2 11 23 15 19 34 7 21 
10 20 30 6 34 28 14 22 4 18 12 36 
9 11 15 3 24 29 27 22 36 34 13 32 
11 5 36 1 3 28 21 9 13 26 32 17 
28 18 3 16 1 9 20 32 22 34 30 25 
12 20 29 36 22 18 4 2 27 14 34 8 
9 5 30 32 24 17 21 28 3 1 15 19 
3 28 10 1 16 36 32 13 24 19 22 34 
10 34 6 12 21 3 28 32 30 15 36 18 
33 35 29 11 25 31 21 1 14 23 4 18 
15 23 25 12 31 6 10 28 36 34 3 19 
13 15 29 18 27 8 24 6 11 20 22 4 
17 7 35 30 5 15 19 25 12 10 2 27 
12 20 9 1 5 14 22 31 7 35 24 33 
9 22 24 2 7 35 27 13 15 30 19 5 
18 12 23 7 20 32 26 16 34 14 28 1 
13 35 9 4 24 33 2 20 31 26 7 16 
31 26 10 6 16 1 34 28 23 8 21 4 
23 11 36 6 32 13 8 3 30 25 34 19 
21 23 28 9 11 31 35 7 3 5 1 14 
15 2 8 4 21 31 18 13 35 25 29 6 
5 33 12 8 16 29 10 20 26 22 3 36 
27 24 29 31 36 21 10 6 3 15 13 18 
17 5 12 14 36 28 7 23 26 32 19 9 
25 4 11 9 1 20 27 7 22 31 13 15 
27 25 1 16 14 9 33 11 3 23 18 35 
6 35 14 31 12 10 19 3 23 26 8 17 
36 24 29 11 15 20 1 34 18 9 26 22 
22 13 17 28 3 19 6 10 36 1 34 32 
9 31 11 29 18 2 27 16 36 22 7 14 
35 29 14 33 1 21 12 31 16 10 5 27 
8 30 11 5 1 25 22 3 36 18 27 16 
20 26 1 9 28 4 16 35 18 12 7 14 
21 30 28 34 11 6 13 1 15 32 17 8 
2 14 35 18 30 6 32 23 21 25 4 9 
4 17 8 32 20 6 10 27 14 22 34 2 
27 32 29 34 10 24 22 13 5 20 36 17 
1 9 21 28 11 19 33 35 25 14 16 30 
19 11 7 29 27 16 5 22 34 9 14 2 
27 7 35 12 19 22 1 5 14 30 17 33 
24 27 30 8 22 35 12 14 32 1 10 18 
1 5 16 18 31 33 25 3 28 7 20 36 
13 24 28 26 7 2 22 5 19 17 32 15 
19 26 24 11 5 30 32 3 7 1 36 28 
28 36 9 5 24 2 30 16 12 19 34 32 
27 10 15 8 3 24 13 36 34 18 20 5 
30 1 4 18 21 32 6 16 36 27 23 8 
1 15 25 21 30 5 32 23 18 12 8 36 
35 8 1 22 30 3 15 6 24 26 13 19 
29 16 24 10 21 12 33 35 4 7 27 14 
26 16 10 12 18 3 5 31 36 14 20 1 
25 1 17 27 21 33 15 12 10 19 23 7 
20 36 16 2 14 23 32 4 30 25 10 7 
28 19 25 9 12 30 21 1 35 17 5 3 
14 36 30 18 32 5 27 8 21 2 12 16 
35 7 27 19 1 31 13 29 21 15 23 17 
15 9 23 30 27 4 1 13 34 19 7 17 
3 35 22 26 20 5 1 8 14 24 31 16 
24 5 16 28 34 32 13 11 26 30 8 22 
2 27 33 13 20 11 23 5 8 29 31 15 
19 35 27 15 2 21 30 11 9 7 23 17 
22 6 20 35 9 11 17 3 26 15 24 31 
22 24 1 29 19 13 9 36 17 33 31 11 
7 15 5 11 35 20 29 25 17 23 13 1 
24 33 7 5 28 17 26 9 20 11 15 36 
31 14 1 4 7 33 23 27 10 16 19 35 
4 17 10 13 1 25 31 15 19 36 27 7 
18 12 36 33 14 23 20 16 8 27 25 2 
25 19 21 3 33 5 9 14 11 17 23 1 
14 17 23 5 12 28 1 32 10 3 7 34 
21 36 30 8 27 33 10 1 6 18 14 24 
28 23 21 6 10 33 18 4 16 2 26 13 
35 21 15 29 33 13 7 11 9 24 27 18 
16 20 26 10 33 14 28 2 7 36 31 23 
6 4 15 21 36 17 26 19 31 8 10 28 
19 17 29 1 25 11 4 27 9 22 34 31 
9 1 21 33 16 5 11 29 36 3 31 13 
14 25 31 35 16 22 33 27 10 18 5 29 
17 9 22 6 32 34 28 4 14 19 26 2 
5 17 30 13 7 11 1 28 35 15 20 23 
27 25 8 12 4 22 15 29 19 36 34 32 
15 20 34 7 27 36 9 23 25 4 29 2 
18 31 33 4 36 12 16 29 1 10 7 22 
6 30 11 13 17 24 22 4 1 32 27 19 
27 17 7 4 9 25 36 2 30 19 14 21 
13 9 11 5 23 33 3 17 15 19 21 29 
21 6 26 28 12 18 33 1 4 35 30 8 
6 36 15 25 17 22 3 9 29 27 13 20 
33 35 24 29 2 12 14 10 4 18 6 8 
30 8 28 1 26 22 5 24 19 13 16 11 
29 20 4 15 18 9 2 35 26 11 24 31 
36 25 15 32 12 2 23 6 4 19 28 30 
15 7 22 5 34 32 9 2 28 20 12 25 
8 10 23 21 4 25 12 6 28 19 36 32 
36 24 1 30 22 3 7 32 20 12 34 14 
2 34 31 22 11 26 9 29 36 20 7 18 
20 34 5 32 8 15 29 25 1 17 13 36 
4 30 23 17 21 8 33 19 35 6 26 10 
4 25 9 23 28 11 18 2 15 13 34 6 
20 13 29 17 10 33 4 6 31 15 22 8 
26 18 31 35 2 23 8 28 16 13 6 10 
13 1 29 27 18 33 21 35 16 25 8 10 
18 20 12 9 7 22 15 36 2 5 28 33 
5 27 29 1 9 21 35 3 7 16 19 24 
34 14 2 30 23 32 9 11 16 20 18 6 
19 15 9 24 30 21 17 2 7 32 12 5 
22 9 7 14 16 12 32 1 18 34 3 29 
13 1 33 29 19 10 22 3 36 24 6 17 
9 29 13 17 22 3 15 31 24 11 36 26 
27 31 10 13 5 34 19 23 16 7 25 21 
8 6 10 2 28 19 30 12 15 4 23 32 
32 13 1 23 5 3 26 15 34 9 7 11 
35 20 11 16 9 25 2 4 7 30 22 27 
8 16 13 11 3 22 36 18 5 31 29 24 
2 30 16 36 11 27 4 7 14 21 19 32 
1 7 23 4 27 15 19 31 21 10 13 33 
13 8 10 25 6 32 35 17 23 30 21 1 
32 7 19 29 14 36 27 2 5 17 34 9 
10 36 24 4 22 31 27 6 1 20 8 29 
17 11 27 6 32 21 9 14 19 23 3 35 
1 9 13 15 36 24 26 32 22 28 4 34 
22 4 25 7 28 18 20 35 13 9 31 33 
19 29 6 16 11 9 14 21 36 4 23 25 
24 32 11 7 22 4 34 36 2 13 19 17 
1 27 13 24 6 20 34 10 36 32 29 15 
26 22 30 13 17 11 36 7 9 15 5 19 
18 15 22 24 34 26 3 1 6 31 10 8 
1 7 26 18 36 14 20 23 4 29 11 9 
27 14 19 25 17 33 11 21 31 8 36 4 
3 16 6 11 20 34 18 8 23 30 13 26 
16 6 25 12 1 36 3 14 21 33 10 29 
28 10 4 12 30 25 6 36 34 22 8 15 
7 31 29 36 34 13 21 10 5 26 15 19 
36 26 28 30 9 24 12 1 20 7 18 14 
18 23 2 35 6 27 30 16 25 21 8 13 
11 15 9 26 29 4 35 20 22 1 18 13 
36 3 15 7 19 23 13 28 5 34 21 17 
8 25 32 23 14 36 20 1 12 27 10 16 
5 7 3 1 36 30 9 26 16 21 19 13 
2 5 17 8 12 19 36 29 25 21 34 27 
35 23 28 31 7 33 15 3 5 12 17 25 
16 30 34 6 22 1 9 4 11 13 36 28 
12 20 27 14 36 4 7 34 23 31 25 10 
21 10 33 14 31 5 18 1 23 36 25 3 
2 7 11 26 33 22 31 24 9 17 28 36 
31 1 26 28 14 16 22 7 3 20 18 9 
33 10 2 21 8 30 26 13 35 24 28 15 
14 30 28 7 11 33 18 3 35 26 9 23 
34 15 27 24 12 2 20 8 6 30 36 4 
20 15 5 3 24 7 18 22 13 26 30 11 
18 23 36 33 7 14 16 25 27 21 5 10 
6 22 20 36 10 26 24 8 16 2 28 34 
3 13 25 33 35 31 27 23 5 17 11 21 
16 12 5 25 27 29 7 21 23 36 33 3 
24 20 10 36 3 14 12 18 6 1 8 30 
29 34 24 32 22 36 20 26 9 12 6 3 
33 3 30 8 19 5 23 28 26 1 14 16 
15 36 21 23 31 4 7 26 19 11 29 33 
25 17 10 23 29 33 14 20 2 12 6 31 
32 28 5 24 16 3 13 22 26 30 7 20 
6 32 12 26 3 9 30 24 21 18 34 28 
21 5 30 24 1 3 13 8 11 27 35 17 
21 4 33 14 31 19 10 2 36 23 6 12 
23 30 3 11 6 1 34 32 8 26 18 13 
10 4 32 18 8 14 27 36 30 6 22 1 
17 35 13 20 6 24 8 29 1 27 15 10 
8 18 6 24 35 15 11 26 22 1 20 31 
33 36 12 28 26 17 3 10 22 7 30 15 
24 5 18 31 7 22 29 16 20 1 9 35 
36 21 8 33 23 2 19 13 6 4 10 31 
6 11 3 13 35 18 33 25 16 22 1 27 
5 33 20 22 31 16 18 8 11 27 13 29 
7 27 29 14 33 12 16 21 25 1 4 36 
19 29 36 32 10 25 7 1 3 14 12 5 
34 14 26 2 12 21 4 17 10 7 29 19 
35 27 19 10 5 12 22 25 7 30 32 14 
19 3 8 22 12 1 16 31 35 10 5 29 
30 15 4 28 6 11 23 33 13 2 9 25 
15 9 4 17 27 6 23 11 1 34 25 20 
2 33 9 12 30 21 15 35 19 17 5 27 
35 11 23 21 13 9 7 2 19 15 31 28 
17 12 35 6 31 10 1 3 15 29 33 25 
30 22 35 13 25 7 16 18 33 20 2 10 
25 29 5 21 36 16 31 34 18 3 7 1 
10 14 34 25 7 3 22 27 20 12 36 18 
2 19 29 25 7 5 35 14 21 27 12 23 
5 35 19 31 15 17 1 33 29 7 13 24 
9 4 30 32 16 18 11 6 25 2 27 35 
32 36 25 27 5 10 13 23 8 30 18 16 
6 10 20 29 25 15 33 4 2 23 36 27 
2 7 34 36 22 4 15 13 24 18 10 20 
30 26 9 19 32 21 16 14 28 1 35 5 
32 5 24 36 12 1 22 28 26 34 9 17 
7 11 15 21 4 26 29 9 31 1 18 33 
19 1 6 16 12 35 3 30 14 32 22 9 
5 17 23 33 30 20 1 14 3 27 35 8 
30 9 7 4 33 28 19 36 16 14 1 12 
9 29 31 26 21 5 3 7 14 35 17 33 
23 5 14 19 17 29 25 27 34 2 11 9 
15 2 8 31 4 11 22 36 6 20 17 29 
35 29 11 33 17 1 19 25 7 3 31 22 
26 8 28 13 6 35 24 20 2 32 17 10 
5 10 1 14 26 36 8 31 17 33 3 28 
35 26 10 23 20 8 29 31 6 12 2 16 
14 10 2 12 8 36 32 34 4 26 30 23 
35 16 5 27 14 7 2 20 29 33 10 25 
34 12 30 26 7 28 24 5 2 9 18 14 
18 1 32 20 9 35 22 12 30 24 15 7 
10 25 13 35 7 32 19 1 4 23 15 27 
15 1 9 4 18 31 27 29 13 22 35 6 
8 35 24 16 6 18 22 14 30 1 11 4 
13 29 11 21 3 5 7 25 9 23 16 34 
33 8 27 6 1 36 11 3 15 31 20 13 
23 15 36 3 9 20 26 31 28 11 13 34 
1 16 13 6 32 10 19 27 30 35 22 25 
25 17 12 1 35 14 3 33 10 6 30 20 
3 29 25 1 7 16 5 36 31 21 14 33 
23 12 28 6 19 16 25 21 8 36 1 33 
8 3 6 22 15 33 11 30 19 17 28 26 
18 30 2 25 4 14 12 35 23 32 6 8 
17 25 14 2 10 22 34 32 5 36 19 28 
13 22 6 29 18 36 8 25 15 11 3 32 
35 16 26 12 14 30 5 19 7 21 28 32 
29 3 11 16 31 5 33 19 36 23 25 27 
33 28 30 1 11 16 5 13 23 9 35 18 
25 12 7 33 31 5 3 36 20 15 18 28 
31 2 33 10 25 35 28 5 21 8 18 15 
23 30 8 34 21 32 19 1 5 14 16 25 
2 22 26 17 7 15 9 30 20 24 32 36 
30 15 3 18 13 10 21 23 7 25 27 34 
21 3 18 7 12 1 10 34 16 23 36 30 
16 27 20 5 7 12 35 32 3 18 29 24 
20 23 25 11 16 18 29 3 31 7 27 9 
29 9 32 36 3 7 12 26 19 22 5 24 
34 25 4 2 6 32 11 19 28 36 15 22 
14 9 4 33 18 16 31 36 23 25 12 2 
13 9 15 30 6 27 33 21 36 1 3 19 
24 14 29 3 33 27 6 17 22 9 1 36 
4 21 34 18 27 14 30 36 1 8 10 25 
28 26 23 33 6 13 17 36 11 2 30 8 
30 4 12 14 25 36 27 16 1 33 23 9 
12 6 24 31 1 28 17 15 3 8 21 33 
16 10 36 29 27 18 22 12 1 7 20 24 
11 5 2 14 16 7 36 32 22 18 24 27 
19 21 8 10 27 24 14 6 1 32 34 16 
18 23 7 16 1 13 36 31 25 9 27 4 
36 29 18 8 25 34 23 13 32 11 4 1 
5 36 27 30 12 34 18 16 25 1 32 9 
11 6 1 20 8 28 13 35 32 18 24 22 
18 26 6 1 4 30 28 15 20 13 8 35 
25 2 30 27 35 15 22 4 20 7 32 18 
10 32 13 6 18 34 24 28 16 26 8 21 
20 9 33 13 24 11 18 29 15 5 1 26 
30 22 27 7 32 13 9 19 25 1 4 35 
5 22 14 26 12 3 8 18 28 35 24 31 
29 3 10 1 16 5 31 14 27 12 36 24 
8 31 16 14 6 29 36 20 18 22 4 11 
3 13 19 22 15 29 17 35 31 24 1 7 
3 6 29 36 23 1 21 9 19 25 12 31 
1 24 22 12 14 10 18 16 7 4 28 31 
25 1 15 33 8 35 29 19 31 4 11 17 
21 1 7 13 30 32 26 35 10 16 18 23 
33 29 18 10 20 5 14 1 31 12 7 36 
26 12 32 8 19 16 14 28 3 30 24 36 
30 24 35 1 6 32 4 16 18 10 20 28 
16 6 9 35 30 32 24 19 2 4 11 22 
36 5 31 26 34 12 20 3 10 28 8 18 
7 36 27 34 16 24 14 4 18 21 30 10 
30 25 36 7 21 15 13 23 9 11 28 32 
29 1 31 16 11 27 25 21 3 34 23 9 
12 16 30 20 22 32 35 24 18 7 14 1 
27 31 24 5 33 7 35 18 14 10 20 29 
14 30 6 10 22 25 12 1 4 27 35 18 
36 24 29 2 31 7 18 9 11 16 33 14 
31 33 36 20 3 8 29 1 24 10 5 17 
15 3 30 34 32 36 23 7 9 20 13 5 
28 26 23 17 11 20 30 1 33 3 14 5 
3 17 24 22 27 1 13 19 36 6 34 10 
13 24 16 10 28 18 8 31 36 22 34 20 
28 3 8 13 30 26 17 35 20 11 15 33 
24 31 15 9 22 34 3 13 1 27 18 36 
25 21 11 15 33 5 1 9 17 31 13 7 
22 36 32 8 15 28 1 5 34 19 24 11 
11 34 1 31 3 9 16 23 18 27 25 14 
36 33 30 3 11 6 26 1 13 21 28 24 
11 24 5 34 13 9 15 28 31 20 18 22 
36 14 6 9 16 4 28 19 1 33 30 12 
19 5 9 13 7 15 33 11 30 24 3 1 
9 24 36 22 34 14 27 1 18 4 20 29 
16 9 14 4 26 30 7 24 12 22 36 20 
2 31 19 15 22 26 4 24 29 7 35 11 
15 6 3 11 8 13 27 36 30 33 22 1 
3 30 35 21 5 9 27 25 32 23 17 14 
12 16 10 14 1 18 35 22 25 29 7 4 
6 12 25 22 4 15 20 36 27 1 17 34 
24 32 8 16 35 27 21 14 19 2 10 4 
24 20 9 31 7 5 11 16 33 29 3 22 
36 20 14 7 23 25 17 10 27 12 2 34 
22 34 30 19 36 16 8 11 1 28 3 13 
31 12 8 10 14 19 35 29 27 24 6 16 
22 20 13 27 24 31 35 33 10 8 15 18 
31 20 25 7 29 11 9 3 27 33 36 18 
18 27 8 13 1 36 31 34 23 10 4 15 
19 12 36 8 30 28 21 15 2 6 10 25 
18 10 36 8 29 6 13 34 27 15 3 24 
9 5 21 32 11 19 17 35 2 23 25 15 
23 5 36 18 16 3 12 10 32 20 1 7 
14 25 1 35 12 23 5 31 3 9 19 21 
3 13 27 10 5 25 32 8 16 36 1 23 
29 31 5 19 35 11 24 3 9 7 22 1 
30 23 35 33 14 16 3 25 11 20 1 27 
35 16 2 33 5 22 24 12 30 20 26 7 
7 14 36 27 29 1 25 18 4 10 22 32 
5 27 20 1 33 14 8 31 17 23 11 3 
36 11 16 23 1 9 32 27 3 29 13 5 
36 23 34 8 16 27 29 5 19 31 11 3 
18 21 9 1 32 34 11 36 16 30 13 28 
2 36 12 22 6 18 32 27 20 14 30 24 
31 16 28 21 33 26 6 23 35 8 2 12 
25 2 36 9 17 27 19 5 15 7 21 12 
23 4 12 25 6 10 32 14 30 36 27 20 
1 27 11 18 13 29 8 20 22 24 36 32 
32 22 27 36 34 13 2 9 11 25 5 30 
5 34 1 13 27 3 24 11 19 36 17 22 
25 7 4 34 23 10 36 2 13 29 21 19 
31 11 13 26 15 35 1 19 4 21 33 6 
31 35 24 17 33 12 15 1 10 20 4 27 
20 30 18 14 5 24 11 28 22 16 33 2 
18 11 6 14 25 36 16 34 4 28 8 31 
22 9 27 14 36 6 1 11 19 16 32 30 
4 21 12 14 17 19 25 23 32 27 8 1 
10 13 4 30 6 28 24 35 22 20 32 8 
5 3 8 1 19 22 27 17 13 24 35 30 
36 7 5 19 15 3 22 34 25 30 11 17 
10 12 23 18 28 6 32 15 26 2 30 36 
30 8 20 6 22 27 24 32 15 35 18 2 
34 1 4 25 11 18 8 36 28 21 14 32 
7 30 17 34 36 15 11 26 22 24 4 13 
32 25 10 27 1 8 12 5 20 3 29 17 
5 13 1 27 31 18 11 25 33 35 9 29 
28 19 5 13 11 30 8 16 36 23 3 34 
3 26 22 28 6 36 24 31 15 17 13 10 
17 15 6 24 35 33 28 26 21 30 19 3 
22 11 28 15 19 34 13 4 30 17 36 32 
24 6 32 13 11 26 2 21 28 8 15 30 
2 24 8 16 22 14 34 18 32 12 5 20 
6 28 20 22 24 4 31 13 26 15 11 8 
18 9 31 20 14 23 35 27 33 12 1 25 
21 23 7 36 3 5 15 27 13 9 33 30 
30 19 12 1 32 36 8 23 15 26 34 10 
26 22 32 28 13 9 36 11 1 20 16 5 
28 19 17 24 2 6 8 35 11 31 22 4 
18 30 2 10 28 22 33 12 14 20 5 35 
21 34 29 8 23 18 13 16 5 1 11 3 
17 8 13 32 21 11 36 19 34 27 5 3 
29 16 34 18 22 5 24 7 20 13 2 31 
34 27 31 9 23 1 12 5 3 29 20 18 
21 6 23 14 30 19 27 16 8 4 35 25 
19 30 24 14 12 10 26 16 5 36 34 8 
26 29 14 20 31 7 11 3 18 33 24 22 
23 17 21 10 30 5 12 26 32 15 7 36 
36 3 21 7 17 31 13 11 27 15 29 23 
7 14 36 4 11 22 9 17 24 1 29 20 
2 14 23 8 36 6 17 34 28 21 10 4 
21 2 9 4 12 19 36 27 34 31 7 23 
26 33 18 30 10 36 13 24 5 28 21 16 
26 31 14 8 4 2 10 18 29 6 23 20 
23 11 34 13 7 27 21 2 29 31 18 5 
32 3 8 13 1 28 36 23 25 10 21 30 
1 32 8 30 3 25 11 15 6 35 27 21 
11 7 28 25 33 18 5 35 23 1 16 31 
1 29 32 5 19 7 13 17 11 3 36 26 
20 15 11 29 8 1 5 13 18 22 27 24 
21 34 14 23 8 36 18 32 10 30 25 16 
2 32 7 35 16 29 14 22 24 20 10 4 
8 11 34 6 13 36 19 27 2 23 30 32 
24 13 11 21 3 36 29 17 32 34 27 9 
15 34 5 25 3 36 32 19 10 8 17 23 
22 16 12 14 3 1 30 26 36 6 33 10 
25 32 3 10 30 23 6 13 34 21 28 17 
13 21 35 15 26 33 17 11 24 19 6 1 
33 6 19 29 12 25 15 17 36 23 9 21 
32 18 2 12 36 34 4 25 14 23 29 20 
11 13 15 9 23 18 32 35 20 28 2 26 
17 11 22 27 20 32 9 4 30 35 7 25 
24 14 12 16 27 18 7 22 32 34 20 36 
2 27 4 7 9 30 20 25 13 11 35 15 
25 23 16 32 6 36 1 9 28 20 30 4 
36 22 5 3 14 33 11 27 19 7 29 17 
16 11 29 4 20 2 22 7 9 26 31 18 
26 29 23 36 15 31 9 12 3 34 1 6 
10 12 8 18 3 35 16 31 25 20 1 14 
20 23 14 32 7 1 12 5 27 34 17 30 
15 21 23 4 26 8 11 36 13 2 6 31 
23 1 9 6 11 31 15 27 25 17 35 21 
26 13 28 6 30 1 16 21 34 8 24 19 
23 29 13 11 35 33 1 31 6 15 3 8 
28 36 17 22 19 2 32 8 13 10 30 34 
9 16 22 32 18 6 11 24 36 2 28 14 
33 3 29 19 10 31 27 8 15 21 17 1 
25 2 4 15 21 30 27 23 13 19 35 33 
32 4 8 16 11 24 36 27 1 21 19 30 
12 23 16 33 4 19 31 28 9 36 2 7 
13 31 21 11 24 17 36 26 29 33 9 4 
27 11 13 29 6 24 18 31 36 20 4 22 
31 25 7 34 36 13 1 19 3 27 15 11 
11 1 32 6 17 9 3 24 20 36 15 29 
1 19 29 35 13 33 9 22 25 11 4 6 
29 20 2 31 23 27 33 7 12 18 25 35 
24 16 33 12 29 10 19 21 7 3 5 26 
6 4 33 36 13 18 2 15 23 20 25 8 
4 13 2 22 36 15 7 26 30 19 17 9 
32 23 21 29 8 3 34 17 19 15 11 13 
15 7 32 1 9 11 17 20 34 24 13 28 
23 16 12 26 29 8 21 19 3 32 35 5 
34 16 7 30 5 10 36 13 25 3 28 21 
3 31 5 22 24 17 27 35 19 14 10 12 
2 18 23 7 31 29 5 36 20 27 10 12 
17 28 2 13 36 25 32 4 7 34 22 10 
31 23 15 7 1 19 21 4 36 25 28 12 
13 22 18 20 10 16 27 8 34 32 4 2 
28 8 24 12 34 17 1 3 10 30 5 19 
33 4 10 18 26 22 13 15 28 6 1 24 
30 4 32 34 22 7 27 15 2 9 36 11 
18 27 3 29 7 20 32 1 22 34 13 36 
11 14 5 27 29 34 1 16 3 24 36 8 
29 34 22 19 24 2 27 32 17 12 7 10 
27 12 31 35 29 16 20 25 33 7 18 14 
8 1 29 31 17 21 27 24 19 5 35 13 
24 22 28 10 20 7 16 1 13 30 4 36 
34 14 18 27 21 5 24 36 9 7 11 32 
15 10 29 27 8 32 19 12 6 3 25 17 
32 21 4 7 29 17 19 25 13 36 34 1 
15 32 4 2 17 8 24 20 6 22 27 12 
8 10 19 4 17 33 35 14 12 21 6 30 
15 24 30 20 13 34 28 2 22 32 11 26 
18 2 10 16 30 32 28 20 34 23 36 14 
27 9 7 33 3 18 15 25 11 13 31 21 
4 25 18 22 10 1 7 29 20 31 16 14 
6 29 34 19 24 36 21 8 12 27 16 2 
30 13 25 2 11 22 15 27 36 34 17 6 
10 33 4 1 31 36 16 21 19 25 14 28 
28 15 31 18 1 34 36 22 11 9 5 3 
24 2 9 27 33 36 22 14 17 4 29 19 
6 10 32 16 35 3 25 8 14 12 28 19 
12 8 10 18 15 33 2 35 31 29 20 5 
30 27 10 24 36 12 8 20 1 22 4 33 
7 35 29 27 3 17 5 13 24 19 21 32 
8 10 22 35 32 3 13 24 16 1 19 30 
14 24 22 27 10 16 1 5 36 7 18 20 
14 3 36 20 24 34 32 22 9 12 30 1 
28 5 10 22 16 31 24 12 34 7 18 20 
1 21 23 13 30 28 18 7 36 34 5 15 
17 3 1 23 29 31 13 7 19 25 11 27 
10 18 26 22 14 32 30 12 28 24 16 5 
33 31 9 6 17 23 1 26 14 28 21 3 
17 36 20 34 32 28 26 12 15 10 5 7 
17 33 8 5 29 27 31 12 3 35 21 23 
22 36 6 27 19 30 10 12 24 8 33 15 
26 23 4 21 19 28 17 36 12 7 34 30 
1 8 33 16 12 6 4 22 36 27 25 10 
34 36 13 28 1 26 11 21 5 24 32 3 
30 17 10 15 34 3 22 36 28 13 5 7 
10 25 17 1 30 36 3 7 15 27 20 22 
36 32 22 24 11 34 20 6 30 8 17 4 
31 8 29 36 2 23 11 27 18 20 6 34 
28 23 5 21 15 17 3 7 19 35 32 10 
30 16 1 12 7 9 14 27 36 18 33 5 
20 36 7 17 4 32 12 26 22 30 24 34 
25 32 28 13 3 30 7 5 22 15 20 17 
1 33 36 10 5 20 17 30 15 25 7 12 
17 4 34 29 2 36 21 31 26 23 7 14 
35 21 19 1 16 23 3 5 30 32 14 11 
21 3 1 23 32 13 7 15 17 34 11 5 
4 23 31 10 1 20 16 12 25 18 6 33 
23 27 21 5 18 12 1 30 14 10 32 36 
22 29 24 6 33 8 26 4 35 18 13 10 
10 18 30 20 14 5 28 23 7 16 34 3 
30 26 11 6 1 18 34 32 14 4 36 20 
23 14 35 2 29 20 12 33 7 17 25 27 
30 24 35 17 33 3 28 12 15 9 1 7 
32 22 25 19 28 7 17 15 2 34 5 10 
14 16 26 23 18 4 9 29 12 34 1 36 
16 32 1 9 36 24 6 29 34 18 26 20 
14 18 7 30 24 34 16 32 10 20 5 36 
9 19 26 29 32 36 24 5 34 1 12 22 
19 30 25 36 5 7 16 21 23 3 28 9 
21 36 28 6 1 12 8 3 19 34 31 15 
28 14 35 9 25 30 3 5 23 33 16 19 
4 10 16 33 30 22 14 24 1 19 12 27 
36 30 9 28 22 34 14 16 7 3 1 18 
8 23 10 3 30 28 34 17 12 32 15 26 
36 12 21 34 31 27 14 23 8 19 2 17 
27 6 31 18 23 4 34 1 8 15 11 21 
28 30 23 25 16 7 34 10 5 36 20 32 
18 5 16 29 31 20 33 35 14 2 26 12 
11 15 28 3 32 5 30 20 23 18 8 36 
17 23 31 19 7 12 26 14 1 9 33 3 
6 4 2 31 20 13 9 25 23 27 34 17 
19 28 17 11 4 32 1 30 7 15 13 21 
5 9 26 30 32 7 34 18 28 36 21 24 
20 29 14 2 27 32 24 36 12 18 10 7 
16 4 28 35 33 11 6 14 26 24 1 22 
5 28 10 12 26 23 8 18 21 31 15 2 
19 34 32 36 10 12 28 8 4 16 30 14 
3 1 32 17 22 11 35 6 9 19 29 25 
15 22 19 2 6 12 34 4 24 8 10 17 
18 7 3 31 9 16 1 24 29 33 26 36 
28 8 6 21 30 25 33 1 12 15 17 23 
29 16 7 22 20 32 35 25 4 9 12 18 
1 31 16 14 26 22 19 36 4 6 10 34 
30 9 19 2 11 32 13 35 24 15 4 7 
12 1 14 16 30 10 25 8 27 20 3 18 
21 12 29 14 33 36 16 9 3 1 7 5 
22 30 7 26 20 28 33 3 15 36 12 5 
13 25 31 1 29 27 3 36 34 9 21 18 
10 31 8 21 29 1 33 36 23 26 3 13 
15 30 28 12 7 23 9 26 4 21 18 1 
19 36 3 28 12 15 5 34 1 26 7 31 
15 5 26 34 2 23 18 8 21 36 30 28 
3 19 29 26 14 16 5 33 1 31 10 12 
9 16 35 21 19 30 14 32 11 5 25 2 
15 34 30 11 21 13 25 36 7 5 3 23 
22 7 15 31 3 26 34 18 28 1 36 9 
7 34 36 14 27 30 21 5 1 11 18 16 
6 15 26 9 24 32 13 22 30 36 20 17 
10 24 2 29 12 6 34 17 19 27 4 32 
5 28 12 20 31 23 36 3 17 33 15 10 
15 33 9 35 3 12 21 30 18 1 28 25 
33 4 18 8 31 21 24 1 16 35 6 14 
6 25 16 29 4 34 11 18 2 13 31 22 
14 36 31 12 22 26 5 18 10 34 3 24 
9 7 5 2 15 28 26 33 17 24 13 22 
6 21 1 4 23 36 11 26 19 31 34 9 
22 27 3 14 11 32 5 16 25 29 36 7 
19 27 3 17 29 15 35 24 31 12 1 5 
1 28 7 31 12 14 26 35 20 10 18 4 
34 25 15 22 13 7 32 5 3 1 30 9 
15 11 36 7 13 19 3 28 33 1 30 17 
32 9 3 12 29 22 5 24 26 7 19 16 
9 17 14 33 27 22 25 11 36 4 29 19 
5 24 30 26 36 11 28 3 17 1 15 7 
6 27 29 14 4 9 22 35 2 24 17 31 
35 18 30 1 7 28 12 16 14 3 26 20 
10 15 19 7 1 22 25 33 35 31 28 4 
15 2 31 26 4 24 7 20 11 9 33 36 
1 30 14 9 17 32 24 19 26 36 28 12 
9 30 4 27 17 34 20 23 36 15 32 11 
22 27 3 11 35 18 20 24 32 15 13 29 
17 21 30 10 28 19 15 33 13 7 36 23 
21 19 6 34 28 36 12 23 32 14 30 26 
14 9 31 19 17 7 33 21 3 29 12 36 
35 12 30 2 9 16 32 24 27 7 18 20 
28 13 31 9 25 23 4 6 20 15 17 34 
34 3 24 10 1 28 18 30 36 22 13 20 
33 17 29 36 15 1 26 7 10 24 12 21 
34 7 23 21 32 26 9 36 4 30 2 16 
34 13 30 22 1 25 4 32 36 8 28 17 
30 17 34 10 32 27 15 5 24 19 7 21 
9 12 30 15 25 23 21 5 7 2 27 36 
23 6 28 17 13 15 21 36 8 2 10 19 
36 20 31 8 34 12 14 18 29 5 1 23 
20 30 6 26 17 4 24 28 36 9 11 22 
11 25 15 2 9 21 30 36 23 13 5 7 
24 10 31 34 1 36 22 29 3 12 19 5 
26 32 2 11 6 9 34 36 19 30 21 28 
4 32 7 1 34 27 16 30 21 13 18 23 
2 17 21 34 27 29 14 11 25 23 36 4 
22 15 31 33 2 4 20 29 27 13 24 8 
34 29 18 23 32 12 36 7 5 9 20 25 
20 6 36 27 8 17 34 1 15 10 23 25 
29 2 25 31 13 18 35 16 8 4 22 6 
30 16 1 3 6 25 32 28 34 20 9 18 
22 13 4 36 16 20 18 31 11 29 9 7 
29 10 5 25 14 1 17 31 23 35 12 21 
3 26 33 6 36 21 28 23 1 14 12 8 
34 17 7 23 2 29 10 15 26 5 12 31 
9 27 17 36 3 14 1 29 23 7 19 5 
9 7 5 14 12 2 19 33 16 21 30 27 
11 29 27 35 19 32 14 6 4 16 9 22 
5 14 26 28 10 16 7 21 1 18 30 23 
28 32 10 34 3 20 12 30 26 22 24 15 
31 1 23 8 21 14 6 16 33 18 29 27 
8 22 3 15 30 5 33 36 18 25 12 10 
24 7 9 2 35 16 29 20 27 33 11 14 
9 11 36 17 14 28 34 5 25 3 31 7 
2 9 20 25 22 29 11 7 34 15 18 32 
24 22 13 11 3 9 26 7 30 5 19 34 
26 21 6 13 31 23 18 3 36 11 8 16 
19 1 10 14 31 16 27 24 35 22 29 4 
34 7 19 1 14 28 36 23 12 31 17 5 
22 14 3 34 6 9 17 19 27 32 11 29 
17 3 19 24 36 26 15 8 34 32 12 28 
12 30 20 17 15 6 35 2 33 4 27 22 
2 14 25 34 11 20 4 16 29 7 18 36 
10 20 32 3 26 28 7 13 18 16 1 36 
1 14 22 31 34 3 16 24 10 7 18 28 
25 5 3 20 22 36 11 8 28 13 17 34 
29 34 27 32 1 13 7 10 17 36 23 15 
20 28 22 11 9 13 26 30 6 15 33 18 
7 27 5 34 10 18 16 21 12 31 24 1 
30 1 5 33 24 16 27 35 19 12 14 3 
20 6 13 27 30 32 15 24 17 35 9 3 
20 24 5 12 7 36 27 22 14 17 2 31 
3 5 8 31 33 26 18 1 10 13 28 15 
27 18 34 10 16 32 4 13 24 1 22 30 
29 20 1 4 23 7 36 9 31 11 14 33 
23 10 1 27 33 14 31 3 19 5 17 21 
8 23 34 10 31 2 36 29 25 15 5 17 
27 13 35 2 24 11 17 20 4 30 9 7 
34 14 16 8 21 6 3 26 32 19 11 1 
28 2 35 4 8 31 25 21 12 6 33 18 
8 5 11 25 32 13 15 36 18 3 29 27 
8 14 4 35 25 2 21 10 12 28 30 17 
29 31 16 19 27 33 1 8 11 23 36 13 
31 33 11 23 27 29 14 3 17 21 25 36 
8 26 18 36 20 30 15 24 28 11 3 34 
5 15 9 25 34 27 17 7 2 30 19 13 
31 10 14 28 33 4 12 21 8 36 25 17 
10 27 36 29 21 31 3 12 1 15 33 8 
17 11 20 32 27 23 25 29 4 7 35 13 
8 6 19 13 11 23 35 25 28 17 15 33 
5 12 19 28 21 23 33 14 35 31 26 2 
29 14 18 6 22 16 12 32 36 25 9 2 
2 9 14 16 4 22 6 11 34 26 36 28 
28 24 7 34 31 13 26 16 22 2 18 11 
5 13 25 17 19 7 33 2 15 21 10 27 
8 10 35 6 17 23 25 14 30 3 32 1 
14 36 30 2 32 19 4 34 12 9 27 23 
8 24 13 16 30 22 5 26 33 11 35 2 
17 11 5 36 34 32 15 2 13 25 28 21 
22 1 34 32 6 20 15 13 10 8 4 18 
10 29 4 34 32 27 36 1 7 12 25 22 
21 15 2 35 19 24 32 12 8 27 29 5 
16 28 4 26 19 35 23 21 33 1 8 30 
22 3 13 24 10 17 30 20 28 1 35 6 
16 3 13 22 6 36 1 30 32 20 26 28 
12 24 17 26 29 2 32 6 10 8 19 22 
32 1 5 9 27 24 35 7 29 18 22 14 
10 29 13 18 24 33 6 1 31 26 35 22 
27 19 22 31 35 15 10 8 3 6 1 13 
21 12 5 31 36 15 1 29 3 24 18 34 
28 16 4 11 31 13 21 6 23 25 1 8 
21 31 18 8 3 12 6 33 26 23 16 35 
23 20 12 29 25 36 3 14 9 1 18 32 
28 5 1 7 20 34 23 17 3 11 26 15 
8 21 10 13 6 24 27 18 1 3 32 35 
25 12 6 4 10 27 22 14 1 17 20 34 
2 31 28 22 18 4 20 11 24 6 16 13 
29 6 34 14 17 12 21 4 2 10 26 19 
8 12 24 3 26 16 28 6 30 20 33 18 
6 8 12 35 1 22 10 17 28 30 3 26 
27 7 34 2 32 29 20 12 23 9 16 4 
4 24 17 13 8 35 10 1 28 26 19 30 
23 14 36 7 30 25 34 12 10 20 4 18 
25 31 18 2 20 11 13 22 29 33 6 27 
33 19 21 15 1 26 12 36 8 5 17 24 
25 16 6 19 4 29 1 36 11 8 23 21 
23 10 28 30 2 19 15 36 13 34 26 7 
4 8 22 14 24 11 16 20 6 26 18 31 
24 28 33 10 22 1 20 16 36 30 12 6 
7 15 34 31 18 11 24 9 5 20 13 1 
16 28 24 1 8 26 3 30 18 35 14 33 
27 32 36 2 18 21 4 8 29 34 15 6 
12 22 16 7 31 24 1 29 14 26 10 4 
8 27 10 6 1 24 20 36 22 15 33 13 
8 33 10 36 17 31 15 22 26 1 13 28 
31 21 3 34 14 16 12 5 29 8 18 23 
10 7 13 2 24 22 32 34 15 26 5 20 
12 35 2 10 7 30 22 20 32 28 4 24 
19 16 14 24 36 1 34 30 26 3 7 28 
21 1 12 8 17 24 29 4 10 27 31 33 
20 29 27 5 32 17 7 3 23 10 25 13 
29 27 15 24 31 6 1 21 17 13 19 3 
21 3 35 6 15 8 12 33 19 10 30 1 
17 26 20 3 36 23 13 15 1 34 32 29 
7 5 14 19 3 10 1 16 12 28 33 31 
21 1 36 14 6 30 27 18 9 25 16 34 
2 27 12 15 9 29 35 25 23 4 31 17 
17 31 4 22 15 24 2 26 35 12 29 19 
16 21 7 5 31 12 28 33 9 23 19 25 
25 34 13 7 27 36 15 19 31 4 17 9 
35 13 2 4 27 24 31 33 9 18 20 29 
14 7 19 1 12 29 22 10 4 34 24 31 
6 31 34 3 12 18 36 20 26 10 8 14 
14 16 5 3 18 24 36 8 33 1 22 20 
14 10 36 5 3 32 8 1 22 24 29 19 
13 10 24 32 27 36 29 34 19 21 1 4 
9 26 24 20 6 11 22 30 18 33 15 2 
2 25 4 12 22 27 36 8 31 29 14 34 
28 33 24 11 9 30 18 3 5 13 1 20 
12 23 33 8 19 27 25 21 1 31 4 36 
4 20 30 33 26 10 12 14 1 18 36 28 
36 13 7 20 3 28 10 30 1 26 34 16 
3 11 28 17 36 26 20 14 6 33 1 9 
10 5 26 29 22 16 35 20 2 14 12 8 
29 19 34 17 8 12 21 5 3 27 36 32 
1 35 3 28 26 5 15 7 23 18 12 20 
34 24 18 27 9 36 3 7 1 31 14 21 
7 26 15 10 22 13 36 17 2 31 4 20 
7 24 17 12 9 19 34 2 4 36 28 32 
25 1 18 23 6 11 34 28 20 31 4 14 
17 34 6 4 8 27 30 22 36 24 10 12 
18 6 12 10 22 3 31 8 35 14 25 20 
8 32 22 20 30 3 16 14 25 18 28 35 
5 9 29 16 2 21 26 19 7 32 36 11 
6 2 15 34 22 26 4 18 10 36 24 20 
22 36 13 28 17 25 1 10 19 5 31 3 
24 7 18 22 9 36 11 26 14 4 2 31 
10 26 16 28 30 35 5 33 13 19 2 23 
29 12 7 36 3 9 33 16 14 5 27 21 
3 13 1 22 27 11 30 35 20 16 8 5 
2 9 7 33 24 12 35 29 22 19 5 16 
16 22 29 12 2 19 24 9 36 14 32 27 
18 26 10 14 6 35 12 29 3 33 16 1 
9 2 24 13 19 17 35 11 28 5 15 22 
10 4 14 7 31 12 33 35 22 19 24 27 
20 8 31 10 2 18 29 26 36 22 4 15 
21 12 30 25 36 6 8 18 28 23 10 14 
15 26 7 28 34 13 1 32 17 3 5 36 
15 9 18 7 22 33 26 28 31 1 12 36 
7 20 36 15 2 9 34 27 24 11 31 4 
13 34 22 9 4 7 32 15 29 24 26 20 
14 26 22 8 10 24 36 12 29 5 31 16 
1 4 29 19 23 11 36 27 14 25 17 6 
35 18 29 27 21 7 16 25 2 31 33 12 
34 4 21 24 7 12 1 32 9 28 19 16 
29 20 2 7 23 33 10 27 18 15 12 4 
13 18 1 32 34 27 8 20 30 5 24 22 
24 20 11 4 26 2 6 31 15 18 28 8 
17 34 32 2 7 23 14 25 30 4 27 19 
22 8 10 19 35 12 26 31 17 29 5 33 
32 27 24 34 30 6 9 17 20 1 12 22 
18 2 16 30 32 36 25 8 10 22 14 34 
21 11 36 5 34 1 29 16 23 18 27 25 
13 15 35 28 19 23 4 26 17 7 33 11 
30 21 33 15 17 10 3 25 19 12 5 1 
15 11 20 7 31 13 22 9 1 33 3 5 
18 31 35 29 16 7 20 5 10 24 3 27 
27 10 1 34 30 25 14 4 8 23 36 32 
17 30 35 8 15 10 28 32 3 24 22 1 
15 24 2 8 31 29 6 10 12 4 22 18 
28 4 19 7 21 15 25 30 11 36 23 32 
4 34 10 32 8 6 16 20 23 36 12 1 
27 21 13 33 2 17 5 23 25 15 35 7 
7 22 19 13 15 33 28 35 25 31 3 17 
29 35 25 33 18 31 16 7 20 22 13 10 
8 17 30 6 10 25 21 14 12 1 35 27 
27 25 35 31 6 3 10 15 13 22 8 33 
1 18 3 8 27 16 6 35 33 20 29 10 
1 7 23 32 3 27 18 30 35 16 5 11 
11 14 18 21 23 8 2 29 6 35 27 31 
16 11 3 20 22 31 28 25 6 14 36 18 
14 12 30 17 6 19 22 8 1 36 28 10 
18 11 9 5 29 20 1 13 16 26 33 35 
12 1 9 16 29 19 14 32 7 23 36 4 
4 24 19 17 6 22 26 2 33 11 8 30 
6 14 29 33 11 35 8 23 1 17 25 31 
28 34 9 7 32 36 14 20 30 24 1 22 
16 5 32 25 12 28 7 35 23 3 30 10 
36 6 4 2 31 24 26 20 33 29 12 15 
11 33 36 3 22 8 6 27 30 25 19 1 
24 18 21 31 26 8 1 13 3 10 16 28 
13 24 26 15 28 34 32 10 18 22 20 7 
34 30 32 9 22 6 36 26 4 1 24 15 
13 8 26 19 6 33 30 15 17 3 28 23 
31 22 1 6 12 9 35 4 28 24 14 33 
32 2 26 8 10 16 6 36 18 28 24 34 
14 8 12 18 34 25 16 27 22 31 5 3 
32 8 20 16 29 3 34 22 25 36 10 1 
19 21 31 17 34 6 28 36 8 3 24 11 
28 4 19 36 17 7 30 21 32 24 26 34 
1 33 9 3 19 7 5 29 15 12 22 25 
34 1 19 29 5 7 12 16 14 24 32 3 
1 3 10 36 32 7 20 5 30 24 16 12 
34 11 22 31 27 29 24 5 17 7 1 3 
34 3 5 32 7 1 12 21 19 28 26 23 
19 36 11 4 2 17 15 7 13 30 9 21 
15 31 27 12 33 25 36 4 7 20 1 29 
31 4 2 22 11 29 14 26 6 8 18 20 
21 19 17 30 9 36 24 4 15 32 34 11 
10 5 1 32 16 27 3 23 25 21 29 12 
1 29 19 22 26 33 24 3 31 12 16 10 
27 1 32 10 25 17 3 15 34 8 29 23 
7 28 25 3 1 9 12 33 31 5 18 36 
34 5 21 13 30 27 10 19 2 32 25 8 
7 9 34 21 15 32 29 25 17 27 23 5 
35 24 6 19 1 8 17 14 28 11 22 33 
36 13 21 11 15 32 4 30 23 18 27 7 
2 9 25 19 33 21 27 7 29 11 14 23 
26 36 4 33 16 28 24 21 19 13 10 30 
2 6 23 10 25 19 33 30 4 14 17 35 
15 27 7 23 10 35 19 12 2 4 29 33 
10 22 33 28 35 6 26 15 2 13 31 24 
10 13 3 32 34 17 5 23 15 25 7 20 
33 14 7 4 16 21 29 36 12 26 31 18 
13 2 28 20 15 18 8 23 33 35 4 31 
22 4 33 29 8 6 31 17 26 35 12 1 
9 1 31 15 34 17 20 26 24 3 13 28 
21 23 13 3 28 18 36 25 16 1 5 8 
32 14 34 20 24 7 22 36 17 1 5 10 
31 22 27 29 25 34 19 10 1 7 14 36 
18 36 21 32 34 12 27 14 10 7 24 5 
12 18 6 31 8 14 33 2 36 24 4 16 
12 33 7 3 29 22 36 24 31 5 20 15 
3 8 35 30 22 10 12 28 15 24 1 32 
36 15 11 2 13 7 24 17 9 30 5 33 
14 4 8 27 6 10 23 17 25 33 31 19 
13 19 17 22 8 32 24 27 6 34 1 3 
32 9 3 16 26 23 13 34 30 1 18 5 
24 15 21 26 34 32 3 18 11 6 36 30 
4 30 28 32 12 1 25 10 19 36 6 23 
12 22 34 36 7 14 9 2 17 24 29 26 
34 2 7 20 27 13 29 10 18 15 32 5 
10 7 2 14 34 25 5 21 18 23 16 36 
4 18 28 16 35 12 10 24 21 30 33 6 
10 17 6 20 31 28 4 15 34 8 26 36 
10 36 3 30 1 32 15 34 18 13 21 28 
12 9 32 30 7 16 24 2 27 22 36 20 
2 16 10 33 12 14 8 28 5 19 31 35 
34 25 4 7 13 36 31 17 20 15 10 29 
10 17 15 29 3 20 24 35 5 22 31 7 
27 18 13 29 33 31 6 24 10 4 20 2 
20 17 28 9 11 25 3 6 22 36 31 33 
30 21 32 1 6 27 15 4 35 12 24 18 
27 9 13 6 25 21 17 1 11 36 23 30 
32 1 10 5 22 8 12 24 17 14 30 34 
36 20 7 32 1 29 14 12 24 3 22 9 
36 11 34 29 13 16 3 31 18 7 1 21 
31 7 24 10 26 5 19 12 35 15 22 28 
20 23 9 4 18 6 16 25 14 29 35 32 
5 34 7 26 9 32 3 1 36 28 21 14 
34 29 32 12 1 19 3 15 36 23 26 7 
18 28 6 30 22 12 2 16 4 14 32 20 
32 11 21 18 6 34 4 1 15 29 26 23 
14 18 11 4 20 16 1 32 27 23 30 6 
26 3 20 24 28 11 9 15 13 36 30 22 
35 23 33 6 3 11 31 1 26 14 20 16 
6 32 13 24 22 29 3 20 1 35 8 16 
22 3 29 18 14 11 33 5 9 7 24 35 
28 5 34 7 12 18 25 10 2 20 14 31 
23 12 8 30 15 28 4 21 6 1 25 36 
32 5 36 7 20 17 11 30 9 1 27 25 
27 10 23 16 1 29 31 25 3 6 36 18 
30 36 17 1 7 19 14 24 3 11 5 34 
13 36 32 26 21 9 24 16 11 28 34 30 
16 33 10 1 5 13 35 8 28 26 31 24 
22 3 8 28 20 33 17 11 26 5 15 36 
32 35 3 10 6 1 30 24 22 14 20 26 
17 29 31 3 1 22 20 33 5 27 12 25 
30 32 36 9 4 12 25 28 20 15 2 17 
7 12 29 1 18 35 22 24 14 27 9 32 
19 11 24 30 35 28 1 7 9 17 26 13 
14 4 6 18 34 2 27 10 25 16 23 29 
35 18 16 4 6 27 24 2 30 10 22 12 
21 35 33 25 31 19 1 23 7 27 13 11 
36 29 20 27 12 2 6 4 34 25 31 22 
19 31 2 34 6 24 10 27 4 29 22 36 
6 33 1 14 12 30 8 26 17 19 10 24 
29 22 24 19 27 12 2 32 14 36 7 16 
11 1 7 15 23 21 19 29 13 34 4 9 
32 9 24 15 30 5 20 27 17 1 12 22 
16 1 27 31 14 35 3 33 25 19 5 23 
2 35 24 21 31 19 29 10 4 17 13 8 
14 20 35 1 12 8 29 16 24 6 33 22 
24 8 28 36 1 4 6 10 19 22 17 14 
17 22 31 19 11 6 36 15 9 25 3 27 
33 24 11 26 18 2 22 36 31 5 9 29 
27 17 36 24 10 15 22 4 6 30 8 19 
33 31 6 25 3 10 8 28 21 19 36 14 
4 19 1 29 36 17 9 24 7 33 21 14 
19 25 34 1 5 3 7 36 12 14 28 32 
22 35 18 29 14 7 26 12 9 2 24 4 
8 16 31 28 26 13 18 4 24 6 22 10 
23 27 25 18 7 1 16 32 14 9 21 35 
36 4 30 17 6 21 19 2 24 15 32 34 
22 6 12 4 2 9 33 19 36 15 29 26 
29 17 19 21 3 15 5 8 23 33 25 1 
19 31 23 12 14 33 16 1 35 27 10 7 
19 1 11 15 9 17 7 26 33 31 24 28 
22 18 26 12 32 36 7 24 16 28 4 9 
6 4 13 20 24 16 32 34 26 11 9 22 
5 1 10 22 28 17 15 24 26 31 33 12 
16 9 3 20 22 18 12 24 5 31 28 1 
25 19 14 16 22 28 30 7 36 2 12 33 
4 31 11 8 13 15 1 21 29 33 26 23 
1 5 24 9 30 17 27 22 36 32 3 13 
31 35 12 14 22 18 6 10 4 25 1 27 
34 22 24 36 32 13 30 3 20 16 1 7 
23 14 29 12 27 17 4 21 6 19 8 2 
25 6 14 34 12 30 21 10 27 36 1 8 
22 24 28 34 4 32 8 20 30 1 16 11 
6 18 13 21 3 30 1 24 32 36 28 34 
36 17 3 19 34 27 15 29 1 12 6 10 
18 24 26 35 28 5 13 1 20 33 3 30 
8 18 31 16 29 3 10 24 33 6 36 13 
9 35 18 23 12 27 7 31 14 20 1 29 
4 27 20 36 2 14 11 16 18 24 31 33 
29 8 10 22 17 20 34 15 6 32 36 13 
35 28 12 1 9 18 30 20 32 4 15 6 
5 1 3 33 29 14 36 31 23 25 12 18 
27 4 11 14 25 8 35 20 32 16 2 22 
9 23 30 4 21 17 14 7 12 1 32 27 
6 22 16 18 24 14 8 36 26 10 1 32 
22 15 9 4 2 34 28 32 24 12 30 17 
1 18 6 3 22 14 26 29 8 24 35 32 
28 3 26 34 30 15 9 12 32 36 22 19 
1 20 15 35 13 33 22 4 6 9 17 31 
26 32 13 34 29 1 9 11 16 24 3 36 
31 7 19 28 35 9 24 26 4 33 11 21 
14 5 16 20 26 30 18 11 2 23 34 28 
7 27 22 19 24 1 15 11 35 29 13 31 
34 13 23 30 32 25 6 15 28 19 21 9 
6 21 28 33 30 35 11 16 19 23 26 8 
6 27 30 18 11 35 24 32 8 21 3 15 
36 4 27 31 14 11 17 2 23 6 19 34 
33 3 24 35 11 19 16 5 13 9 26 22 
24 26 31 5 18 35 20 2 29 16 9 22 
7 33 3 5 1 13 26 28 35 24 15 17 
22 13 27 1 29 17 34 11 36 6 4 32 
29 3 15 10 8 32 24 6 22 35 26 12 
8 10 1 29 31 14 35 33 19 16 3 26 
18 34 20 33 21 30 4 15 11 12 4 6 
23 22 4 16 10 8 10 22 29 20 27 23 
19 33 12 32 34 19 7 20 20 33 6 6 
15 27 32 17 11 22 19 26 36 1 16 30 
25 19 6 17 12 6 7 3 14 9 31 5 
7 20 35 35 27 13 22 15 24 8 26 17 
8 16 17 15 30 18 20 4 6 22 6 26 
25 22 16 18 36 34 16 24 27 5 23 10 
25 23 17 21 24 16 5 36 32 31 2 9 
11 8 28 22 4 20 16 2 35 29 28 5 
23 33 9 26 22 7 4 26 22 22 31 6 
23 12 3 11 1 28 15 7 5 18 24 19 
16 26 21 27 10 21 18 25 25 7 22 31 
15 17 11 33 14 15 18 26 27 26 26 3 
9 15 32 12 9 14 27 23 28 36 4 12 
4 19 26 30 23 2 32 26 22 8 26 3 
23 17 22 11 3 13 13 20 11 2 22 4 
9 22 18 15 36 32 8 3 15 15 6 6 
33 31 16 19 5 31 36 22 22 29 34 16 
23 7 7 36 11 30 22 8 7 36 35 8 
29 17 23 4 30 29 15 3 31 14 33 27 
10 10 2 21 16 11 26 2 24 9 15 13 
36 17 35 33 27 19 10 13 31 14 8 26 
7 35 13 34 33 29 9 7 1 34 4 29 
17 23 12 5 26 10 23 9 1 24 20 31 
35 3 6 25 29 17 28 31 8 30 20 4 
24 13 17 28 36 3 27 1 12 23 30 1 
32 26 7 24 9 34 6 29 19 8 3 16 
19 22 28 34 36 28 3 3 22 34 17 10 
11 33 29 27 8 27 10 7 21 27 29 14 
27 32 2 6 17 25 24 28 9 24 15 36 
36 23 18 18 30 5 22 30 31 3 12 35 
17 35 34 26 30 14 2 9 7 16 29 27 
12 14 19 29 17 11 14 21 26 7 24 36 
2 26 14 33 13 31 32 27 22 35 3 15 
30 10 1 18 25 11 2 30 4 13 12 10 
35 20 22 28 11 7 30 36 14 26 28 9 
13 32 17 31 9 7 6 5 30 11 19 13 
6 15 28 19 6 16 12 8 18 28 34 14 
1 22 22 20 2 9 8 34 23 9 7 24 
23 5 4 14 20 36 5 3 3 8 13 6 
19 25 22 3 32 25 7 5 24 31 25 26 
4 34 9 28 19 18 16 13 31 18 4 10 
17 31 31 32 18 33 31 7 17 19 18 30 
7 5 12 21 27 36 9 10 21 18 6 20 
5 6 12 19 26 7 35 20 22 35 8 18 
2 11 28 36 2 32 29 11 7 34 27 16 
24 19 5 13 7 35 25 16 26 21 19 11 
13 9 6 33 20 10 30 20 36 20 11 3 
33 30 20 17 30 3 11 3 21 29 4 21 
23 16 27 9 3 23 18 28 4 19 27 28 
4 3 28 34 22 15 4 9 14 11 2 15 
1 4 14 2 28 20 31 4 8 32 36 34 
28 28 34 16 4 36 15 11 28 30 26 21 
16 18 4 27 11 18 16 5 21 14 1 25 
24 23 5 27 22 5 11 7 13 13 24 5 
17 23 13 36 4 22 4 28 33 16 12 23 
9 6 12 35 27 7 17 12 34 26 27 27 
30 16 28 19 11 10 34 8 1 18 9 32 
4 29 20 36 1 33 9 3 16 3 25 1 
31 3 31 9 18 11 21 2 12 8 15 2 
17 36 4 32 29 34 31 24 6 19 14 27 
25 27 21 35 13 23 9 21 14 1 29 34 
10 6 22 8 1 13 34 29 35 5 13 22 
36 15 27 35 27 17 21 21 19 25 23 35 
32 23 6 32 33 35 26 17 4 2 8 34 
27 25 15 6 32 25 11 26 3 32 8 18 
25 12 16 23 3 34 35 10 7 29 14 36 
11 13 9 27 25 9 35 27 17 8 19 30 
2 3 18 11 6 34 2 32 17 15 27 22 
24 11 4 11 30 36 22 1 34 30 20 7 
30 23 15 24 15 35 19 12 5 26 34 6 
34 11 13 1 10 27 9 21 20 17 26 18 
30 15 3 11 26 26 28 30 10 30 23 29 
30 15 1 18 31 18 12 18 20 7 12 21 
36 33 36 30 10 29 19 36 10 6 16 34 
20 26 28 29 36 5 12 22 32 1 35 31 
36 32 33 3 15 21 12 12 18 10 29 2 
32 33 34 24 26 22 7 26 10 2 20 8 
31 29 15 33 23 4 4 3 16 21 10 17 
6 3 35 16 20 7 35 7 33 32 23 34 
30 26 27 33 23 19 16 23 25 35 17 22 
4 1 13 11 12 20 24 29 27 33 1 28 
33 10 9 34 20 8 13 18 24 1 36 7 
8 15 7 16 31 23 24 7 17 30 24 11 
30 20 5 13 23 34 28 27 16 8 14 3 
23 14 27 36 8 16 1 3 9 7 10 10 
18 11 1 27 19 14 24 34 35 14 20 4 
10 11 8 18 18 8 9 20 1 10 13 5 
10 31 23 4 16 6 12 4 5 11 16 32 
28 8 6 19 31 12 29 12 16 32 12 29 
18 17 12 34 30 19 32 20 1 24 29 9 
23 5 10 12 30 32 9 29 7 24 31 12 
20 19 12 23 26 14 19 22 8 29 4 31 
14 18 5 27 13 6 6 5 32 36 26 32 
35 9 5 23 34 13 33 25 29 36 10 26 
17 4 12 14 17 15 36 2 3 8 14 26 
15 24 19 11 5 9 24 17 14 23 4 26 
9 18 1 6 19 26 12 26 26 23 31 4 
8 12 31 4 2 3 9 30 33 36 30 2 
32 35 31 27 4 26 19 18 12 6 28 12 
30 2 1 23 20 32 33 5 1 31 17 31 
24 30 10 21 10 27 28 8 1 36 12 25 
31 1 10 31 10 7 20 12 13 20 15 9 
26 9 28 24 20 33 25 31 3 2 19 24 
20 11 18 4 11 35 17 26 15 15 6 25 
34 33 15 19 30 14 1 5 19 36 28 36 
36 32 13 20 9 34 17 23 14 33 25 13 
22 27 17 12 25 19 13 32 34 15 1 34 
29 4 3 1 23 19 10 5 19 17 24 11 
12 35 13 19 36 3 19 24 3 2 33 35 
9 16 9 10 34 18 22 3 23 5 4 17 
10 11 6 15 18 18 29 24 30 8 13 20 
9 19 4 27 21 36 30 9 23 4 16 22 
17 13 12 21 30 17 24 21 6 7 7 28 
4 6 31 35 10 14 17 17 29 17 24 24 
18 21 14 31 28 5 4 24 2 17 23 31 
17 22 2 25 4 26 8 18 11 19 32 2 
7 14 3 22 3 14 2 32 4 17 4 1 
15 11 30 2 6 3 13 35 17 14 29 31 
26 14 20 30 22 18 9 35 16 2 6 7 
5 19 13 2 28 33 22 26 25 23 34 19 
5 36 10 33 8 5 34 13 23 12 34 12 
28 16 28 9 28 34 36 24 33 2 14 22 
32 31 10 22 7 20 9 3 29 35 14 17 
32 4 35 23 31 9 23 1 24 31 6 13 
17 26 6 33 36 12 36 19 32 28 35 2 
4 27 22 5 3 9 18 21 35 23 16 17 
29 12 4 29 2 30 23 21 29 8 13 34 
14 25 8 18 25 28 1 23 16 8 12 23 
3 10 24 19 36 36 36 8 20 36 4 11 
34 16 34 17 31 22 14 14 2 5 14 31 
1 35 12 8 12 1 25 5 14 18 2 10 
25 34 8 7 13 21 19 4 8 28 24 25 
12 17 29 4 14 6 22 9 21 22 1 19 
32 14 32 35 13 15 21 10 2 35 36 12 
16 4 10 2 2 13 27 5 35 36 14 33 
10 30 5 7 1 2 26 26 31 21 34 22 
20 12 10 7 12 14 26 6 25 3 4 16 
7 1 33 3 23 7 32 21 12 5 21 3 
27 11 8 33 9 19 20 7 9 21 10 7 
11 2 36 25 15 32 16 21 30 28 8 6 
11 18 2 4 17 22 3 24 15 25 34 10 
15 18 15 8 21 31 28 17 9 22 4 2 
15 3 12 21 32 34 6 2 11 15 21 25 
35 1 8 27 20 34 18 11 27 31 28 18 
1 35 4 19 29 1 8 13 21 13 12 11 
29 3 14 19 22 24 12 2 1 1 8 18 
29 29 31 30 9 4 13 25 22 7 33 20 
21 4 14 28 14 9 8 35 32 3 16 35 
3 8 22 18 34 29 28 12 29 5 12 36 
15 23 5 12 30 22 23 25 32 6 5 8 
5 6 22 22 19 34 30 28 2 16 26 3 
12 23 11 18 1 14 20 8 35 7 32 33 
7 8 31 4 1 4 24 32 14 8 27 34 
20 20 25 22 24 10 19 29 31 2 36 26 
22 14 26 9 18 30 4 22 10 33 25 28 
10 25 14 32 33 34 27 34 1 34 7 25 
35 2 17 25 5 6 26 7 12 7 11 8 
22 13 7 30 22 19 22 33 21 35 34 29 
3 25 11 22 1 26 18 15 19 29 13 12 
33 13 24 9 24 6 23 33 26 24 16 36 
30 4 31 1 33 17 18 22 12 23 36 14 
2 13 1 9 30 20 10 14 18 16 7 22 
33 13 33 2 28 6 20 13 26 16 21 33 
20 32 8 10 22 17 9 3 2 9 26 16 
24 32 8 34 2 1 24 5 15 27 2 20 
13 28 9 25 21 8 14 12 23 35 32 23 
18 17 31 13 25 13 3 5 18 18 32 7 
19 7 10 1 34 25 7 9 35 24 5 31 
1 27 10 3 7 16 24 3 25 29 26 8 
33 33 1 24 36 3 21 29 34 10 15 17 
13 12 20 36 16 5 11 18 19 34 10 12 
19 29 5 26 14 4 19 17 11 2 24 30 
21 18 11 21 31 7 9 27 23 4 20 9 
9 28 31 36 5 23 8 30 30 1 28 25 
23 1 25 28 1 19 6 24 19 28 9 28 
2 9 4 16 3 14 6 14 3 14 36 33 
30 33 29 18 30 9 1 34 33 3 31 8 
34 28 22 1 8 10 33 21 13 34 19 8 
16 3 34 15 5 36 32 2 14 35 32 16 
23 22 33 16 3 4 3 19 2 11 22 34 
28 30 6 22 20 5 32 5 15 6 5 14 
29 28 5 4 36 32 9 10 9 8 5 13 
26 5 11 24 20 34 21 30 36 10 24 20 
15 32 25 32 1 11 8 6 9 35 3 12 
1 28 26 36 31 6 28 22 13 7 29 15 
9 29 13 4 26 36 10 8 11 20 2 1 
10 14 36 1 35 28 2 31 17 1 29 11 
33 6 28 33 11 21 25 29 36 19 25 15 
8 36 29 8 19 28 16 35 9 16 20 9 
24 9 34 15 36 36 4 14 31 22 9 29 
32 25 6 8 19 21 18 12 29 14 25 18 
4 2 34 25 16 33 18 17 26 3 28 20 
9 32 29 9 13 13 18 26 22 16 25 31 
35 15 3 35 22 12 24 8 26 7 28 3 
6 34 34 5 32 23 13 33 20 1 33 5 
20 26 14 35 17 24 10 6 8 6 17 17 
26 33 18 30 13 12 24 4 35 8 25 17 
36 19 19 3 35 20 10 20 15 31 15 24 
7 6 15 26 20 1 10 27 24 2 17 5 
5 30 17 21 5 16 33 16 27 22 30 24 
25 16 25 20 1 9 30 9 3 11 27 16 
9 28 6 27 15 14 1 20 3 24 6 14 
29 29 32 29 1 32 21 6 23 6 25 29 
7 13 18 15 14 5 23 22 23 27 20 12 
29 29 17 10 3 34 31 5 18 16 17 17 
29 6 3 6 25 20 36 19 36 27 10 27 
19 29 27 22 32 15 32 35 23 11 15 34 
21 22 31 35 10 3 19 2 12 31 6 25 
20 4 10 29 22 10 2 14 33 30 32 34 
15 4 32 12 18 17 13 9 17 21 9 31 
8 22 13 13 18 21 11 23 7 16 14 17 
30 26 12 34 12 10 36 29 1 33 2 10 
1 30 13 36 8 12 3 2 12 15 3 6 
17 5 14 8 36 29 25 14 15 33 31 21 
15 24 6 19 19 25 24 24 7 6 1 12 
6 24 16 13 30 23 19 16 2 19 10 17 
9 11 9 4 31 1 24 4 19 13 20 23 
9 11 36 3 17 9 13 23 19 28 8 30 
22 24 19 23 2 23 5 18 6 11 10 4 
11 15 21 31 22 27 20 34 25 2 24 31 
8 32 8 16 31 19 16 8 36 18 25 33 
21 30 22 10 28 5 4 32 24 32 23 25 
17 31 9 35 1 20 21 35 34 2 32 20 
19 2 30 35 22 19 29 32 32 19 10 20 
36 18 9 10 7 18 15 13 26 5 5 8 
24 5 9 18 7 24 22 15 34 16 3 10 
16 5 11 29 13 12 6 10 6 27 10 30 
35 10 25 15 27 30 23 3 5 26 1 7 
36 10 22 7 17 25 30 8 20 12 24 32 
3 7 30 33 31 18 23 1 29 10 22 23 
12 19 31 34 7 28 3 28 2 29 31 36 
16 31 16 8 27 1 35 22 21 14 9 3 
10 2 21 25 27 31 5 29 35 24 20 20 
7 35 31 18 36 11 32 11 25 3 19 15 
28 1 29 32 8 7 31 22 27 32 28 19 
9 34 14 33 4 31 29 27 24 27 14 9 
32 13 20 16 22 4 35 19 32 26 22 31 
34 36 21 6 5 20 27 4 13 24 30 22 
25 21 12 17 2 20 3 28 30 21 32 35 
9 7 8 8 33 18 2 17 6 23 30 31 
32 15 17 7 29 7 21 10 16 10 30 16 
6 32 14 2 28 14 35 36 13 28 31 29 
32 2 30 31 4 34 26 28 24 33 35 29 
23 13 15 21 31 35 34 8 36 26 6 33 
2 2 36 3 30 27 33 2 23 3 11 13 
4 31 20 18 22 15 25 3 32 32 13 2 
23 23 31 4 36 31 8 16 22 27 28 5 
21 9 8 8 2 3 15 22 6 36 9 24 
3 6 5 4 24 13 28 30 6 11 19 28 
24 21 34 24 7 20 1 4 19 9 14 24 
23 9 28 17 9 3 12 22 15 15 8 22 
5 29 32 19 12 1 24 26 14 23 34 24 
31 17 20 13 8 14 30 4 27 11 8 12 
22 10 10 12 4 9 1 17 26 20 4 35 
26 30 23 8 7 14 27 27 9 26 21 29 
34 19 20 33 24 35 29 30 26 15 17 29 
5 2 15 31 36 30 15 13 35 28 22 5 
4 24 16 22 8 30 26 13 24 6 31 21 
21 16 19 8 9 2 22 2 30 7 23 18 
26 30 6 20 7 9 3 19 21 33 1 7 
28 9 9 32 17 1 18 16 34 5 16 28 
23 9 2 29 22 17 31 10 5 30 21 2 
26 5 15 14 34 28 32 29 33 30 28 12 
4 28 26 29 34 11 18 3 32 19 6 9 
35 24 22 7 35 32 14 5 18 6 26 34 
25 24 34 27 14 9 35 9 20 35 29 31 
27 30 2 35 26 16 24 28 25 1 34 15 
31 23 14 9 15 24 7 16 4 4 7 35 
28 1 13 21 15 23 29 25 4 19 13 4 
1 36 12 31 16 6 1 7 18 32 3 13 
15 6 23 7 11 30 32 10 19 29 19 7 
4 30 20 34 7 9 18 31 16 21 31 34 
27 13 11 27 9 20 36 17 7 32 2 35 
5 11 3 5 34 33 31 28 19 14 30 8 
16 36 2 25 13 22 29 8 6 6 21 14 
19 34 23 6 25 8 36 1 3 5 21 4 
18 34 3 35 27 10 6 17 21 29 15 1 
34 33 16 19 34 1 6 2 16 23 9 34 
23 21 34 15 24 20 34 4 13 29 30 17 
4 32 24 15 6 3 33 19 9 17 33 20 
3 8 4 8 11 6 33 29 36 23 11 18 
34 13 30 35 36 27 12 1 3 17 5 10 
5 14 10 7 34 36 36 26 18 12 26 10 
33 32 29 7 7 1 6 25 17 9 22 33 
19 36 4 7 29 29 14 11 14 34 17 15 
8 6 25 28 32 8 16 30 24 1 25 1 
22 3 33 10 29 16 26 4 3 21 3 27 
2 5 26 33 22 24 26 23 8 33 10 10 
13 21 30 24 11 7 3 5 11 27 22 19 
34 8 23 7 7 17 7 12 18 28 24 24 
28 28 12 35 28 11 12 3 36 25 28 1 
34 7 21 18 25 2 15 36 18 21 9 34 
22 8 12 20 21 31 17 32 23 10 23 1 
20 16 3 28 6 32 20 32 15 27 19 9 
23 19 9 31 29 5 17 21 12 36 16 4 
3 19 32 15 35 7 17 25 24 28 32 24 
23 16 13 6 29 34 15 20 11 13 3 9 
9 4 12 24 5 6 13 32 4 4 20 33 
30 11 13 4 16 18 4 27 30 20 19 24 
21 12 12 6 26 14 23 1 20 8 36 13 
27 14 8 22 23 33 25 24 34 4 18 28 
8 13 30 34 30 9 32 20 11 8 26 7 
9 35 9 14 7 15 27 13 32 18 22 14 
26 35 26 32 30 22 7 33 36 26 33 33 
11 23 23 1 22 36 7 26 6 13 26 31 
16 28 34 31 35 23 1 36 9 18 2 21 
14 17 9 25 14 9 2 13 26 1 10 5 
1 4 34 12 28 29 26 3 23 35 16 1 
6 30 16 18 19 9 21 28 28 11 12 20 
10 20 31 25 34 8 29 3 10 20 26 21 
3 33 26 8 13 6 9 20 19 2 30 27 
2 31 10 31 25 26 25 8 35 18 9 30 
12 15 5 23 14 29 27 23 32 9 24 31 
22 4 18 21 2 28 9 9 27 27 8 13 
21 16 7 19 1 23 23 25 25 24 12 21 
35 10 32 35 13 5 9 34 15 31 36 16 
24 35 14 17 11 3 35 27 10 17 11 31 
7 26 6 29 30 4 6 13 9 35 22 7 
28 4 34 4 19 33 17 27 16 18 25 3 
6 21 31 12 18 30 14 19 1 32 21 9 
8 26 23 15 12 13 33 35 2 6 5 21 
21 4 6 13 35 7 21 11 27 36 16 32 
17 26 24 3 2 36 30 6 29 5 2 6 
11 7 2 27 18 17 33 9 10 21 30 21 
18 23 14 9 1 2 19 32 19 17 9 25 
29 18 7 29 32 16 22 13 36 31 18 15 
10 12 17 1 24 4 13 18 33 31 23 11 
3 3 6 20 24 20 27 2 31 25 36 8 
31 30 35 8 5 19 7 28 18 32 19 21 
9 8 18 16 34 5 15 12 2 31 10 32 
29 23 7 9 7 14 18 9 9 15 22 15 
15 28 7 14 35 34 2 7 6 19 21 17 
16 17 9 33 5 28 12 33 25 34 34 4 
29 19 15 10 31 14 5 7 21 22 36 27 
25 25 13 35 20 31 1 26 6 3 9 4 
3 11 1 22 24 7 8 33 33 8 32 7 
8 19 8 35 34 1 27 33 33 16 3 5 
2 5 29 15 3 4 25 27 14 17 36 27 
23 19 11 16 31 22 10 31 6 25 10 26 
4 10 19 22 27 6 3 32 35 7 24 25 
9 6 2 25 24 34 8 15 24 32 15 1 
35 34 31 4 6 7 17 35 6 22 1 16 
26 22 10 7 7 15 12 11 11 26 26 13 
8 3 13 35 30 10 15 18 15 35 27 18 
24 10 28 8 15 27 17 32 3 18 17 4 
32 5 17 17 10 35 3 4 36 3 4 3 
23 3 24 7 15 33 25 32 10 26 22 11 
13 13 27 2 17 11 22 17 8 35 7 12 
13 9 22 21 8 35 32 18 17 30 14 5 
21 33 25 26 24 27 13 25 20 18 27 31 
25 25 6 34 27 10 31 13 6 24 10 10 
24 10 27 10 35 33 28 2 17 15 33 23 
1 20 36 22 12 14 35 36 17 8 5 6 
14 9 16 6 29 26 25 14 13 1 33 33 
26 8 28 30 8 7 19 19 26 11 9 29 
20 24 26 11 8 14 6 9 30 12 4 27 
25 34 21 12 2 12 10 8 29 1 36 27 
29 30 19 36 15 35 33 1 32 22 5 29 
8 20 20 36 31 30 18 30 26 8 28 17 
1 16 23 13 30 22 1 33 5 1 5 4 
13 8 31 27 33 23 18 35 7 15 8 10 
26 29 1 8 24 12 26 21 33 14 29 25 
29 36 22 7 14 25 18 25 2 19 9 3 
15 24 21 12 17 36 36 9 4 17 15 9 
29 16 1 11 22 10 10 19 30 33 12 34 
3 29 34 19 5 9 5 16 30 1 33 17 
14 15 16 18 27 3 9 15 8 7 34 25 
9 5 15 10 30 4 35 29 2 1 18 4 
23 13 27 17 14 20 25 5 36 17 25 8 
5 6 13 7 33 9 18 15 19 10 31 30 
15 20 35 7 30 4 17 25 5 22 1 21 
14 11 36 13 22 36 13 15 32 35 25 24 
14 22 2 32 18 15 9 7 3 12 9 14 
19 16 12 33 17 17 13 3 3 3 3 16 
14 10 14 10 35 30 24 22 10 25 32 5 
1 29 3 7 22 5 24 22 31 14 21 34 
11 21 11 17 28 4 18 20 26 1 32 30 
10 32 15 5 8 31 21 18 10 15 24 33 
21 34 23 20 10 34 2 23 17 6 32 7 
13 33 34 22 28 6 12 21 29 24 3 1 
27 32 20 29 23 22 11 8 34 13 2 21 
7 25 11 18 25 17 10 2 10 5 33 33 
36 12 23 28 6 16 3 14 16 24 18 26 
16 26 31 19 1 6 3 36 7 14 30 12 
34 7 6 4 31 10 9 3 27 19 9 1 
19 33 14 21 11 17 18 11 26 34 18 22 
20 17 10 21 36 11 2 31 19 14 3 2 
13 23 3 29 35 8 31 30 14 34 35 35 
22 19 29 21 4 17 34 36 21 31 2 10 
31 28 23 35 17 17 26 2 4 36 35 5 
26 32 7 36 18 23 18 22 2 17 4 26 
20 2 20 11 18 33 34 22 32 25 27 36 
5 13 30 31 1 2 14 9 6 1 27 27 
30 31 11 32 35 10 3 8 16 7 22 13 
34 15 3 12 26 13 28 26 22 5 23 32 
33 5 4 3 21 34 7 27 10 36 7 8 
4 19 17 10 34 28 20 21 19 6 35 35 
15 30 32 5 31 8 12 22 30 12 2 7 
5 15 35 23 17 21 5 11 7 6 12 24 
30 25 29 9 16 25 13 32 7 14 19 23 
13 9 19 21 19 28 4 5 5 10 11 6 
35 25 21 20 34 4 30 26 5 33 2 3 
3 11 2 16 2 2 35 32 34 4 10 1 
8 9 24 25 18 35 14 4 19 11 1 20 
10 7 16 9 10 27 18 5 25 17 6 2 
35 27 17 12 9 3 34 12 2 10 5 18 
26 2 32 20 9 36 18 24 11 17 1 4 
30 23 14 16 32 24 25 4 18 6 28 9 
8 30 34 16 33 36 35 8 2 20 11 32 
6 27 33 9 13 13 10 32 8 32 15 35 
34 29 8 1 3 23 7 35 6 19 22 4 
2 3 8 10 12 4 11 14 14 19 27 6 
11 10 18 20 14 11 34 30 29 14 10 25 
23 9 23 14 3 3 18 34 19 6 23 3 
29 5 29 11 27 6 16 36 16 25 35 20 
30 36 34 33 32 35 28 10 20 13 8 26 
6 33 33 31 8 29 25 24 22 33 16 26 
35 21 25 10 4 26 5 35 35 19 3 21 
1 17 10 14 12 23 15 8 3 10 1 25 
5 2 5 23 29 24 4 5 17 7 13 31 
23 22 31 32 5 15 9 33 25 36 30 22 
10 22 35 36 3 12 12 16 16 13 8 4 
10 14 13 34 7 24 16 36 2 5 29 30 
28 20 17 13 19 25 12 24 21 19 20 1 
3 17 25 32 10 17 21 20 35 1 19 9 
1 13 18 23 21 20 22 30 11 15 14 31 
35 19 9 7 31 13 2 4 21 9 26 23 
1 34 9 15 22 21 2 36 9 26 30 1 
16 21 12 8 33 19 20 2 20 1 1 17 
7 22 4 6 19 30 3 20 26 8 21 33 
21 21 7 12 4 31 1 8 26 19 23 19 
17 2 29 11 33 32 2 17 21 27 23 35 
2 5 25 14 19 14 32 22 16 24 2 19 
34 30 8 32 2 24 25 32 7 30 30 33 
34 22 33 11 24 9 30 7 35 28 16 6 
22 31 33 8 25 19 32 7 3 27 9 7 
21 13 3 24 2 22 24 33 2 3 26 34 
5 14 14 36 36 19 28 1 36 30 10 9 
6 11 10 23 28 35 13 34 31 3 35 11 
6 23 7 18 30 30 26 6 27 16 29 2 
15 35 11 3 1 4 6 30 6 23 12 15 
19 4 12 5 19 20 16 31 35 4 8 20 
25 3 4 27 13 17 35 36 33 17 30 21 
9 31 3 5 9 3 19 25 7 18 22 7 
35 22 20 7 31 3 4 26 18 31 11 8 
14 21 9 33 35 33 10 20 3 1 21 12 
3 36 26 9 36 17 7 2 21 3 6 34 
35 27 35 7 13 30 20 30 35 12 7 7 
7 6 35 8 21 3 31 3 29 15 10 8 
25 2 17 8 11 32 30 34 18 33 36 17 
4 35 17 30 28 15 29 14 3 7 36 26 
16 14 4 4 1 10 26 33 5 21 17 14 
8 20 24 6 26 12 21 30 26 5 25 1 
36 25 19 27 25 21 7 12 18 36 30 24 
35 6 29 21 15 32 19 20 25 7 2 16 
11 1 22 24 20 30 13 28 28 22 20 20 
27 32 18 34 9 8 25 2 15 7 10 25 
17 20 34 23 10 10 28 25 5 28 10 26 
24 33 6 31 29 27 34 7 21 21 13 12 
25 15 32 11 24 30 14 29 15 24 13 16 
35 20 29 24 16 5 27 3 5 34 15 35 
22 30 23 30 7 3 13 26 22 30 23 4 
5 12 13 15 14 15 6 7 24 19 36 29 
16 9 19 22 14 25 11 23 13 24 29 5 
26 4 14 1 18 10 3 29 14 28 9 4 
36 22 18 5 19 22 20 17 26 3 9 14 
30 30 4 2 36 32 19 28 29 8 7 3 
22 18 1 24 32 28 35 3 36 35 5 21 
18 29 36 16 36 3 13 34 19 36 2 13 
8 11 24 1 3 10 3 12 7 31 4 25 
32 2 33 3 3 27 10 8 3 5 1 27 
33 33 7 13 8 28 26 33 20 33 31 26 
28 2 31 23 16 20 4 2 29 1 11 28 
21 19 31 28 24 14 16 20 18 4 22 16 
17 30 20 24 29 20 34 10 24 26 6 22 
14 29 15 36 1 28 34 3 25 24 7 33 
11 9 29 27 26 3 28 12 20 11 30 14 
24 28 21 31 4 15 5 23 21 3 15 23 
6 15 24 35 2 25 21 10 35 24 31 36 
36 10 15 32 25 4 7 29 7 20 21 7 
14 13 35 4 21 18 30 32 10 26 5 27 
5 33 16 19 9 35 18 25 33 26 24 29 
14 21 30 1 21 14 2 35 2 1 22 10 
8 36 10 11 22 16 1 4 32 36 20 30 
21 33 12 35 2 3 26 12 6 36 3 11 
8 14 35 4 10 18 22 14 36 36 19 3 
30 21 7 32 5 27 21 2 16 10 30 19 
20 33 26 35 32 27 31 25 5 29 31 12 
11 27 2 5 6 9 14 21 10 30 34 33 
5 11 30 16 27 25 4 19 8 12 19 23 
17 18 16 3 36 21 25 34 8 15 20 1 
10 8 27 14 3 5 20 7 24 31 16 29 
6 30 32 26 14 27 1 24 12 33 30 10 
8 11 13 28 32 26 36 32 32 30 12 5 
4 24 5 35 25 19 3 24 1 33 17 19 
8 6 32 28 7 33 28 23 31 3 16 8 
9 2 29 25 8 19 16 31 28 17 13 27 
12 20 25 25 6 11 13 1 23 17 19 30 
20 33 9 30 5 36 36 1 15 32 24 6 
3 31 33 1 29 22 16 27 3 2 3 21 
25 1 6 4 6 29 13 4 26 19 31 35 
5 10 4 26 6 30 10 35 22 29 16 4 
21 23 23 23 11 29 22 17 14 34 8 9 
27 3 18 25 35 22 10 31 26 34 19 20 
18 11 19 19 11 25 31 12 36 11 18 26 
28 35 11 4 10 36 6 16 19 1 19 29 
7 6 22 21 20 6 27 16 13 3 17 16 
7 1 32 32 13 6 31 25 19 4 8 15 
33 3 28 17 31 2 33 8 4 29 2 7 
14 14 16 33 30 29 23 33 8 11 24 36 
5 29 10 9 12 36 23 33 13 22 26 34 
1 34 8 11 6 17 14 9 16 31 3 9 
28 19 13 24 1 33 16 7 33 24 3 1 
18 23 16 1 2 14 33 2 5 25 20 17 
11 28 8 28 34 36 13 30 19 12 19 10 
10 5 9 3 14 23 28 4 14 36 28 21 
25 22 33 20 24 33 1 12 28 25 11 5 
18 22 36 2 12 23 9 15 23 36 11 5 
27 10 18 17 7 12 34 25 3 19 35 29 
1 24 14 3 18 6 21 26 16 29 12 5 
16 5 9 21 32 25 5 2 30 35 26 3 
15 1 4 10 31 29 21 20 17 33 24 31 
35 14 20 7 21 18 28 36 25 18 14 4 
13 21 17 17 31 30 35 23 12 18 31 26 
14 4 6 7 35 28 27 21 34 2 16 35 
3 27 25 32 30 29 4 19 34 9 21 33 
31 14 5 31 7 20 33 29 24 28 32 2 
32 14 14 24 9 36 36 25 11 20 19 7 
12 9 31 32 14 12 11 9 24 30 21 34 
35 29 30 1 25 5 12 12 12 16 31 14 
18 29 12 20 12 26 14 10 27 2 36 14 
10 24 6 7 22 34 35 5 3 12 16 14 
11 13 28 6 25 27 1 24 27 12 13 18 
12 9 7 10 33 26 36 21 32 34 4 36 
9 15 7 16 5 25 6 8 20 30 20 23 
30 24 7 30 33 24 9 34 4 33 26 25 
4 3 17 27 9 26 34 6 1 34 15 32 
27 16 32 24 23 31 5 30 11 22 3 5 
5 1 19 7 9 23 30 10 24 29 9 23 
2 7 27 32 10 24 9 33 27 5 16 2 
11 22 23 18 15 30 30 27 2 12 32 21 
30 18 26 10 30 18 33 1 15 4 34 24 
20 11 36 31 22 10 2 10 21 4 9 31 
26 31 3 18 30 18 32 25 5 13 27 29 
26 4 17 11 1 9 29 6 3 14 12 6 
3 30 33 9 33 2 16 8 11 35 9 19 
30 21 13 31 6 18 28 36 4 18 26 25 
18 36 17 21 24 30 2 1 21 9 11 26 
1 8 26 11 8 2 31 33 16 9 26 30 
20 11 28 26 21 16 1 8 23 14 24 12 
30 32 12 33 18 8 19 28 9 5 18 16 
34 10 34 30 2 31 5 1 13 15 12 11 
26 29 2 36 8 2 2 5 8 12 34 8 
13 21 11 7 11 15 36 25 9 36 7 1 
4 4 17 33 10 22 8 10 5 23 15 19 
1 36 4 31 11 30 13 3 18 32 35 22 
11 11 10 33 14 13 6 29 35 14 22 14 
3 7 22 17 36 20 16 28 12 15 16 27 
20 25 16 14 23 14 6 5 15 10 24 26 
26 4 2 5 23 23 22 8 23 10 23 10 
32 14 9 19 28 10 1 23 9 9 11 25 
33 1 4 30 6 5 23 14 7 3 35 17 
21 29 19 23 28 29 34 24 7 33 3 11 
5 21 10 20 7 36 31 8 31 2 24 20 
10 5 15 15 29 19 19 22 32 6 10 23 
18 3 24 8 24 3 19 30 21 3 4 23 
23 5 29 35 33 19 12 4 4 7 10 13 
25 7 1 32 29 24 17 9 23 24 13 16 
1 8 31 24 33 6 24 3 35 30 17 22 
18 24 13 17 16 22 4 15 22 17 12 14 
26 23 22 12 11 19 3 22 2 22 25 3 
36 36 3 26 2 2 3 14 1 10 5 25 
30 13 14 10 5 3 13 25 12 16 26 2 
33 6 23 31 35 15 11 34 9 26 4 22 
17 2 5 13 9 25 5 24 7 33 17 31 
2 32 34 31 8 10 12 4 14 16 34 16 
28 16 29 32 7 17 16 34 15 1 30 5 
3 5 15 3 32 10 36 10 3 36 21 13 
12 5 2 2 3 9 12 12 36 12 18 30 
34 2 5 32 15 24 2 20 25 20 31 15 
10 15 8 10 7 3 9 4 35 2 25 25 
11 13 29 5 30 15 29 4 18 25 15 9 
3 4 7 8 32 24 14 21 27 34 14 34 
30 23 9 27 34 29 34 5 6 14 23 4 
1 36 35 24 32 28 3 21 7 12 9 19 
36 17 35 4 31 20 6 23 21 23 14 17 
21 23 18 10 19 4 29 2 6 7 1 16 
25 19 29 31 31 19 16 14 4 8 32 20 
7 13 20 21 32 9 3 11 24 31 12 7 
24 25 36 21 24 14 7 8 6 30 27 29 
33 5 17 36 2 29 11 29 27 26 15 8 
8 34 12 31 11 16 31 27 16 27 7 12 
25 16 18 28 4 17 28 6 16 11 29 11 
33 6 13 1 17 34 3 18 28 7 25 12 
35 26 9 3 15 3 2 16 17 1 12 35 
13 19 32 15 10 10 19 21 18 6 25 34 
16 9 13 6 36 20 8 21 12 4 17 27 
4 15 27 11 12 15 24 22 16 19 29 35 
18 3 23 22 1 3 35 12 6 3 17 14 
12 11 7 30 14 7 31 21 33 17 6 8 
4 23 10 27 22 28 12 9 17 14 26 11 
32 5 16 11 9 7 23 21 11 15 13 1 
24 34 34 22 26 29 21 9 24 26 27 22 
28 8 5 10 13 2 15 23 26 11 3 22 
36 32 1 33 32 18 22 23 19 30 22 26 
20 20 34 24 16 29 12 8 35 19 8 30 
24 32 29 22 1 18 3 6 5 31 19 14 
24 10 2 2 26 15 17 26 8 32 33 27 
35 28 33 11 16 26 20 25 22 29 32 17 
5 31 25 30 10 11 21 2 29 23 36 4 
4 13 27 30 25 17 1 22 15 26 35 6 
16 12 28 15 6 29 17 18 35 2 10 15 
16 6 8 21 19 2 1 28 32 27 29 24 
13 12 36 32 3 14 22 22 22 23 12 30 
5 16 20 1 33 9 6 27 20 18 35 9 
30 35 9 35 4 13 11 17 21 18 23 27 
2 33 12 34 1 25 23 14 19 27 27 15 
29 7 10 32 9 8 6 5 18 9 23 14 
4 14 6 11 7 24 28 8 1 19 33 20 
12 23 22 17 36 31 29 35 13 27 36 19 
35 32 18 30 18 34 12 20 20 14 35 6 
35 14 10 13 23 28 32 17 19 33 10 27 
3 4 1 14 27 8 19 4 36 4 21 32 
24 33 36 19 36 2 22 12 5 19 12 3 
25 15 32 12 9 33 29 29 30 36 18 31 
25 25 18 36 35 4 16 21 18 8 35 26 
30 30 3 8 1 7 9 20 29 32 5 13 
8 6 30 6 5 14 23 12 28 16 30 3 
11 34 17 8 1 24 13 16 10 27 16 8 
35 35 5 13 24 20 30 32 36 1 28 30 
15 34 13 32 4 8 4 29 7 9 20 12 
29 7 33 17 2 20 18 11 12 26 19 30 
33 29 21 11 3 7 23 25 31 27 18 18 
15 12 3 12 22 26 16 14 5 17 31 9 
4 23 16 25 33 36 29 2 33 5 36 19 
16 19 12 19 15 24 36 24 21 9 13 26 
20 32 31 16 31 9 4 12 32 28 27 28 
22 28 25 10 29 27 22 13 2 14 33 10 
33 36 22 23 27 15 14 14 33 10 9 26 
36 11 7 8 24 15 8 2 27 5 22 27 
10 9 20 31 11 25 16 25 35 24 35 6 
12 14 7 6 4 1 6 34 14 34 20 32 
17 9 21 11 9 25 8 26 20 30 23 18 
14 32 22 36 12 25 23 36 28 24 30 11 
16 3 6 26 28 19 9 5 25 34 17 34 
22 26 8 14 7 1 9 35 30 31 16 5 
13 12 27 36 29 32 29 27 5 30 35 12 
12 25 23 32 26 8 5 10 13 3 24 9 
16 18 8 8 3 19 22 9 2 28 34 27 
7 24 12 8 12 1 22 24 35 14 21 30 
7 14 6 8 7 36 5 11 17 24 24 31 
27 19 24 30 33 23 19 31 13 9 17 31 
35 32 24 4 4 9 18 34 15 10 2 11 
26 29 30 30 19 23 35 17 12 29 20 26 
31 25 23 15 34 17 18 13 27 7 11 13 
6 14 20 13 20 16 13 25 23 28 8 20 
1 12 31 1 24 6 4 8 16 20 6 25 
26 3 1 5 16 14 1 16 16 18 25 35 
21 34 33 17 7 34 8 15 19 8 2 14 
35 24 21 32 32 21 30 19 30 19 29 6 
16 34 1 21 26 2 12 15 10 31 29 24 
13 23 14 18 25 17 26 19 9 28 9 17 
15 6 34 12 10 28 4 33 18 6 26 34 
32 10 1 9 28 24 33 21 3 16 13 12 
12 30 4 3 18 11 8 32 17 8 19 23 
18 28 6 26 6 17 4 17 29 17 3 1 
8 1 29 2 21 11 14 3 10 22 31 25 
16 13 31 30 28 25 1 15 1 20 20 10 
7 5 8 33 14 24 31 16 22 30 5 20 
26 34 34 28 13 14 11 14 24 14 32 25 
15 27 20 25 16 22 17 18 30 33 30 15 
13 3 19 23 11 27 14 11 29 13 29 5 
16 2 27 5 26 10 22 18 27 4 24 19 
10 6 9 15 25 2 16 12 23 2 12 33 
13 18 33 20 13 19 2 20 11 29 22 29 
18 33 18 18 4 7 6 10 5 7 34 19 
21 16 14 25 1 35 25 2 25 32 32 12 
34 2 10 25 27 18 1 31 3 35 13 32 
2 30 18 14 18 4 14 27 21 14 15 11 
16 16 32 27 9 35 13 24 29 26 27 7 
9 26 3 2 20 27 15 35 15 4 22 5 
17 30 36 12 3 13 11 23 34 29 15 25 
19 11 8 34 16 20 8 35 35 15 4 25 
7 13 22 20 24 16 16 20 5 6 8 25 
24 6 10 1 24 34 11 20 24 33 22 34 
33 7 8 18 13 23 24 9 30 28 30 17 
36 6 28 24 29 27 30 19 2 35 8 8 
34 33 14 24 22 22 12 3 33 17 8 36 
32 7 18 13 1 4 22 22 19 2 24 24 
25 10 16 24 29 6 9 35 30 7 4 10 
20 12 33 17 13 23 13 13 9 20 9 22 
33 7 34 16 18 24 33 36 18 35 33 7 
31 20 25 15 30 1 3 1 9 16 29 17 
31 16 8 13 9 8 35 36 22 10 26 6 
11 34 6 36 30 15 26 5 13 17 12 20 
2 36 17 8 27 33 28 19 4 35 17 6 
32 29 32 16 3 4 34 33 17 19 20 1 
18 19 12 11 23 27 30 36 18 20 26 9 
1 21 17 35 1 35 20 21 29 19 2 29 
16 29 6 34 15 32 9 7 25 20 22 22 
15 23 17 4 34 12 9 20 28 15 30 5 
26 36 28 15 12 16 7 23 6 25 6 9 
20 22 5 20 26 20 7 6 27 3 13 5 
35 18 4 9 18 5 20 29 9 12 25 27 
23 1 3 5 26 27 11 15 11 16 36 19 
33 18 17 34 32 25 1 2 29 1 15 9 
14 17 32 32 24 35 20 30 35 11 8 14 
35 8 17 1 28 10 31 31 30 6 36 27 
14 16 23 25 6 3 3 27 15 15 29 27 
3 31 33 22 10 36 24 6 36 18 13 22 
33 35 30 17 20 8 3 26 22 5 19 31 
28 31 3 32 22 33 10 14 34 10 13 10 
34 8 5 36 23 31 31 3 8 34 13 25 
34 8 9 4 35 11 2 31 31 30 36 11 
36 31 28 6 19 34 9 6 36 28 20 7 
19 7 34 13 32 9 25 36 32 21 32 4 
18 1 4 18 1 25 3 17 2 25 29 14 
33 29 14 32 23 30 30 12 9 33 2 33 
26 23 15 18 9 16 19 15 19 11 16 3 
12 14 36 22 33 2 34 29 10 16 8 15 
6 19 9 18 31 22 23 16 12 27 5 31 
9 33 33 13 25 10 22 24 2 14 3 11 
32 31 30 10 23 36 11 25 10 18 18 33 
18 6 16 2 24 5 15 17 17 19 6 10 
29 23 7 27 24 17 4 23 9 26 26 30 
6 12 28 23 16 33 3 32 3 5 4 4 
4 14 34 33 17 3 30 22 7 26 23 31 
12 6 32 10 23 13 5 10 27 1 5 4 
36 23 29 3 16 23 13 14 3 27 15 5 
8 35 29 30 10 6 26 21 31 23 24 23 
15 5 25 3 18 3 31 11 14 6 5 29 
30 28 28 24 35 5 35 11 33 7 11 22 
13 8 17 11 26 24 30 23 19 1 17 12 
13 3 23 25 7 20 12 2 29 3 13 24 
24 18 11 11 24 27 16 1 23 32 34 8 
21 7 9 9 11 27 35 7 24 9 19 29 
16 33 26 23 25 18 30 36 6 9 13 2 
21 19 2 16 3 36 3 22 6 5 31 22 
31 15 16 23 15 21 24 26 27 33 36 20 
7 4 9 36 6 4 34 29 28 28 7 18 
29 4 8 5 27 18 23 25 5 30 14 15 
20 27 34 2 7 36 14 26 25 12 20 11 
4 13 4 6 27 25 10 11 33 3 16 8 
8 10 25 16 29 8 17 12 36 27 2 32 
27 6 12 28 35 5 15 24 17 13 17 30 
33 17 11 1 23 35 33 33 24 4 18 31 
31 3 2 6 21 19 11 18 23 16 13 24 
23 3 23 34 31 3 24 23 34 15 13 7 
16 7 31 27 29 13 26 1 21 33 26 15 
26 28 9 13 10 26 10 20 5 30 21 34 
35 2 34 28 34 31 29 6 28 22 31 14 
31 17 9 36 21 3 16 18 12 19 18 12 
15 8 33 28 27 9 20 19 14 36 4 36 
7 10 31 5 12 29 14 31 17 10 36 22 
1 17 24 29 26 20 21 35 13 21 27 20 
18 28 32 26 7 5 24 10 33 13 25 4 
12 12 6 17 16 34 1 27 31 32 25 15 
35 29 7 30 35 9 26 34 5 22 13 13 
29 33 34 5 21 9 11 24 4 23 14 7 
19 19 23 28 18 18 18 32 34 28 20 25 
21 6 25 29 23 19 9 22 36 26 26 32 
13 36 30 29 35 13 14 2 12 26 5 31 
29 19 22 2 29 25 29 26 36 8 19 2 
3 26 15 5 26 24 20 27 32 8 26 11 
32 11 4 4 26 16 21 12 31 3 4 7 
21 21 17 14 18 3 22 23 2 8 22 12 
25 19 11 25 5 29 33 25 21 17 13 26 
34 6 34 6 33 19 35 13 32 17 33 17 
31 35 21 36 4 33 1 35 33 22 10 8 
25 19 5 6 2 7 3 24 13 35 30 26 
32 10 24 2 5 29 6 34 28 26 22 2 
25 4 22 13 12 9 30 19 24 21 14 27 
15 7 7 8 29 32 28 21 28 36 16 30 
4 18 28 2 14 2 30 13 14 34 27 4 
23 22 34 33 8 8 20 22 15 27 26 16 
15 14 11 31 23 14 16 32 1 25 16 19 
35 15 27 2 32 29 22 12 15 22 35 17 
8 23 13 1 15 31 15 6 9 15 30 35 
27 12 35 20 4 35 20 9 21 18 11 18 
1 13 34 33 7 26 13 28 8 31 10 7 
11 23 26 7 34 6 24 18 18 35 4 22 
17 20 23 18 5 35 15 6 33 7 7 1 
26 22 28 3 34 10 1 8 31 31 9 18 
13 12 36 4 24 26 34 25 26 29 8 36 
20 29 30 21 32 2 19 8 21 26 23 27 
4 1 5 12 9 1 24 9 25 12 10 21 
30 3 11 12 32 22 21 2 5 22 33 22 
18 8 16 3 5 31 32 4 6 33 36 3 
14 35 14 8 4 24 23 9 33 34 6 13 
24 23 24 27 32 22 30 19 10 20 15 24 
6 27 11 11 23 13 16 35 15 9 15 26 
22 29 2 33 20 20 18 19 27 30 12 27 
34 28 23 22 18 10 17 26 19 28 32 22 
34 36 20 29 17 17 4 23 22 24 21 3 
36 10 27 22 4 14 35 6 30 7 35 9 
20 19 18 11 1 30 27 36 28 32 13 9 
8 16 8 15 3 31 24 3 27 20 27 27 
2 11 14 29 14 22 13 2 33 33 32 3 
32 7 5 26 27 30 26 35 30 26 22 3 
16 35 17 14 22 27 23 9 25 6 1 25 
16 20 21 8 35 34 23 28 36 30 15 36 
20 15 6 29 4 17 7 16 5 9 29 28 
31 22 1 32 20 4 35 21 28 34 7 31 
33 16 24 25 4 19 23 8 34 9 18 26 
6 16 36 1 20 34 6 9 21 22 13 36 
14 6 3 3 18 12 1 8 32 27 20 23 
35 12 26 5 32 21 27 2 10 6 33 10 
17 20 29 4 8 20 10 36 30 32 4 7 
31 10 19 30 25 33 26 32 33 19 29 23 
36 7 9 27 20 4 6 12 35 21 27 33 
7 3 26 18 14 27 17 15 33 19 33 1 
32 26 28 12 24 9 15 4 21 24 6 25 
12 12 17 5 4 4 31 14 9 6 8 12 
23 6 13 30 4 26 28 13 3 34 36 13 
22 18 24 36 12 32 8 31 35 12 26 31 
4 5 20 20 23 1 28 18 22 17 13 20 
5 22 14 12 13 20 20 12 27 35 29 29 
25 30 5 7 34 12 7 6 17 3 9 30 
13 2 30 30 4 28 19 22 3 20 19 35 
17 27 30 18 7 3 30 6 21 8 7 23 
6 11 17 22 17 32 31 28 20 16 28 17 
28 4 8 11 26 8 13 19 17 32 16 2 
22 10 18 35 26 23 13 18 4 2 32 36 
27 1 22 18 11 1 1 16 17 21 32 4 
18 34 26 7 12 32 22 26 6 6 22 32 
25 27 27 32 14 25 35 14 21 21 33 15 
24 32 8 23 32 18 26 8 2 5 26 3 
7 34 22 24 20 7 19 8 4 18 1 22 
29 29 36 32 8 6 6 8 28 6 6 36 
10 21 18 3 13 5 21 17 23 19 16 31 
4 30 10 30 19 17 12 17 4 21 8 34 
2 9 13 23 16 31 26 12 22 21 15 12 
10 23 26 32 28 21 18 23 17 12 31 15 
31 3 25 21 33 15 31 32 12 6 32 27 
22 31 12 22 10 28 3 17 15 31 33 3 
15 7 3 5 13 36 32 18 27 28 28 11 
23 18 24 20 34 28 16 16 32 5 8 1 
36 15 12 27 13 20 29 15 23 35 26 17 
28 21 31 3 29 17 3 6 6 35 31 11 
20 11 20 14 10 33 30 31 9 10 29 16 
12 27 9 16 9 14 19 11 22 14 35 5 
15 32 8 31 16 15 19 28 25 12 19 8 
21 15 15 24 23 24 1 16 24 27 34 20 
30 9 17 27 34 8 8 6 36 27 26 5 
2 5 19 5 12 7 36 14 28 2 8 12 
4 17 28 34 13 4 20 29 2 28 25 23 
22 16 2 31 14 33 12 29 2 6 15 18 
27 18 27 22 9 29 9 31 3 35 27 6 
21 25 35 21 12 5 10 6 29 11 8 35 
4 4 20 14 30 4 23 14 32 32 1 7 
6 33 7 3 1 14 24 9 16 5 12 24 
2 10 3 8 15 10 18 18 27 9 24 22 
7 33 25 5 1 6 9 3 18 3 15 25 
17 22 3 19 22 3 35 15 33 17 18 5 
10 27 33 2 30 3 19 27 24 34 36 9 
29 34 23 26 13 2 18 19 14 26 6 35 
17 26 33 6 28 14 9 17 16 14 28 7 
6 21 5 8 15 25 5 36 6 28 8 26 
4 25 7 3 11 2 3 6 6 4 27 17 
35 4 17 17 15 31 6 17 14 3 20 18 
20 33 26 28 3 22 17 19 35 9 17 16 
18 14 35 7 13 22 24 5 14 4 22 12 
13 21 35 4 11 20 20 1 6 1 32 17 
20 15 11 24 28 36 14 18 9 16 3 11 
5 4 32 9 16 12 17 18 31 30 26 22 
11 35 2 28 14 3 33 25 28 29 20 2 
4 14 14 13 19 16 34 27 15 34 29 6 
5 31 35 6 28 12 11 14 15 8 16 22 
16 26 3 36 4 7 28 19 27 16 12 18 
29 36 2 25 20 28 7 12 23 9 27 21 
31 32 17 15 26 5 2 7 17 9 22 12 
11 21 2 26 32 13 8 3 31 28 9 8 
10 14 33 34 32 22 7 8 27 7 19 11 
29 2 28 16 31 35 22 10 9 2 22 13 
20 2 6 33 16 34 6 29 19 34 30 35 
2 2 10 2 32 10 12 19 6 21 11 26 
13 15 7 2 25 23 24 7 12 27 24 30 
15 29 8 14 22 1 5 33 27 5 35 20 
30 21 2 8 3 10 26 29 31 12 7 30 
19 27 30 34 21 6 23 21 5 25 20 26 
26 36 24 34 31 27 29 29 35 20 27 35 
11 14 1 6 6 25 26 34 24 13 10 14 
32 28 31 14 26 33 3 35 19 13 20 16 
36 26 13 5 1 31 12 3 8 34 2 33 
19 7 30 5 36 27 36 4 26 8 19 12 
23 8 23 32 2 19 3 33 4 15 9 33 
32 4 11 7 33 29 19 35 32 25 33 32 
32 31 3 15 33 30 36 29 34 29 24 2 
19 13 31 7 18 32 22 20 35 8 11 34 
25 24 31 8 17 20 18 21 1 5 18 14 
25 15 1 22 23 26 26 22 35 27 17 25 
1 27 23 9 25 29 28 34 7 22 2 31 
23 33 14 13 22 9 25 16 3 35 17 13 
15 3 10 8 8 1 5 4 28 17 5 27 
20 4 22 6 17 27 17 36 5 28 4 27 
30 11 25 4 18 13 12 6 23 17 10 34 
2 15 30 18 32 29 3 25 6 30 1 4 
26 20 17 7 1 8 17 13 14 20 5 29 
7 20 6 36 9 25 31 1 12 23 9 22 
10 36 22 15 10 36 16 19 15 3 4 5 
33 32 18 18 10 33 35 33 19 13 12 4 
26 29 28 33 34 25 3 11 29 13 25 16 
18 29 20 11 5 34 19 21 2 7 25 30 
35 5 32 9 25 19 5 26 15 32 30 16 
30 1 14 24 24 14 15 19 32 13 27 10 
24 33 16 18 16 32 22 21 16 26 2 9 
6 16 26 22 32 14 10 1 33 1 10 9 
12 6 19 23 20 27 20 19 3 18 8 7 
29 21 23 10 10 21 34 21 12 13 11 2 
12 5 34 34 12 8 17 12 32 22 22 4 
19 1 8 23 33 30 36 4 10 18 25 35 
21 27 2 13 9 19 10 17 15 8 31 30 
28 8 6 10 24 35 26 3 29 16 1 28 
30 29 29 35 31 29 9 10 29 18 14 32 
14 31 11 20 3 21 10 16 22 34 25 23 
17 33 12 27 10 29 3 18 30 29 17 14 
27 13 29 5 27 23 23 28 30 16 23 1 
8 29 21 24 16 31 8 25 8 19 27 2 
34 16 11 27 12 6 21 17 14 26 29 17 
16 19 30 18 34 21 27 10 20 11 20 11 
24 12 6 18 29 10 23 13 14 21 32 20 
17 28 3 16 30 18 14 24 28 9 13 26 
18 1 16 31 27 2 7 5 30 20 29 30 
7 9 31 27 32 29 4 12 35 3 26 23 
6 5 34 9 13 31 15 29 28 9 6 25 
34 22 6 29 24 33 1 23 31 23 17 14 
28 25 29 24 6 32 16 27 25 3 22 13 
18 11 3 6 14 6 18 3 27 23 7 4 
25 24 19 7 15 14 21 33 36 13 12 27 
8 16 9 12 28 21 4 16 36 1 14 15 
23 13 8 16 17 30 33 10 32 13 15 17 
14 16 27 22 35 23 6 30 12 33 20 21 
2 3 1 14 19 5 32 16 20 10 4 3 
15 36 17 6 16 3 7 26 29 14 9 21 
1 25 2 15 36 14 17 25 23 21 9 27 
20 6 25 34 20 1 27 17 35 29 2 32 
2 7 22 19 25 28 24 2 17 26 19 11 
35 24 7 23 32 19 19 21 25 14 31 12 
23 14 1 15 3 7 18 16 10 23 28 32 
10 21 28 19 27 28 33 26 27 14 19 36 
13 9 29 24 36 5 23 33 35 1 31 25 
29 35 23 17 23 3 23 2 10 11 20 7 
25 7 23 16 21 4 21 16 14 3 31 25 
34 35 28 12 9 26 31 6 22 21 1 9 
30 1 1 30 3 22 26 25 20 11 1 31 
13 30 16 36 12 2 29 19 7 25 6 31 
8 22 10 31 5 33 5 36 30 31 4 29 
20 5 31 20 29 14 9 26 33 24 14 6 
29 16 13 35 18 10 20 19 21 4 12 25 
2 19 21 9 28 32 13 24 7 12 7 3 
4 4 31 32 11 11 1 6 30 20 5 21 
4 5 1 2 9 5 20 14 31 23 36 20 
35 35 28 32 33 4 17 28 33 32 1 31 
4 15 15 2 19 30 4 15 25 6 19 35 
30 6 5 18 17 3 6 5 34 29 19 18 
12 20 33 26 19 9 3 6 29 27 34 16 
24 23 3 23 4 32 30 8 7 17 30 14 
8 31 33 10 33 27 1 21 1 12 15 5 
3 26 32 30 32 5 1 23 10 5 35 29 
14 34 24 10 30 35 24 9 3 26 36 33 
28 11 5 10 2 2 18 31 1 11 2 12 
17 3 13 22 1 23 5 2 10 1 33 26 
28 19 5 2 19 27 9 2 33 19 17 22 
21 7 14 32 3 26 27 7 16 31 19 17 
11 24 5 19 11 27 35 30 22 33 12 9 
12 35 26 28 34 32 9 4 23 17 31 28 
18 14 33 21 18 23 17 16 16 6 20 22 
2 9 25 5 30 5 32 34 29 15 32 19 
5 10 30 16 13 21 8 23 15 22 32 3 
14 16 20 32 28 36 22 1 26 28 17 5 
32 13 12 10 32 30 9 30 14 12 24 33 
33 36 5 10 35 35 28 13 12 20 8 8 
25 11 6 11 28 11 28 21 31 19 31 11 
18 9 13 23 29 19 12 7 3 32 16 24 
26 10 32 36 1 12 26 11 17 36 17 4 
14 29 1 3 5 6 24 3 3 33 17 20 
2 20 15 29 11 4 27 10 16 9 1 1 
29 12 7 6 15 3 18 36 9 32 31 32 
24 14 6 11 9 20 16 18 15 7 26 25 
34 12 15 15 16 22 18 34 14 13 28 7 
3 19 26 10 32 31 1 36 25 30 14 25 
16 6 28 27 25 33 35 2 12 7 4 16 
30 14 23 2 14 30 23 14 26 28 9 11 
21 18 9 15 25 1 35 28 17 27 31 20 
32 20 6 31 13 26 25 16 13 26 5 13 
15 21 17 34 2 33 7 16 9 4 2 24 
10 34 23 34 32 27 26 30 30 13 3 31 
24 2 18 14 28 8 35 36 7 7 16 24 
11 12 33 32 30 34 18 14 27 34 25 21 
2 29 23 21 23 18 13 30 14 16 11 35 
25 4 2 10 24 17 15 18 30 29 30 22 
14 5 2 29 13 26 20 33 2 2 32 28 
20 12 23 9 23 34 31 7 22 2 11 8 
25 11 7 30 35 33 18 7 18 17 17 3 
15 16 17 23 17 13 5 34 29 11 19 31 
27 14 9 8 27 31 31 2 12 8 26 14 
15 1 12 20 24 21 29 30 15 26 21 7 
28 8 25 14 28 27 2 31 23 6 27 4 
