100
32 24 40 7 3 16 37 12 47 20 29 44 
14 40 23 36 32 6 27 48 19 45 1 9 
48 9 38 21 18 29 35 3 26 44 32 41 
1 19 9 48 34 31 26 5 13 16 22 39 
25 10 15 29 18 5 37 32 40 22 1 48 
11 48 16 40 45 4 23 7 26 31 20 37 
30 43 10 27 20 17 40 36 3 23 7 14 
20 26 43 1 8 35 46 4 38 15 11 23 
30 27 18 24 34 1 11 45 38 8 4 14 
39 1 18 12 29 32 46 25 36 42 22 6 
46 5 36 29 39 14 26 17 2 20 9 23 
32 45 29 18 9 15 21 48 2 6 24 39 
47 43 34 18 6 38 13 31 28 21 2 24 
27 19 48 40 3 16 33 30 43 9 6 13 
20 11 17 43 8 1 35 47 27 38 30 4 
34 8 41 22 27 4 47 18 38 30 1 15 
1 36 4 28 48 44 20 16 23 7 32 39 
3 32 12 35 29 22 45 48 18 6 25 42 
29 24 41 4 1 21 32 7 13 10 45 48 
10 29 47 33 22 26 1 4 42 37 17 14 
11 31 37 34 7 15 45 18 27 1 48 21 
23 26 10 31 20 13 38 48 35 6 43 1 
48 8 18 21 15 36 45 11 3 25 42 31 
34 1 41 28 24 6 12 46 21 15 37 9 
43 37 40 47 27 33 19 3 15 9 24 30 
14 7 4 24 30 27 44 1 47 37 21 34 
44 19 25 2 22 32 5 11 15 28 41 47 
44 32 1 29 6 12 41 38 9 16 26 23 
1 35 39 14 17 42 4 21 46 32 8 29 
21 3 18 43 32 9 35 25 14 39 46 28 
40 21 34 1 44 30 5 15 10 18 26 37 
33 22 36 29 1 5 44 9 47 12 39 25 
46 13 39 9 19 2 33 36 16 23 30 5 
31 34 47 17 38 22 5 10 41 13 27 44 
19 48 43 40 33 26 8 3 22 11 29 15 
11 40 29 34 43 4 18 8 37 46 14 23 
11 14 36 25 48 41 2 22 32 5 19 45 
23 9 27 5 37 16 34 20 30 43 40 47 
35 24 43 20 13 10 7 32 1 38 47 27 
13 10 22 39 19 30 3 25 36 6 16 48 
38 35 12 9 26 2 29 32 46 16 23 43 
29 23 19 34 10 38 2 45 5 13 26 42 
14 42 32 1 24 17 27 21 35 47 10 6 
29 23 33 12 42 18 3 48 45 6 39 26 
25 10 13 16 1 20 41 5 34 46 38 31 
22 27 44 10 18 7 4 40 1 33 47 15 
37 30 7 11 26 16 40 2 48 23 20 45 
3 6 17 38 41 35 25 21 13 47 31 28 
10 19 39 30 24 6 2 27 34 42 16 47 
9 32 29 16 35 40 48 45 24 4 13 21 
37 23 8 5 16 30 1 45 40 34 13 19 
31 42 16 38 26 46 34 1 13 8 5 20 
27 6 35 48 32 38 22 3 14 44 18 9 
32 5 36 23 47 19 2 28 12 42 15 9 
9 16 47 38 34 12 6 1 31 41 22 25 
1 44 4 38 33 20 41 17 30 24 12 47 
29 7 26 36 40 23 47 18 32 43 14 1 
5 9 20 23 42 27 13 33 45 1 16 36 
10 36 28 40 43 25 21 14 46 4 33 18 
13 22 7 30 10 44 19 40 48 27 33 16 
32 35 1 4 44 17 25 21 13 7 48 29 
37 21 33 24 48 4 15 11 45 27 18 30 
13 44 17 2 5 30 47 21 9 41 25 36 
44 31 7 37 10 48 19 34 26 40 1 13 
16 45 6 48 28 12 37 3 34 41 22 25 
28 2 38 47 33 11 6 41 14 18 44 22 
5 47 33 11 17 43 40 21 14 27 37 2 
9 17 12 30 6 48 27 38 42 3 35 24 
11 35 14 31 38 21 44 17 24 3 28 7 
4 26 32 17 11 20 7 1 36 14 39 48 
9 44 14 2 41 47 24 27 18 34 30 21 
32 41 21 13 45 8 48 1 27 17 5 38 
11 19 4 31 35 42 14 45 28 1 48 25 
28 1 25 13 44 16 48 9 22 37 19 31 
48 8 16 35 4 13 45 38 42 29 22 25 
34 1 17 28 48 22 45 40 4 7 12 25 
14 24 8 30 18 45 34 48 37 5 27 11 
32 1 5 37 25 19 29 22 8 48 43 14 
43 29 3 19 14 33 6 47 26 11 40 22 
23 27 1 47 6 34 31 37 12 40 17 44 
21 47 44 24 37 28 1 4 41 13 17 34 
14 10 7 28 25 31 41 44 22 1 48 19 
1 9 22 4 17 44 32 41 28 13 38 35 
14 28 11 7 41 45 1 38 19 35 24 48 
37 8 14 25 4 11 17 29 44 48 33 1 
10 45 22 28 48 40 25 3 34 16 13 6 
11 8 25 36 1 42 39 31 4 21 45 15 
17 14 8 20 35 27 32 47 24 2 40 5 
35 8 43 15 39 46 11 18 4 22 1 30 
6 39 32 1 43 23 16 12 27 47 19 9 
4 30 10 18 26 45 34 22 38 7 15 1 
26 13 19 38 3 32 10 22 47 6 42 16 
39 18 4 45 10 48 36 13 7 29 24 32 
45 34 19 1 22 31 15 39 48 42 12 6 
12 46 36 28 40 19 15 1 43 31 6 9 
17 20 44 13 3 31 7 35 38 41 48 10 
20 12 42 2 8 37 31 23 34 47 5 17 
11 41 8 47 32 17 35 5 22 25 29 1 
47 41 38 25 44 14 21 6 34 17 31 11 
10 20 32 14 41 47 44 35 28 5 23 17 
46 11 14 29 15 45 14 17 30 35 2 21 
40 25 39 29 35 45 47 14 20 44 48 23 
42 28 34 27 10 25 7 46 35 41 34 22 
46 6 27 40 33 28 36 4 45 1 20 26 
33 30 5 15 39 8 14 13 45 41 30 4 
7 15 17 41 22 24 17 34 32 43 27 17 
20 31 35 33 25 32 1 10 46 9 28 9 
26 40 7 32 15 45 24 13 48 45 30 26 
40 46 30 34 8 24 7 6 37 34 19 29 
27 48 1 20 13 43 29 15 48 20 32 38 
48 45 1 32 46 30 46 38 11 9 36 10 
25 20 23 33 31 25 4 41 28 2 21 10 
22 7 44 44 47 20 28 11 34 3 3 39 
24 7 19 23 45 15 38 27 40 42 43 15 
35 18 19 4 14 31 44 45 28 15 42 25 
26 12 14 3 40 47 6 32 1 15 44 11 
38 17 27 32 45 36 8 14 35 24 47 20 
21 9 35 26 6 2 47 39 42 20 36 10 
33 13 29 37 45 31 28 34 35 4 19 31 
38 24 45 6 39 1 30 13 47 42 15 39 
21 32 10 2 29 29 25 30 44 8 9 10 
43 7 24 7 44 6 1 21 16 33 32 48 
17 29 3 23 38 40 27 16 38 47 11 6 
19 43 6 31 48 37 20 13 39 23 23 26 
18 42 14 11 15 20 41 42 47 30 8 33 
38 30 38 38 7 29 17 18 35 15 13 14 
30 26 4 48 17 44 8 45 44 1 29 39 
29 35 19 34 27 34 36 18 35 12 8 17 
30 27 14 3 48 10 26 4 32 38 22 33 
5 27 2 27 5 5 40 2 44 34 31 29 
8 23 24 16 39 26 33 4 1 4 48 7 
12 44 21 26 48 27 3 4 1 33 1 19 
7 12 15 17 16 7 38 42 46 29 26 14 
29 22 45 22 37 16 14 2 37 37 10 26 
4 1 27 45 17 28 7 44 38 7 30 22 
37 19 21 37 42 23 14 17 47 26 36 33 
33 42 46 47 17 14 6 6 29 16 42 11 
4 30 33 11 17 1 30 13 41 38 8 14 
22 42 36 16 16 6 26 30 23 26 17 37 
37 36 18 31 12 18 4 38 17 33 17 47 
4 29 7 32 42 41 33 43 35 30 8 17 
45 26 30 15 8 9 37 39 22 24 18 22 
42 2 30 12 30 24 37 43 1 5 34 42 
7 26 46 24 1 26 20 4 25 10 42 22 
45 18 41 14 21 43 32 16 36 2 25 22 
25 37 47 30 30 6 40 8 27 18 29 42 
32 38 42 47 2 11 21 11 46 43 46 5 
14 46 48 5 3 20 18 23 28 27 16 24 
32 38 1 14 6 25 19 10 6 12 8 24 
8 21 39 46 31 41 37 41 25 33 27 6 
25 48 36 25 46 35 32 1 30 42 45 36 
27 29 21 17 34 25 17 4 30 17 38 43 
21 27 22 46 41 18 19 27 35 20 45 21 
24 21 23 11 7 30 20 40 35 9 4 32 
41 36 30 12 38 25 9 24 15 47 3 14 
23 4 44 19 10 1 34 36 3 29 17 24 
16 47 24 45 31 21 26 3 28 1 43 41 
32 8 14 1 7 26 36 18 5 22 36 41 
44 34 33 37 38 31 19 4 8 18 27 5 
7 13 23 40 22 46 15 36 5 30 31 24 
10 5 22 37 10 26 5 40 1 9 4 10 
41 4 14 34 32 45 38 31 12 9 15 44 
21 13 39 27 9 7 24 12 31 29 16 14 
15 19 16 3 18 1 43 15 39 3 24 14 
23 33 13 45 41 25 25 6 26 36 9 46 
3 26 10 28 45 18 14 47 11 35 43 4 
39 44 46 41 6 34 37 26 28 12 36 13 
8 29 27 11 12 25 28 32 48 31 41 38 
39 8 47 35 20 42 22 47 35 19 13 46 
10 44 35 47 31 40 10 42 25 39 17 44 
30 13 48 8 9 26 32 13 39 44 2 12 
37 30 22 41 4 25 2 44 40 30 19 14 
22 16 30 28 11 32 25 4 46 14 4 47 
43 38 5 21 7 20 35 11 42 15 35 7 
43 27 28 48 6 3 36 29 39 21 16 43 
32 34 30 33 6 33 2 41 14 34 25 31 
48 32 39 41 16 20 38 9 25 30 20 40 
29 46 40 13 19 48 10 38 36 46 11 13 
28 48 31 4 31 34 19 18 16 33 25 38 
43 10 14 48 44 31 35 12 19 35 38 37 
9 28 18 17 43 35 19 40 44 4 16 17 
28 46 41 27 34 4 9 4 14 17 47 10 
37 28 16 3 45 31 46 36 2 43 40 27 
36 22 42 5 2 3 7 26 33 45 32 24 
17 5 9 35 26 36 18 45 37 4 35 32 
36 29 3 9 46 46 17 20 12 27 14 40 
28 22 28 4 19 14 37 13 46 4 26 32 
13 30 24 28 20 31 26 45 44 14 42 29 
6 21 30 29 36 4 36 30 12 35 24 40 
29 36 6 15 29 7 40 43 45 10 8 37 
8 10 5 42 25 24 1 44 37 24 32 23 
31 5 44 28 12 38 36 28 37 14 36 13 
47 48 31 5 48 40 15 11 40 35 30 46 
43 33 6 40 40 5 44 27 35 13 21 32 
45 48 44 20 43 47 2 41 26 19 13 43 
38 21 40 46 42 25 13 18 47 19 23 30 
33 30 46 7 1 9 37 20 23 35 10 5 
27 37 39 27 37 26 41 46 36 20 2 12 
32 8 31 20 16 43 23 11 30 3 19 18 
27 38 35 23 46 39 3 42 18 20 3 41 
