1000
48 41 38 4 29 11 25 35 44 1 15 32 
9 38 2 20 23 30 27 34 47 43 16 12 
7 29 26 33 20 46 39 23 4 11 1 43 
40 20 1 5 11 44 47 16 34 23 31 8 
21 45 7 16 29 24 1 35 41 32 10 4 
29 40 26 13 23 20 5 10 37 17 34 48 
19 41 28 9 48 15 44 2 12 32 35 38 
10 14 26 43 47 1 5 37 18 34 40 30 
29 37 34 44 40 6 1 26 47 9 16 12 
14 42 35 9 21 4 46 24 30 38 27 17 
34 27 1 15 4 48 12 30 9 19 40 37 
19 44 10 30 16 48 37 1 26 7 4 13 
14 11 2 5 18 35 38 43 21 27 46 32 
32 7 36 11 2 40 46 17 23 14 43 26 
48 1 20 29 8 41 16 26 23 37 5 33 
29 20 17 32 1 6 26 46 38 13 35 10 
41 28 31 25 34 1 22 17 11 14 46 8 
8 17 5 48 23 37 2 31 20 13 27 45 
17 27 47 11 20 8 1 33 24 43 4 37 
48 31 15 28 1 38 8 43 24 19 11 5 
22 34 14 2 19 9 5 29 26 43 47 38 
16 5 42 36 33 11 8 24 39 1 48 45 
19 13 36 24 16 33 4 9 1 46 39 30 
39 12 22 36 45 25 8 32 2 19 42 15 
32 44 40 25 17 14 47 2 21 29 9 35 
22 29 26 19 32 1 45 7 4 35 16 13 
15 2 10 27 30 38 24 19 41 48 33 45 
40 18 7 23 45 33 29 14 48 37 26 10 
10 18 15 30 47 34 24 3 21 6 40 43 
2 13 46 30 37 33 22 40 43 9 25 6 
4 48 25 22 37 9 33 43 16 12 19 30 
8 2 48 29 22 43 35 16 32 5 11 38 
6 30 23 9 3 13 48 20 27 38 17 43 
40 23 18 32 4 14 36 43 26 7 48 10 
21 16 26 48 34 31 41 44 11 8 37 2 
23 45 41 5 2 30 10 36 27 48 15 19 
27 36 42 7 48 39 16 23 33 45 10 4 
26 45 48 3 14 30 19 6 33 9 23 38 
8 35 12 28 42 39 31 24 5 2 17 47 
6 22 42 39 34 31 3 19 15 10 28 46 
44 20 38 41 23 2 48 26 14 29 6 34 
38 23 20 42 9 45 13 2 17 48 30 5 
8 16 31 20 24 35 42 45 5 38 11 27 
44 41 20 35 11 32 48 3 27 24 16 6 
26 5 46 23 35 39 8 2 43 13 32 29 
48 23 14 26 44 9 33 37 17 2 29 20 
8 4 29 48 11 18 21 39 43 1 14 34 
16 11 19 40 2 37 8 33 5 27 30 48 
38 27 21 14 8 24 41 11 5 35 31 48 
23 9 40 27 13 1 5 18 37 48 33 30 
1 42 35 31 48 26 38 5 9 12 22 15 
36 42 45 4 8 1 32 26 29 13 39 48 
1 47 36 24 21 44 10 6 39 13 30 33 
33 11 1 15 44 29 5 40 20 8 47 25 
44 31 28 10 19 36 7 48 2 40 15 22 
35 41 38 45 48 19 31 25 22 11 6 28 
29 16 20 10 5 1 26 35 41 32 45 48 
12 20 38 23 27 30 5 43 17 35 47 8 
35 1 47 8 13 26 4 39 31 17 43 23 
33 40 37 48 17 21 27 8 11 5 24 1 
20 26 38 29 1 14 10 48 42 6 17 45 
11 1 4 28 41 48 36 24 21 7 31 18 
36 21 18 11 1 41 47 15 30 24 4 27 
48 31 34 12 6 37 28 22 19 25 2 16 
45 17 5 39 29 1 42 32 25 10 36 22 
13 43 27 10 21 4 7 35 38 16 1 47 
4 10 38 41 18 14 23 47 1 35 7 30 
23 48 32 1 35 14 29 26 10 20 44 6 
29 10 21 35 43 18 14 26 5 46 2 39 
15 38 1 25 22 28 34 11 7 4 41 46 
24 36 27 6 40 12 21 16 9 33 1 46 
4 17 32 8 48 42 11 21 39 25 45 28 
14 34 48 41 24 45 27 38 31 9 2 18 
1 35 4 26 10 19 7 23 48 39 31 45 
48 10 43 26 23 32 5 37 13 29 17 40 
2 36 9 5 16 40 24 12 45 27 30 21 
1 25 28 11 5 8 21 16 31 41 47 34 
13 39 4 22 25 28 16 10 45 7 36 1 
27 45 42 23 39 3 31 8 20 14 11 48 
23 30 43 1 47 26 18 38 11 4 7 15 
9 36 47 19 33 5 16 13 42 28 22 39 
8 17 26 2 31 20 44 41 34 12 5 23 
21 1 9 46 25 30 15 18 38 42 33 5 
23 4 13 7 47 35 20 41 44 38 27 16 
6 10 17 44 47 34 2 38 41 23 20 29 
23 45 14 20 6 48 29 38 33 1 26 42 
34 13 28 45 17 1 8 4 38 23 41 48 
16 40 20 45 2 13 37 32 5 48 25 28 
15 1 10 48 21 39 36 4 43 33 29 7 
39 35 26 7 48 23 14 32 29 2 18 45 
17 40 45 29 20 1 14 48 23 32 5 36 
5 40 8 30 25 36 33 19 2 16 11 46 
7 29 40 17 45 32 48 26 23 12 2 35 
26 45 8 48 5 29 33 16 39 19 12 22 
23 40 15 45 7 31 11 4 28 48 37 20 
25 4 11 32 17 29 36 14 7 41 47 20 
22 40 37 48 1 13 28 10 17 43 33 5 
15 18 3 47 38 11 41 44 25 31 7 21 
28 18 37 31 45 13 22 42 10 48 25 34 
26 33 5 2 36 8 30 48 21 11 18 45 
36 33 43 29 1 10 17 14 46 4 26 7 
47 25 22 10 19 36 5 16 42 39 1 33 
9 35 21 5 1 41 48 44 26 14 17 31 
2 35 48 5 45 25 16 28 31 38 10 22 
12 1 31 15 44 39 6 36 47 9 28 22 
15 47 1 36 21 40 4 8 11 25 33 43 
29 17 22 40 25 44 47 37 34 14 10 6 
40 33 44 24 30 36 10 13 17 5 47 27 
42 6 17 21 27 45 36 24 30 11 48 3 
20 37 23 26 48 10 34 31 6 41 44 16 
26 2 48 45 35 7 39 32 42 10 19 16 
41 22 17 36 44 9 26 33 6 2 48 13 
48 4 1 19 7 35 40 12 31 16 44 27 
25 41 4 1 8 11 44 21 30 35 38 16 
40 44 31 48 10 28 20 16 37 6 24 3 
16 47 1 30 25 10 7 4 21 40 36 44 
1 21 31 28 8 15 11 46 18 24 4 41 
4 18 1 26 43 35 32 48 39 15 23 7 
5 31 8 2 21 45 11 17 34 14 48 27 
33 37 45 13 1 48 10 30 17 40 7 25 
25 22 5 12 41 28 47 33 36 15 19 44 
43 10 3 7 22 46 16 35 30 26 19 13 
33 26 36 30 8 13 48 42 16 21 2 5 
31 9 48 41 26 2 44 35 23 19 13 5 
10 7 34 37 48 28 19 40 15 4 43 25 
2 15 8 37 44 11 25 28 48 41 31 34 
11 19 7 40 48 29 37 16 23 26 34 1 
30 21 27 11 33 8 39 4 46 18 14 43 
1 20 43 31 23 39 5 16 48 27 35 13 
7 48 44 31 21 2 18 36 40 10 24 13 
33 48 36 15 1 21 44 4 9 30 39 18 
5 24 21 33 28 37 15 48 2 11 44 41 
34 1 25 5 42 31 15 38 20 10 28 46 
19 35 38 25 1 11 41 47 29 22 6 14 
38 5 45 14 35 9 48 31 1 19 25 42 
6 3 45 48 9 23 15 35 38 32 42 28 
18 14 40 44 7 3 27 11 24 32 48 37 
19 22 8 45 36 1 28 31 25 40 14 11 
23 20 13 4 1 16 33 44 36 7 47 27 
36 31 25 28 48 4 45 22 19 7 39 13 
17 29 26 47 10 23 34 20 43 38 1 4 
47 13 22 31 1 36 16 27 5 44 8 19 
29 14 43 22 17 9 1 47 26 34 6 38 
9 48 1 5 35 14 45 42 27 23 19 31 
21 5 36 11 30 42 24 27 33 16 47 2 
24 17 48 14 37 1 34 42 7 45 30 21 
39 22 18 45 48 42 27 11 32 15 4 8 
21 10 33 43 48 2 18 39 15 26 6 30 
2 8 26 30 38 5 11 14 17 23 47 42 
32 23 48 29 44 41 18 37 10 3 7 15 
21 30 8 27 2 42 39 14 5 45 11 33 
43 19 28 22 32 46 13 10 36 7 39 16 
38 41 29 18 46 3 10 13 7 22 34 25 
18 48 27 21 11 39 36 42 14 8 24 30 
33 20 1 11 43 23 16 4 30 47 40 37 
48 43 23 26 36 6 13 17 40 30 3 10 
33 36 29 47 3 12 16 8 22 39 19 25 
46 36 33 25 28 14 43 11 1 4 22 7 
34 2 28 13 21 41 25 31 48 7 38 17 
44 2 9 47 12 24 15 30 27 5 33 41 
13 35 48 38 17 2 24 27 45 42 7 31 
17 40 44 27 33 37 30 13 22 7 4 48 
10 48 4 7 18 13 1 35 22 31 44 41 
30 17 23 5 20 33 14 38 44 2 10 47 
1 9 29 19 34 25 37 22 47 42 16 13 
8 48 13 25 20 2 42 33 45 38 29 16 
40 23 5 48 33 16 2 45 10 27 13 37 
44 48 18 14 40 3 27 8 24 11 37 34 
26 48 44 38 18 1 10 35 21 5 41 29 
10 42 5 48 38 15 18 26 22 34 1 31 
25 13 48 30 36 16 42 4 7 45 19 10 
38 10 16 42 45 28 20 24 7 4 33 48 
2 42 6 33 45 39 21 18 36 13 48 25 
27 18 1 15 6 45 36 30 39 10 22 42 
35 21 40 15 10 48 4 26 30 44 1 18 
47 17 24 36 21 40 27 3 11 30 44 6 
25 40 21 3 18 9 36 47 12 15 29 33 
45 24 38 29 41 9 5 17 48 32 35 20 
11 25 41 45 31 34 8 22 19 28 1 14 
42 22 46 29 32 8 16 25 35 5 19 2 
35 39 14 24 11 29 21 43 1 18 8 5 
19 44 9 40 5 26 23 48 1 34 14 31 
15 24 33 2 47 19 39 43 11 30 36 5 
16 37 32 8 29 41 44 19 48 22 4 26 
19 1 24 29 16 39 47 43 32 5 13 35 
39 20 26 4 36 1 29 11 33 42 8 14 
1 14 19 40 30 27 48 36 11 24 45 8 
48 1 5 21 29 44 35 18 9 38 15 12 
14 28 25 34 4 18 8 1 37 45 42 48 
43 10 16 7 38 1 21 26 46 4 13 31 
17 47 1 14 34 30 7 23 27 11 40 43 
38 13 1 47 16 41 25 9 29 33 21 6 
21 14 37 31 7 43 4 1 34 47 24 28 
32 21 13 38 47 1 29 10 43 16 6 25 
36 26 15 6 30 9 20 43 2 12 23 33 
20 28 1 8 39 4 36 17 46 31 14 23 
35 32 7 15 1 38 42 47 29 4 22 11 
22 19 42 13 35 7 1 4 48 28 10 39 
48 7 44 17 40 32 28 11 3 14 25 36 
48 4 20 1 26 34 7 16 12 29 38 43 
8 42 11 1 36 18 5 39 14 28 33 22 
35 3 44 13 31 48 40 7 24 10 27 16 
20 2 43 40 24 48 5 33 37 15 10 29 
32 42 29 1 48 24 14 7 10 17 37 20 
16 9 34 31 20 28 39 24 13 5 44 48 
32 4 7 24 1 16 28 37 46 12 20 42 
4 27 8 40 30 33 37 23 20 46 16 1 
34 8 48 30 13 24 1 43 21 4 38 17 
19 46 38 16 34 10 24 5 30 13 2 43 
40 4 1 18 28 34 48 21 31 14 7 25 
9 26 18 44 4 12 38 41 15 34 47 31 
28 10 19 6 16 32 22 47 38 42 25 3 
37 4 15 27 1 33 30 8 19 47 43 22 
48 3 20 8 31 38 35 23 44 13 26 17 
5 32 8 17 11 35 43 14 2 25 20 38 
7 1 22 26 4 15 19 34 47 41 10 29 
38 12 21 9 28 5 18 2 34 24 48 41 
46 7 4 39 43 23 1 11 14 27 30 18 
18 26 29 46 38 32 42 12 15 8 22 3 
17 22 10 45 6 35 2 38 31 27 42 13 
23 5 45 26 10 42 16 13 19 37 2 30 
14 18 34 4 40 28 11 48 37 22 43 8 
39 23 26 42 19 29 2 8 13 5 48 45 
37 46 26 18 22 40 33 30 11 14 4 43 
8 4 13 27 16 30 44 21 41 38 24 35 
33 36 21 18 48 39 7 29 4 24 10 15 
16 48 36 13 42 5 9 1 29 25 45 21 
39 15 45 23 42 28 35 10 48 1 19 6 
1 47 27 44 38 20 11 41 24 8 33 15 
8 5 11 2 46 43 29 24 34 14 37 19 
27 14 37 17 41 1 7 48 24 31 21 11 
34 2 5 20 27 31 11 17 47 24 41 38 
11 15 4 29 44 20 40 7 1 24 47 33 
27 42 37 33 23 30 1 20 10 15 4 46 
5 28 15 9 25 20 12 34 31 37 2 43 
35 8 48 14 5 11 31 43 39 17 25 21 
48 14 9 27 24 44 37 33 1 4 17 30 
10 37 14 28 20 34 43 23 46 40 3 17 
10 24 18 21 48 6 33 29 36 39 43 15 
21 48 32 29 2 35 12 41 18 9 24 44 
44 48 1 37 34 22 8 30 26 41 14 11 
30 19 43 37 40 16 24 12 8 33 48 4 
43 20 23 40 9 4 30 1 46 16 27 35 
36 4 16 25 44 29 7 20 33 13 39 10 
6 15 3 41 32 29 48 9 21 35 26 12 
14 28 6 31 47 1 25 18 22 9 43 40 
30 43 27 24 17 36 10 6 13 3 20 46 
25 21 36 28 6 1 33 18 46 14 40 9 
22 18 28 31 48 40 9 37 34 5 1 25 
14 18 42 48 10 34 37 21 6 2 28 45 
8 47 20 24 36 2 33 29 39 42 14 11 
19 9 38 41 28 6 16 32 22 45 3 12 
20 42 35 48 29 39 32 16 45 5 23 8 
33 39 27 17 21 12 42 24 30 5 9 1 
25 48 30 33 37 16 21 40 1 45 6 12 
39 26 4 11 8 45 14 30 23 42 36 19 
14 9 28 48 1 44 25 41 31 4 37 18 
20 16 12 45 27 36 42 9 48 6 30 2 
1 16 19 45 4 7 39 36 33 42 26 22 
9 37 29 26 40 5 14 33 44 2 18 23 
32 47 21 26 6 9 2 18 44 12 15 40 
4 10 30 27 14 39 36 24 7 1 21 46 
14 25 4 39 17 42 28 11 36 22 1 48 
48 2 28 17 32 14 8 11 37 5 24 21 
32 6 11 37 40 27 20 46 3 24 17 43 
11 27 5 38 35 16 8 20 2 23 43 32 
46 1 32 6 35 13 29 17 26 9 23 40 
39 42 6 9 26 34 2 47 30 21 12 16 
47 15 24 32 4 36 12 28 1 9 41 20 
45 8 32 35 41 15 5 11 2 38 25 18 
30 36 40 44 2 9 24 13 5 19 47 27 
44 7 41 3 25 11 36 21 16 28 48 31 
40 8 16 34 37 30 21 48 2 26 13 45 
43 26 23 36 18 15 29 46 32 11 3 8 
41 47 7 36 33 1 24 21 44 27 30 17 
14 10 45 19 36 2 48 32 29 26 7 42 
10 33 48 44 22 36 3 7 17 14 25 29 
11 18 24 44 14 8 5 38 27 48 2 41 
10 44 27 17 30 41 7 4 24 20 33 48 
48 34 14 20 41 31 24 44 5 1 11 27 
21 1 27 13 9 39 44 30 6 36 17 33 
37 8 1 46 43 31 40 22 11 18 25 34 
5 46 32 16 9 19 42 36 25 39 22 1 
20 47 28 16 12 7 2 39 23 42 35 31 
18 35 48 21 32 44 27 41 8 12 5 15 
17 34 10 48 24 21 45 2 31 28 38 5 
1 16 35 19 7 30 4 13 27 42 38 46 
39 17 30 8 43 48 1 26 5 14 11 22 
39 20 33 3 45 30 11 42 36 25 14 6 
12 20 4 27 41 48 16 38 9 24 34 44 
12 16 40 34 24 46 31 8 27 1 43 37 
10 47 13 30 42 39 27 22 7 16 19 33 
3 15 23 19 26 6 45 34 29 9 39 42 
13 10 42 17 36 20 28 39 3 24 6 33 
8 3 14 21 11 31 43 38 34 18 47 25 
17 25 34 10 13 47 37 22 43 1 4 7 
22 39 7 30 19 44 33 15 3 36 27 11 
6 11 2 36 17 31 14 20 41 27 44 47 
37 6 33 23 27 30 18 11 40 43 1 15 
38 28 9 18 3 41 48 45 12 24 35 6 
42 25 45 22 10 2 6 15 48 39 32 29 
6 12 16 22 2 25 37 34 19 48 9 30 
4 43 40 1 13 33 18 47 25 10 30 36 
30 35 46 27 13 40 3 43 16 8 19 23 
7 10 1 33 4 13 40 20 25 46 36 29 
40 24 47 28 37 8 43 17 21 4 11 1 
31 38 46 10 34 17 24 28 41 6 14 1 
5 33 14 1 17 41 21 44 8 25 48 29 
47 30 33 7 20 14 10 17 37 42 24 2 
15 37 31 1 7 19 4 47 44 10 40 28 
45 36 42 20 33 8 3 48 25 12 16 30 
46 10 13 21 5 29 40 34 18 26 43 2 
26 29 1 44 12 47 23 35 32 20 17 8 
21 6 12 25 18 42 37 3 15 45 28 9 
36 31 18 1 42 28 12 15 39 6 24 48 
5 2 11 32 23 29 39 14 8 42 17 46 
31 38 16 5 35 41 10 27 44 22 1 13 
31 39 1 5 16 22 19 8 13 35 43 27 
48 19 15 45 36 11 25 40 29 32 4 1 
31 15 36 6 41 10 44 28 3 20 24 47 
12 24 8 1 5 31 36 15 28 20 43 39 
28 35 16 21 41 38 2 8 25 46 5 12 
33 5 36 1 12 20 8 24 15 39 43 27 
5 17 11 8 1 25 14 38 35 20 29 46 
20 24 10 30 48 7 39 2 16 13 27 45 
17 11 1 35 21 48 44 32 40 14 26 8 
39 7 17 4 48 26 29 20 45 1 34 10 
8 17 35 12 38 23 27 45 1 48 31 41 
32 27 20 42 2 23 13 37 9 17 5 47 
10 18 28 25 5 1 22 35 41 38 14 45 
26 1 11 23 40 37 48 30 6 18 33 45 
5 8 45 16 39 48 1 42 34 24 31 27 
16 47 26 32 11 4 8 29 1 39 20 36 
29 8 4 26 39 11 46 35 42 23 17 32 
44 34 38 3 6 25 11 41 18 31 14 48 
27 31 35 1 4 14 17 24 48 20 43 40 
20 1 48 5 15 26 9 23 44 39 29 36 
1 43 35 39 16 19 47 27 32 13 22 7 
41 22 48 6 15 32 28 25 12 19 36 44 
32 16 1 23 26 38 29 42 47 12 4 20 
48 7 16 1 38 35 29 20 12 23 41 4 
19 10 41 44 13 27 47 1 4 33 37 23 
41 31 1 28 38 8 18 5 25 14 47 44 
4 36 8 47 40 24 15 1 44 27 12 30 
7 47 43 11 32 29 14 1 20 26 17 4 
28 34 19 31 14 45 1 6 41 37 22 10 
43 24 18 15 6 12 9 30 40 48 34 27 
10 19 31 42 7 3 48 45 16 28 39 25 
44 28 10 22 39 16 4 13 1 34 19 25 
29 36 33 40 47 21 1 4 25 7 15 43 
36 23 32 4 45 9 29 13 19 41 26 1 
15 22 31 34 12 1 9 18 25 40 28 45 
18 15 1 10 22 48 37 33 4 26 7 29 
48 24 36 2 40 32 21 17 6 43 13 10 
33 26 23 47 43 17 12 9 38 29 5 2 
22 46 10 17 29 13 25 38 1 6 42 32 
39 44 20 30 12 17 2 26 5 23 48 9 
33 18 7 15 43 30 48 36 12 22 27 4 
34 30 26 9 16 46 3 13 43 6 20 40 
35 2 32 38 29 11 15 45 42 5 25 8 
38 17 12 43 35 48 6 31 27 24 9 20 
2 19 10 48 45 32 27 42 39 22 13 16 
41 23 7 29 12 20 16 48 37 33 45 26 
47 8 37 43 22 30 5 40 19 25 12 33 
48 17 36 30 45 14 1 20 40 25 4 7 
13 43 25 1 32 22 19 39 28 36 47 4 
33 10 19 39 25 43 13 16 22 47 7 36 
26 23 14 39 45 17 7 1 42 34 30 48 
39 21 25 33 16 28 45 48 1 36 12 4 
35 15 5 2 48 20 27 12 43 32 9 24 
26 38 31 9 20 12 34 17 48 2 42 6 
37 11 8 24 28 21 15 5 1 33 48 45 
2 7 21 12 38 34 27 43 47 17 30 24 
43 1 22 40 47 31 34 15 25 7 11 4 
7 44 30 34 10 13 17 37 47 27 1 23 
20 5 34 28 37 44 9 1 12 48 24 16 
36 20 48 32 1 4 26 13 44 10 17 7 
43 12 38 22 6 19 48 35 3 9 16 31 
23 30 5 38 43 47 27 16 34 1 13 20 
33 30 48 13 17 45 7 27 22 41 10 37 
38 12 29 43 35 23 20 8 26 4 48 16 
38 43 31 2 34 13 6 26 17 23 47 10 
19 36 4 42 26 12 29 23 1 39 33 15 
36 10 19 13 7 39 27 47 4 1 42 32 
44 28 37 33 47 24 41 10 15 7 2 18 
1 29 47 33 15 21 4 26 38 18 10 7 
2 13 32 22 40 6 25 18 47 44 36 10 
41 38 48 7 22 11 33 29 25 3 18 14 
39 19 8 46 43 27 5 36 22 11 2 15 
34 7 47 13 4 27 1 24 41 10 37 44 
32 47 7 26 41 29 23 10 2 38 13 44 
48 14 24 45 21 41 11 32 4 8 28 18 
29 7 26 48 33 43 15 19 4 39 12 23 
39 35 32 29 45 17 2 5 25 42 10 21 
31 28 10 44 22 35 7 3 19 48 39 25 
29 40 11 43 19 4 16 46 7 37 1 23 
34 26 23 44 31 41 1 47 17 4 38 10 
6 21 36 17 26 11 47 14 42 33 39 3 
35 4 1 45 48 38 10 17 28 41 20 32 
27 22 30 44 38 7 16 11 1 4 19 34 
24 48 33 7 11 40 30 44 2 21 27 37 
14 10 4 32 29 20 43 26 1 36 23 7 
13 40 37 23 7 46 16 10 33 28 43 2 
18 8 39 32 48 28 4 11 36 45 21 1 
19 45 39 23 13 7 42 3 26 32 36 10 
32 18 38 11 21 29 24 14 47 7 35 44 
23 10 7 35 16 20 32 44 13 48 40 2 
48 33 15 38 10 18 44 3 24 41 21 30 
10 29 46 3 38 21 25 18 14 7 43 34 
8 1 32 19 22 28 38 12 45 48 42 4 
11 6 18 39 42 48 15 27 31 45 34 21 
14 39 10 23 42 17 20 27 5 31 48 36 
34 1 39 18 28 47 6 31 43 15 10 25 
22 7 36 28 25 31 16 46 13 43 40 3 
45 8 36 39 5 1 30 18 33 27 11 23 
36 41 20 24 27 5 15 46 8 2 12 33 
2 11 17 41 8 29 21 48 32 26 45 5 
40 11 24 47 1 7 34 14 30 20 4 43 
48 39 30 36 10 27 6 20 17 2 23 45 
35 20 5 46 8 39 14 2 29 24 32 42 
12 37 29 16 20 44 47 26 23 33 6 9 
2 38 48 45 9 41 19 30 13 22 6 26 
28 40 1 31 14 5 46 43 21 37 25 10 
13 27 30 40 1 16 37 34 44 19 22 9 
6 11 30 48 37 3 20 25 44 34 41 17 
18 37 10 2 21 34 6 30 24 44 14 41 
43 32 13 4 46 37 16 10 28 7 24 1 
29 45 39 1 23 4 17 26 12 42 32 8 
22 34 5 9 37 12 40 26 2 30 45 48 
31 27 21 7 15 18 24 44 39 2 48 12 
17 23 13 40 4 10 26 47 37 32 7 20 
40 8 18 34 43 1 11 22 15 46 28 25 
28 6 20 24 43 40 48 15 32 10 36 1 
7 33 10 4 17 37 28 48 20 24 45 14 
8 26 30 23 37 15 20 40 43 4 11 33 
3 28 18 15 44 38 7 48 25 22 31 41 
18 8 48 11 2 31 5 40 15 27 21 35 
40 10 4 1 7 19 34 37 22 44 16 13 
12 8 36 22 33 18 41 1 46 25 29 4 
36 25 18 1 11 15 4 28 39 21 31 42 
4 7 19 12 47 43 29 16 40 33 22 36 
41 8 31 21 45 27 14 5 11 2 35 38 
45 35 48 16 32 29 10 4 13 25 20 39 
25 31 38 28 5 15 47 41 22 44 11 19 
19 9 34 31 27 44 41 1 16 24 38 6 
15 1 8 33 21 48 25 43 5 11 39 29 
13 44 1 4 31 21 27 17 9 37 40 47 
16 10 35 2 5 46 19 29 41 13 32 26 
16 24 1 47 42 12 9 38 30 27 20 5 
5 30 46 42 21 33 25 18 36 12 39 9 
29 33 1 42 9 15 39 48 19 26 22 12 
27 48 31 20 45 37 8 17 23 2 12 42 
9 18 22 47 2 14 36 39 25 42 6 28 
16 33 45 30 5 27 19 11 23 8 36 1 
36 48 21 12 30 33 3 15 7 24 27 41 
13 27 19 1 16 10 4 41 34 47 23 31 
11 45 35 18 2 24 15 38 41 5 30 8 
34 26 30 44 41 1 22 47 11 37 17 6 
20 35 16 48 45 29 13 1 23 7 26 32 
14 30 7 47 40 33 17 36 44 3 11 22 
18 11 15 26 40 3 33 7 46 22 29 37 
45 41 9 4 48 20 17 38 24 30 27 13 
31 16 11 36 24 19 5 8 41 1 44 27 
10 47 25 13 40 20 1 37 34 5 43 16 
25 30 11 47 44 14 38 7 2 41 21 17 
20 42 45 13 1 6 25 39 33 9 16 28 
32 2 24 5 16 8 13 21 41 28 37 48 
2 20 39 29 32 23 44 47 12 16 5 8 
43 46 24 27 37 8 20 11 33 17 30 3 
34 45 29 8 15 24 1 38 12 48 42 18 
8 11 1 23 16 47 37 28 31 41 20 5 
41 37 31 9 24 21 1 34 4 44 15 48 
24 1 40 4 43 27 48 16 9 19 13 35 
5 26 20 38 11 1 42 34 46 14 8 23 
43 18 47 12 21 6 3 33 36 15 9 24 
45 6 28 1 13 36 20 25 10 32 16 39 
48 1 21 45 27 42 13 4 8 39 31 18 
39 15 48 7 35 24 10 44 32 4 29 21 
15 8 48 34 5 28 42 31 11 37 19 45 
45 4 15 18 27 21 38 31 48 1 9 12 
1 31 22 15 8 25 34 38 19 47 44 12 
41 10 26 7 23 19 45 33 38 48 1 16 
19 11 27 39 15 32 4 23 43 1 47 8 
40 18 10 44 33 25 14 47 2 7 21 29 
17 44 6 48 24 3 27 33 9 30 13 36 
20 47 17 2 30 36 14 23 42 39 27 9 
32 7 10 38 48 35 4 43 14 18 1 25 
40 31 8 20 47 23 1 36 11 28 44 14 
8 14 36 23 1 48 4 32 20 17 29 44 
34 20 11 7 26 16 39 1 47 23 44 30 
24 4 43 13 10 38 47 7 29 34 16 21 
26 38 4 43 15 20 12 32 23 7 1 46 
47 5 9 14 38 18 23 26 29 2 42 34 
27 24 34 48 11 7 37 43 20 2 40 15 
34 10 27 23 48 38 45 3 6 41 30 15 
37 22 45 30 41 7 27 2 19 33 48 11 
5 48 23 45 15 34 41 9 31 19 27 1 
4 1 30 33 39 42 47 24 36 20 16 10 
38 32 1 41 28 25 47 6 35 9 19 22 
27 13 40 1 33 16 43 4 7 23 20 30 
16 8 33 36 43 48 22 25 40 1 5 12 
21 5 1 12 29 42 24 38 34 8 48 16 
5 35 28 2 12 25 48 41 22 44 32 16 
36 41 47 2 27 8 16 19 30 33 5 12 
38 11 14 47 28 25 22 8 32 43 3 17 
6 44 20 30 1 16 47 10 33 13 23 26 
20 4 11 27 31 7 47 16 37 34 44 24 
22 48 41 38 26 2 29 45 11 6 14 35 
2 31 48 39 19 34 27 9 23 5 13 43 
36 25 45 7 33 22 48 10 39 42 30 19 
10 21 43 28 47 34 25 38 31 14 2 5 
5 39 31 46 2 27 36 43 18 21 24 14 
28 12 34 9 6 31 25 39 15 3 42 48 
29 33 40 24 47 21 6 36 44 16 13 2 
5 30 45 41 27 13 8 33 24 2 36 17 
27 5 31 42 39 14 47 11 19 8 1 23 
34 26 6 1 20 23 16 12 46 39 43 31 
1 30 38 45 42 9 35 18 5 21 13 26 
20 41 10 38 34 48 27 4 31 23 45 1 
18 47 27 42 2 39 22 35 15 8 30 11 
4 46 27 1 11 31 16 8 24 41 21 36 
48 1 28 41 38 34 44 6 21 25 16 9 
9 24 27 30 48 38 15 41 21 2 18 35 
18 44 48 22 2 10 15 37 41 33 27 30 
45 18 14 23 41 34 10 6 31 48 27 2 
26 11 5 1 8 16 34 20 23 45 29 42 
15 1 47 5 8 26 36 11 21 41 30 33 
16 29 33 10 7 44 20 2 41 38 47 25 
43 20 14 34 24 1 5 37 46 28 17 8 
39 42 13 28 9 31 25 47 21 35 1 6 
22 26 1 34 11 14 48 41 38 17 8 5 
6 11 34 15 46 31 21 25 28 41 3 37 
13 28 21 48 18 6 2 34 38 45 41 25 
46 1 10 34 20 43 23 5 14 27 31 38 
8 29 24 18 21 14 4 33 37 1 45 40 
19 12 9 27 32 36 39 15 23 42 6 45 
12 15 20 32 36 42 48 9 6 23 39 2 
18 25 14 4 31 21 1 45 42 39 48 11 
48 45 7 41 4 28 31 21 14 25 34 10 
5 15 26 29 40 2 21 9 47 44 35 12 
33 25 17 1 37 11 6 41 14 20 30 44 
46 34 29 1 14 4 7 24 19 10 39 43 
20 48 39 3 26 13 35 6 29 45 23 32 
33 30 8 27 43 12 2 18 21 48 39 15 
5 47 24 27 12 15 43 18 33 21 8 40 
13 28 47 41 35 1 38 25 16 19 6 32 
8 34 41 21 13 4 47 29 37 44 1 18 
14 10 34 17 20 1 43 39 30 47 27 24 
1 48 25 42 39 7 19 29 11 45 16 32 
42 48 24 34 4 7 21 31 13 45 27 38 
39 10 19 36 1 15 42 22 26 45 5 31 
17 40 10 1 43 31 7 20 48 23 4 26 
44 32 29 47 36 25 41 16 12 1 21 4 
8 46 40 30 5 16 13 43 37 23 27 34 
10 32 22 38 35 14 41 45 18 7 28 25 
14 48 5 34 21 45 8 17 29 11 2 26 
38 4 1 28 42 31 35 46 24 7 20 15 
9 44 48 24 40 16 12 5 32 27 37 19 
11 21 7 28 15 47 40 44 24 33 1 4 
20 45 6 1 41 30 27 15 36 11 24 48 
20 37 24 1 11 32 16 46 27 43 4 8 
24 2 39 46 13 30 5 36 16 8 21 42 
19 30 22 35 3 12 48 7 16 43 39 26 
28 20 13 31 35 16 10 48 38 24 5 42 
8 21 11 38 31 48 24 5 18 27 45 42 
12 23 46 43 34 38 9 2 19 15 30 26 
2 10 25 31 37 15 28 5 45 48 42 22 
45 18 10 28 7 38 42 15 32 48 35 3 
14 37 19 7 25 40 47 2 22 34 11 29 
3 6 31 47 17 34 10 43 28 39 13 25 
36 29 18 7 21 25 42 10 33 4 1 45 
33 26 15 42 7 36 12 45 29 39 48 20 
48 22 3 27 31 34 18 15 8 42 39 12 
22 42 8 48 30 19 16 26 45 1 4 34 
12 48 38 35 1 25 15 8 20 32 5 45 
18 48 42 38 12 9 45 34 22 27 5 1 
24 43 5 38 35 30 11 1 27 8 20 46 
3 10 34 37 13 48 30 17 26 40 23 7 
44 22 47 19 10 5 36 33 40 2 30 26 
44 31 23 41 47 12 26 15 35 7 20 1 
11 1 34 15 44 4 41 48 38 24 29 19 
45 39 28 25 3 19 48 15 42 22 36 9 
44 37 11 14 26 29 20 23 17 7 3 48 
39 28 33 3 12 48 45 36 15 6 23 18 
42 15 9 32 6 36 12 23 29 18 48 3 
19 16 38 45 35 25 41 2 12 9 48 5 
15 7 39 32 46 18 22 35 28 3 12 42 
18 24 44 32 47 39 12 4 21 15 36 9 
3 48 12 37 30 19 15 34 27 44 23 41 
36 26 48 22 3 45 14 7 19 42 32 10 
45 42 26 16 37 32 4 13 7 10 1 29 
23 30 35 39 47 27 42 12 3 16 7 20 
30 43 13 46 18 40 34 25 2 9 5 37 
40 9 34 15 22 3 31 18 25 46 28 37 
1 17 14 38 45 26 29 32 35 48 41 5 
46 12 31 6 35 3 18 15 25 9 22 28 
11 2 22 42 48 18 25 39 30 33 14 45 
35 19 31 28 42 46 10 5 24 39 15 1 
34 28 17 12 5 42 39 2 45 20 24 31 
44 47 24 8 11 1 18 38 41 4 34 31 
9 23 31 28 48 13 39 1 4 35 45 42 
19 11 33 5 22 29 15 26 1 37 46 41 
1 41 8 38 34 46 22 16 13 4 31 28 
13 2 31 16 8 26 42 35 48 19 5 38 
12 3 41 46 9 22 15 26 34 29 37 18 
37 20 47 17 29 8 5 41 33 2 26 13 
24 31 47 20 4 1 44 10 36 7 28 16 
45 29 19 32 16 22 11 39 42 6 2 36 
41 13 32 27 44 7 10 1 38 22 19 35 
2 9 48 42 29 45 23 18 26 32 36 14 
27 42 24 15 47 3 11 38 7 18 34 30 
35 1 17 38 47 32 11 4 26 8 29 41 
21 1 18 4 43 39 15 24 30 48 35 12 
24 12 20 6 16 45 1 42 35 27 30 39 
31 11 36 3 47 44 25 6 21 17 39 14 
2 39 19 22 48 45 25 35 29 32 7 13 
3 26 7 33 47 23 20 41 36 13 30 10 
47 4 27 11 43 40 36 23 8 1 17 32 
25 22 8 41 16 4 33 12 48 44 37 1 
26 40 23 43 34 17 46 37 31 20 5 13 
19 39 4 16 11 31 26 1 8 36 42 23 
10 30 23 48 7 34 44 1 27 18 15 37 
17 13 23 30 20 42 38 26 47 34 6 9 
17 2 35 14 39 25 42 9 45 32 5 20 
32 35 7 1 10 41 20 45 23 17 4 38 
48 4 33 9 15 26 44 18 22 41 37 30 
47 35 31 39 42 12 8 28 25 15 19 5 
29 45 35 32 42 12 6 16 21 48 1 39 
47 30 2 40 43 37 17 21 11 5 34 25 
12 48 45 15 2 36 5 24 18 41 33 28 
21 1 8 33 36 42 18 45 28 39 14 24 
10 46 33 24 39 2 28 6 16 42 21 13 
7 30 40 37 48 17 3 43 11 14 23 34 
43 47 32 40 14 28 11 2 37 5 17 24 
40 8 14 34 20 1 26 11 17 48 29 5 
30 48 42 34 37 27 1 23 19 13 9 6 
24 32 48 45 15 21 5 27 39 9 42 1 
46 27 20 23 16 10 30 35 6 13 2 38 
1 4 18 9 48 41 45 23 27 15 34 38 
15 5 25 48 19 2 28 40 11 32 45 35 
47 13 18 32 10 38 2 29 42 6 25 21 
24 13 46 31 21 17 39 10 43 7 35 27 
1 36 27 15 10 23 6 44 48 31 41 19 
30 3 37 34 8 46 27 15 24 43 40 20 
40 18 45 8 35 26 29 11 1 14 32 23 
19 13 10 31 16 3 6 27 24 34 47 37 
5 10 35 32 28 45 24 2 42 21 39 13 
1 27 8 45 41 18 22 37 48 11 14 4 
39 14 5 20 23 32 48 27 1 17 42 45 
1 4 10 24 16 38 46 19 34 27 13 30 
43 15 34 2 6 12 9 38 25 47 18 22 
13 4 8 43 1 16 39 30 26 35 23 47 
43 7 36 33 15 47 4 24 39 10 18 21 
48 25 41 2 13 34 5 29 21 37 44 17 
12 24 17 34 27 21 1 30 7 43 40 47 
5 35 22 19 28 13 10 2 16 25 44 39 
41 23 9 20 32 17 35 5 27 45 13 1 
25 48 22 16 42 45 9 35 32 1 13 6 
10 40 37 25 43 21 18 1 33 29 47 13 
42 19 12 48 32 6 26 22 39 15 36 9 
25 9 41 30 22 47 1 44 14 37 34 6 
39 4 32 28 18 35 7 43 1 14 46 25 
45 10 16 48 20 23 42 36 33 30 39 7 
48 45 24 27 32 35 38 14 1 18 7 42 
37 8 20 13 27 24 42 34 1 45 17 4 
13 38 10 30 25 19 22 7 48 3 33 16 
42 19 16 35 28 24 12 4 46 7 1 31 
41 48 1 16 19 45 5 29 32 10 25 37 
45 29 32 26 16 2 41 19 23 37 5 8 
31 15 41 3 28 37 9 6 21 12 47 25 
15 5 25 21 9 12 28 41 18 44 34 1 
28 1 12 17 22 48 25 35 39 45 8 4 
36 33 15 6 24 3 12 21 47 18 41 44 
46 43 28 18 39 14 1 25 4 31 7 11 
31 28 47 37 7 24 18 40 34 44 4 21 
42 32 21 45 25 11 7 35 3 48 16 39 
17 24 47 12 7 42 27 37 33 30 21 2 
48 4 21 18 38 34 7 1 45 27 24 15 
34 40 9 20 48 37 25 45 15 28 12 31 
43 13 28 25 5 35 2 39 46 20 8 16 
29 43 4 16 40 32 35 19 10 25 47 1 
5 46 23 34 1 9 26 39 29 16 19 43 
22 38 28 18 35 8 5 32 44 15 48 41 
45 1 34 42 15 30 11 8 25 18 5 39 
42 8 14 21 5 37 45 1 48 34 31 24 
46 23 18 34 14 1 8 11 31 39 42 27 
37 10 23 41 48 13 44 2 33 5 19 26 
4 22 38 1 46 34 42 13 16 25 7 28 
48 1 13 4 31 45 19 41 28 16 24 36 
36 26 1 10 46 18 39 14 43 33 22 29 
43 18 14 3 33 22 46 30 9 40 26 37 
10 32 15 38 6 2 43 18 25 46 35 29 
23 4 12 42 18 15 37 48 1 34 7 45 
11 48 18 5 1 31 27 24 15 45 39 35 
40 29 48 18 15 44 2 25 12 35 22 5 
21 11 30 1 8 24 4 43 46 39 36 14 
37 17 9 46 42 30 1 33 6 12 20 23 
37 16 40 3 26 30 46 43 7 22 11 34 
22 1 42 36 39 25 7 4 10 33 18 28 
1 33 42 4 39 17 36 24 46 9 21 27 
7 18 38 28 31 13 25 21 44 2 34 47 
48 18 11 1 14 41 7 28 34 24 44 37 
48 28 25 20 11 17 44 8 4 14 35 40 
48 34 18 27 10 40 21 44 37 31 5 1 
13 3 25 34 20 45 28 42 48 16 31 37 
24 44 2 9 16 12 33 48 19 39 27 36 
2 36 5 19 25 45 12 42 8 39 29 15 
23 27 47 7 4 37 17 1 14 42 20 10 
4 32 24 20 16 48 13 28 41 45 38 1 
36 1 7 39 29 20 14 23 17 10 42 26 
39 14 45 26 36 1 21 9 29 42 18 48 
32 16 29 26 12 35 8 2 41 38 45 20 
47 29 20 17 2 10 38 13 43 24 32 7 
8 37 30 22 41 14 26 11 46 18 4 1 
10 27 3 7 24 31 42 13 48 34 17 20 
37 11 8 14 1 26 46 30 33 17 41 5 
45 4 30 15 41 19 9 38 25 22 12 34 
16 23 10 19 48 34 38 45 28 31 1 6 
23 16 33 3 29 26 44 20 41 36 6 12 
7 24 37 48 28 13 44 1 17 41 31 4 
28 21 31 18 46 15 42 39 12 9 25 5 
45 41 25 48 37 32 10 28 7 2 13 18 
6 45 38 48 11 35 20 42 3 32 26 17 
25 18 35 2 47 11 29 14 22 32 38 6 
20 41 48 10 2 38 16 31 26 23 34 7 
13 38 18 21 46 33 26 29 10 42 5 2 
48 6 2 25 11 16 37 42 22 28 19 33 
4 38 48 29 44 1 9 23 12 41 17 26 
46 15 34 21 11 30 24 38 41 1 18 27 
34 24 28 16 4 42 7 37 31 46 13 19 
5 13 10 30 38 1 44 16 20 41 25 35 
7 48 18 15 38 30 45 12 24 21 34 1 
28 25 7 13 16 44 19 22 39 1 4 10 
39 1 7 28 36 23 10 45 33 48 4 17 
38 28 41 6 14 45 31 23 17 9 20 34 
9 21 12 40 48 26 36 2 6 44 16 31 
41 36 45 21 24 9 5 16 30 27 33 1 
20 13 32 16 46 41 27 35 24 3 6 9 
11 47 27 6 37 30 19 22 33 44 3 40 
45 13 29 2 7 16 38 32 26 35 41 10 
33 24 45 42 7 13 20 30 1 10 17 39 
40 20 47 31 43 1 9 4 24 15 12 27 
26 16 29 48 40 22 32 4 12 44 37 8 
11 20 25 1 32 36 5 43 40 47 28 14 
23 26 20 5 48 9 41 30 16 2 13 37 
34 18 31 44 48 9 41 2 6 37 27 21 
43 34 25 46 3 10 20 15 40 28 31 6 
43 19 13 40 9 35 32 16 6 28 46 24 
6 34 12 30 18 39 9 1 48 27 23 45 
40 29 32 9 47 2 12 24 35 44 16 19 
2 24 6 33 9 30 40 44 21 12 48 17 
45 22 6 3 19 27 9 42 31 12 38 48 
9 21 13 26 5 32 2 18 43 39 36 29 
4 41 21 12 9 35 1 48 44 27 15 30 
48 6 43 16 2 30 22 37 25 33 13 19 
38 14 22 48 17 6 27 31 34 1 10 45 
15 39 24 18 33 7 21 11 36 48 28 45 
40 5 48 8 2 20 15 23 12 43 35 26 
10 4 27 1 18 48 13 37 33 21 44 7 
46 7 20 38 1 34 14 10 42 4 30 23 
10 27 7 14 19 36 42 4 24 31 45 48 
48 26 5 8 32 21 45 1 42 15 11 36 
8 29 22 18 34 39 42 1 45 11 48 4 
27 36 39 17 14 9 42 20 6 45 3 23 
5 1 9 17 48 25 41 44 33 38 28 22 
42 12 29 8 17 36 47 1 25 5 21 32 
39 4 24 35 47 30 17 43 21 11 14 1 
8 24 37 41 34 12 27 18 48 5 44 2 
27 17 46 9 4 30 43 20 14 36 39 23 
28 6 40 48 31 19 2 35 16 25 44 10 
29 40 6 43 21 17 10 46 36 24 33 3 
45 5 29 38 42 35 32 22 13 9 1 17 
34 23 30 43 12 48 16 27 20 4 9 39 
35 14 48 27 45 18 39 42 22 32 11 6 
38 25 19 11 7 43 47 22 28 35 3 31 
2 12 38 28 45 41 24 32 35 9 48 15 
13 34 1 5 48 10 45 18 37 42 30 22 
14 17 40 20 11 1 43 24 4 48 28 36 
11 47 44 8 17 35 1 28 5 23 38 14 
1 11 34 41 4 21 18 38 26 8 47 31 
22 7 18 13 39 1 42 32 35 25 10 28 
26 48 20 38 32 44 6 9 2 16 23 12 
36 45 32 3 22 39 8 19 25 29 42 14 
38 7 41 4 17 22 13 45 32 1 27 35 
18 24 2 30 39 21 27 42 45 14 11 34 
24 13 5 18 40 31 1 28 47 10 21 36 
18 24 34 43 13 3 40 37 47 27 30 21 
26 19 16 33 2 36 10 39 5 29 43 13 
16 19 25 47 7 28 22 44 31 10 41 1 
19 46 43 29 13 36 4 39 26 10 33 7 
34 46 10 41 22 1 4 38 18 15 31 25 
20 39 4 36 26 46 11 14 23 17 29 8 
37 20 26 42 11 4 1 7 33 29 45 48 
25 45 40 18 21 35 11 2 8 31 48 5 
32 45 21 1 42 10 15 6 39 26 29 48 
30 1 14 41 34 6 44 18 27 24 10 21 
28 22 14 47 35 31 2 9 5 42 25 19 
4 48 40 34 24 11 27 21 43 15 8 30 
4 26 30 7 14 37 22 48 41 19 11 1 
27 41 34 1 24 7 18 45 38 4 14 21 
38 34 1 14 42 31 18 8 23 26 46 11 
18 28 9 47 5 21 15 12 24 42 33 2 
41 25 14 10 44 47 21 17 33 1 28 38 
41 44 28 32 15 35 4 10 47 18 22 38 
41 31 27 2 35 46 38 24 18 5 14 8 
9 20 27 35 46 43 14 23 31 38 4 1 
9 31 48 18 22 1 14 45 6 26 38 34 
2 26 23 45 16 35 31 5 48 40 8 12 
37 20 4 13 41 44 47 34 27 30 7 10 
19 8 4 1 40 45 37 31 25 16 48 28 
1 14 8 21 35 24 40 5 44 32 17 28 
48 6 42 3 33 30 14 19 23 45 27 39 
35 17 24 38 9 4 41 45 14 31 1 20 
13 27 17 2 47 23 30 20 5 8 36 42 
10 14 28 24 44 2 36 5 19 48 32 40 
36 19 15 44 39 30 10 1 22 4 33 27 
11 23 47 14 5 27 19 43 32 35 8 2 
35 29 39 21 7 25 15 4 1 11 46 32 
41 19 22 44 9 32 48 6 16 35 3 28 
7 18 46 3 15 31 28 35 11 25 39 21 
36 19 48 25 1 45 30 8 16 41 4 33 
21 24 1 17 11 30 27 43 7 14 34 37 
23 15 11 2 8 43 31 48 34 18 5 28 
48 30 33 11 38 3 18 42 15 26 8 45 
43 48 19 37 6 10 30 40 14 24 33 27 
48 18 10 30 3 7 13 45 33 23 36 26 
27 5 18 41 8 1 30 24 36 33 45 11 
24 17 10 7 36 43 30 40 3 46 20 27 
45 16 21 24 27 8 39 5 2 12 48 34 
36 7 28 4 25 15 33 18 1 21 41 45 
17 48 44 14 39 29 23 33 20 10 3 6 
25 6 31 48 19 38 22 35 10 41 2 28 
45 29 17 22 41 4 48 8 37 1 14 34 
44 32 16 37 10 13 29 21 3 41 48 25 
4 30 26 22 45 15 33 1 40 19 10 48 
30 7 33 36 23 40 17 43 20 48 2 11 
19 16 48 6 42 13 30 23 34 10 2 39 
35 40 46 4 10 14 30 7 27 43 24 1 
16 13 1 38 23 35 44 8 19 41 28 31 
42 22 46 19 4 29 16 32 1 35 13 25 
41 38 45 48 29 4 32 16 23 7 26 20 
42 5 20 8 45 24 28 39 17 11 36 1 
10 43 1 32 21 48 17 14 36 4 24 39 
41 27 15 45 23 8 35 12 31 20 4 48 
37 40 34 1 21 26 18 47 9 29 6 44 
33 6 20 11 42 3 39 25 48 45 17 28 
27 6 20 10 48 30 33 39 17 23 42 1 
43 46 36 16 5 40 30 13 20 23 33 9 
14 21 11 33 30 18 48 2 27 5 43 37 
27 8 35 24 2 41 12 48 16 21 38 44 
25 47 9 12 15 33 42 4 36 39 1 20 
1 47 13 16 5 40 27 33 24 36 30 19 
23 48 38 6 41 27 19 3 32 45 14 11 
22 2 47 19 28 12 33 44 37 16 40 25 
48 19 15 30 6 10 2 43 38 23 27 35 
20 32 17 29 41 35 4 12 1 8 25 44 
24 36 44 48 4 20 32 14 7 11 28 40 
27 41 1 6 18 37 9 30 14 22 33 45 
28 2 45 25 8 22 18 41 12 33 15 48 
44 41 10 4 26 35 32 13 29 20 47 23 
28 11 3 44 35 38 16 32 8 48 24 41 
12 26 48 33 21 18 29 43 40 36 7 15 
21 25 42 15 37 18 3 48 45 9 12 34 
48 1 43 23 30 27 9 13 17 35 38 4 
36 22 10 14 19 44 1 33 39 29 5 25 
38 19 45 42 6 25 3 22 11 29 14 48 
24 31 27 13 48 5 16 39 21 36 9 42 
11 25 14 22 5 2 42 32 35 29 8 39 
42 27 14 24 11 31 17 39 1 35 46 5 
45 21 48 24 28 1 34 10 17 41 38 31 
20 4 44 12 41 38 9 15 33 28 24 48 
39 1 35 6 42 17 28 31 20 9 13 47 
9 30 17 26 20 47 33 23 38 41 13 3 
42 22 14 11 26 33 19 8 38 5 46 29 
43 29 40 33 5 9 14 37 23 18 26 46 
35 21 39 17 44 14 29 11 3 32 24 8 
39 31 1 45 13 36 8 48 23 26 17 42 
29 26 35 23 8 19 43 2 32 47 15 5 
40 48 16 10 30 13 45 1 24 19 33 27 
14 25 37 40 43 34 19 22 7 29 10 46 
39 5 26 8 29 36 18 44 48 32 13 21 
4 23 37 20 40 17 10 45 14 27 30 7 
48 7 4 19 37 14 30 45 11 22 1 34 
40 3 22 48 27 18 13 7 34 10 31 37 
17 2 20 33 14 11 43 27 48 37 7 23 
6 2 12 23 9 28 16 48 33 42 37 45 
24 47 39 36 9 42 33 30 27 20 12 5 
18 9 30 23 38 48 44 6 15 12 26 3 
40 43 28 13 31 34 5 23 20 48 16 2 
45 5 35 26 12 30 15 22 39 18 42 48 
38 13 35 44 1 4 19 31 41 24 48 7 
22 28 36 43 46 18 15 8 5 31 12 1 
38 47 35 17 28 42 1 5 25 12 20 32 
11 30 25 36 19 2 43 16 5 22 46 33 
25 48 12 5 32 41 9 18 38 45 2 28 
33 29 36 5 11 48 8 43 2 17 26 40 
27 45 30 36 48 10 17 33 39 23 5 1 
1 48 38 18 45 22 4 25 41 15 30 35 
32 5 23 1 47 37 40 17 29 26 8 43 
25 22 12 34 37 43 15 5 8 2 18 47 
17 41 38 48 10 14 3 29 25 45 20 32 
29 7 26 43 46 37 4 15 11 23 32 40 
1 12 40 5 22 27 36 9 45 15 19 48 
37 31 1 19 43 28 5 46 16 40 25 8 
38 6 21 46 34 10 30 13 26 41 2 16 
7 21 32 29 12 42 16 3 25 48 38 35 
10 4 47 41 44 14 24 36 17 27 32 20 
45 1 21 31 27 48 42 37 5 24 15 34 
16 9 1 46 25 36 28 13 19 42 32 22 
24 35 3 8 48 18 29 11 14 38 41 32 
37 16 3 6 40 19 48 43 32 28 24 10 
32 12 15 48 18 25 38 28 22 45 41 3 
14 35 42 5 32 17 29 45 2 26 11 21 
44 41 30 17 2 21 9 27 37 33 13 5 
45 11 33 27 30 42 48 18 7 22 38 2 
15 28 44 31 18 10 23 7 4 39 36 47 
26 29 14 44 3 40 7 10 47 37 33 22 
36 33 20 13 40 7 25 29 47 10 1 43 
8 38 4 25 19 28 1 14 32 22 42 46 
45 24 4 16 37 1 20 7 28 11 42 34 
15 28 36 41 1 5 25 12 45 31 22 48 
9 44 37 23 17 4 1 12 32 47 27 40 
40 43 34 14 24 10 3 20 37 48 28 6 
48 24 16 19 45 32 36 6 28 12 3 42 
12 40 16 1 36 26 47 29 21 4 43 8 
31 45 40 48 27 37 4 34 1 21 10 18 
45 42 1 5 39 28 10 24 20 13 36 16 
26 23 40 43 20 29 37 13 1 46 9 34 
4 27 10 16 30 19 23 34 7 45 41 48 
4 18 45 42 1 24 27 13 48 33 30 7 
29 41 35 6 15 12 38 44 48 23 2 9 
34 37 4 48 40 22 12 45 26 30 16 9 
16 23 13 10 19 40 45 35 27 1 6 32 
35 28 48 15 44 4 7 31 22 19 10 41 
9 33 14 27 47 43 19 22 5 36 39 1 
34 23 28 1 44 47 7 16 19 31 4 38 
36 18 5 2 29 13 39 48 32 25 22 44 
8 42 21 5 37 26 30 2 34 46 14 11 
28 23 19 34 1 4 31 44 48 7 14 41 
32 12 20 42 23 5 48 29 26 8 45 38 
6 17 12 26 37 44 41 34 47 21 2 30 
19 37 12 9 2 26 41 44 47 6 30 15 
6 9 2 13 27 30 19 43 22 36 33 40 
12 6 27 48 34 15 41 38 9 44 22 2 
30 1 17 33 48 10 39 13 26 43 7 22 
23 14 1 42 11 8 47 27 31 35 5 19 
2 17 48 41 27 38 8 13 45 33 5 30 
45 8 42 22 13 2 5 25 37 16 33 19 
47 1 44 35 13 20 10 7 4 23 28 31 
20 2 36 23 45 15 9 39 42 29 12 32 
15 24 8 12 5 43 37 19 32 28 40 47 
13 36 33 17 23 39 2 46 42 28 20 5 
39 1 23 14 17 32 4 45 8 35 28 11 
14 22 37 25 7 1 10 4 34 47 18 43 
19 8 35 1 31 24 12 39 4 42 47 28 
2 23 26 36 5 12 33 15 47 29 9 18 
37 6 14 30 2 27 21 43 10 34 46 17 
41 13 27 19 31 48 24 34 6 37 1 9 
25 22 15 47 19 31 28 5 2 11 39 8 
31 24 48 1 28 41 44 5 14 36 10 18 
38 47 41 32 12 8 21 5 35 26 2 17 
16 29 9 38 22 42 47 2 5 13 34 25 
33 16 20 13 48 5 44 39 2 30 10 26 
44 1 15 11 19 29 26 23 33 36 48 5 
42 1 10 6 21 18 37 48 24 32 45 28 
48 30 22 14 5 40 1 25 45 10 17 33 
47 20 5 38 26 16 23 8 13 33 1 43 
30 16 48 45 34 1 13 27 19 23 5 39 
22 25 1 9 47 16 36 5 13 31 19 40 
27 1 22 16 31 37 8 46 19 34 41 13 
17 45 26 32 48 23 6 39 42 2 29 10 
15 23 48 3 19 10 29 38 41 6 26 32 
33 28 23 5 12 37 2 15 40 43 46 9 
28 25 11 39 22 31 8 35 47 14 18 4 
44 26 19 16 22 48 32 29 9 1 41 5 
9 33 2 15 36 43 21 12 28 46 24 39 
34 27 45 1 42 16 31 23 12 37 7 4 
48 36 19 13 1 32 10 29 26 23 40 4 
48 4 14 33 38 45 1 20 8 24 30 17 
21 28 43 16 40 13 1 24 8 34 4 46 
1 20 30 27 4 24 17 47 41 35 7 11 
39 20 7 10 4 1 48 44 14 25 31 35 
10 22 2 5 44 38 31 16 41 25 19 48 
37 33 4 20 48 9 45 16 12 23 41 1 
1 13 40 9 46 32 22 36 18 6 25 29 
5 30 18 26 45 38 1 48 35 11 14 23 
31 35 9 12 5 44 23 15 39 28 47 1 
1 17 5 23 42 20 30 39 33 9 26 12 
33 14 44 30 27 40 18 24 2 5 48 21 
25 32 21 46 1 18 39 9 6 28 35 42 
26 20 11 8 30 14 2 41 45 38 17 33 
10 2 30 27 34 20 37 48 13 7 42 24 
35 31 6 39 26 3 42 17 21 12 46 9 
15 33 46 10 30 18 37 43 24 21 2 5 
33 2 47 23 5 12 26 29 16 44 39 19 
41 12 37 48 20 16 24 34 1 4 45 29 
19 25 22 7 39 45 3 33 36 48 29 14 
48 34 15 8 3 21 45 24 28 37 12 42 
6 37 26 33 30 1 12 43 46 22 9 15 
17 23 44 36 47 1 20 33 39 9 6 29 
25 9 17 46 47 15 27 24 30 46 37 17 
34 4 25 9 38 5 10 26 39 39 45 46 
41 45 7 24 14 32 25 19 48 45 15 18 
26 16 29 11 3 38 46 22 39 7 36 42 
29 37 15 23 40 47 26 19 16 48 24 8 
38 21 10 42 8 10 23 8 13 13 17 37 
22 13 21 29 46 24 18 20 6 19 21 47 
22 41 5 44 39 45 3 14 48 43 13 35 
35 1 48 33 7 5 23 25 3 12 18 13 
26 1 48 23 20 28 41 45 38 27 43 25 
23 42 46 7 18 32 26 21 33 47 23 1 
46 1 31 43 27 3 41 12 4 35 12 10 
36 27 29 6 35 31 22 17 29 46 47 20 
33 10 5 14 16 44 26 4 1 22 29 48 
23 14 22 37 39 32 2 32 24 12 39 15 
36 24 6 16 32 2 2 37 22 28 36 16 
16 19 18 34 15 7 31 42 31 41 33 35 
33 23 2 25 45 30 15 19 18 24 38 46 
36 24 43 31 13 12 7 13 46 12 15 40 
40 36 41 2 18 19 19 10 47 13 26 47 
1 20 41 32 29 1 8 44 21 47 21 48 
25 8 11 4 31 17 47 23 40 35 11 23 
45 48 6 46 23 43 18 27 23 37 15 2 
40 39 4 9 12 44 24 43 6 6 37 33 
42 28 38 43 20 16 15 3 6 47 30 17 
5 32 9 17 3 33 12 32 12 18 15 6 
4 11 15 35 11 12 43 30 12 10 41 31 
25 10 10 32 2 6 5 28 9 39 3 12 
37 37 22 11 31 40 20 35 13 7 21 19 
5 39 19 27 27 26 10 25 38 15 32 30 
16 15 33 20 24 42 37 18 9 46 33 26 
40 14 39 5 38 32 8 29 3 27 23 22 
19 29 11 45 35 35 13 18 46 21 43 11 
33 22 30 24 39 38 39 11 24 42 26 1 
4 12 13 27 10 20 34 14 41 27 26 26 
20 17 33 44 8 14 8 12 2 2 6 29 
38 4 1 4 7 6 17 42 28 13 25 14 
18 15 7 2 9 16 41 7 14 19 43 40 
41 28 30 43 12 17 26 2 26 24 15 16 
8 19 30 36 24 44 26 20 27 17 15 33 
5 17 21 14 45 33 28 31 39 13 33 46 
24 31 12 40 29 20 37 40 34 38 43 42 
46 14 6 17 48 6 22 43 45 37 32 41 
43 24 17 9 32 35 41 8 31 32 26 16 
29 18 29 15 42 10 21 38 47 48 21 19 
40 5 21 10 1 24 27 38 43 21 27 27 
36 18 33 34 31 27 2 21 41 5 18 4 
20 24 17 28 5 7 28 48 45 42 26 27 
8 46 5 15 5 12 7 41 18 5 29 45 
44 19 10 25 41 12 16 38 3 17 20 12 
40 17 8 4 13 38 21 30 37 36 6 38 
4 34 10 35 28 45 46 24 38 16 48 46 
43 12 44 14 4 7 44 32 5 19 32 27 
2 48 24 24 47 11 36 10 34 3 12 10 
1 42 46 47 6 2 36 3 7 42 46 26 
31 48 34 48 2 39 44 29 32 12 12 20 
8 7 36 45 42 4 3 27 25 44 46 31 
6 28 36 47 1 24 36 45 22 32 38 14 
2 25 23 4 30 46 8 3 25 19 16 48 
34 12 11 46 13 29 23 40 4 1 47 29 
16 10 13 35 10 29 34 43 1 1 45 22 
13 28 28 36 47 42 46 5 35 29 16 31 
6 4 8 22 43 31 14 29 28 45 44 3 
10 26 37 8 17 32 15 34 45 44 33 38 
39 23 13 15 30 39 33 45 41 26 27 13 
1 24 46 31 15 6 34 37 25 47 7 4 
41 31 13 5 1 44 8 26 39 44 47 26 
45 7 20 47 43 30 39 44 47 29 9 40 
7 29 18 28 9 34 35 2 23 26 33 46 
29 13 30 23 21 9 17 13 9 14 23 34 
30 5 30 20 19 44 22 47 7 22 25 1 
37 38 29 35 24 31 23 14 22 14 27 11 
12 26 18 23 30 13 37 32 28 13 31 5 
20 36 46 4 7 24 14 38 24 44 19 21 
31 19 48 8 19 25 12 33 38 40 3 9 
25 48 28 4 6 6 42 48 4 42 21 14 
25 11 47 41 32 39 14 14 28 8 7 22 
2 13 5 17 12 27 13 48 3 25 18 37 
19 27 44 45 43 12 21 12 43 16 45 42 
45 20 20 31 25 24 7 1 12 3 21 16 
21 39 16 16 47 17 44 40 24 7 12 29 
10 6 41 7 33 44 36 25 8 19 29 36 
4 42 1 5 40 4 44 47 47 34 16 13 
21 30 31 4 25 5 41 28 41 25 2 41 
10 36 16 33 10 15 20 27 2 2 26 5 
41 3 6 19 40 9 33 9 7 46 3 26 
31 1 8 15 32 32 14 33 26 27 6 37 
7 35 33 30 40 7 31 47 21 23 2 3 
42 16 22 31 45 19 19 23 17 40 6 33 
30 27 47 38 6 27 47 44 27 16 26 11 
26 39 27 43 45 26 20 4 28 38 22 45 
41 41 11 11 22 35 36 20 40 10 37 7 
15 38 6 7 24 18 26 10 8 27 45 22 
31 39 18 29 21 19 23 25 42 2 10 37 
12 2 43 5 44 33 22 8 5 10 7 5 
35 43 6 37 35 27 38 35 26 44 26 21 
1 19 11 4 32 43 45 25 45 25 16 13 
45 11 33 12 3 35 18 17 43 30 25 18 
2 42 47 34 32 17 11 6 15 44 11 16 
11 28 31 22 20 48 16 33 35 28 46 22 
35 36 37 44 30 20 43 18 8 2 14 36 
13 47 27 14 4 46 22 18 18 32 42 20 
5 19 30 17 8 5 45 18 46 38 14 26 
18 16 36 20 12 8 44 25 2 33 21 26 
8 39 2 34 45 26 35 25 4 7 40 29 
20 44 23 30 18 33 47 41 34 44 3 40 
17 37 13 11 2 2 27 20 1 4 24 41 
36 44 12 10 46 30 44 22 27 9 3 22 
41 18 43 38 21 24 28 9 2 34 41 9 
13 27 27 42 44 34 4 10 2 42 1 5 
38 14 43 44 5 32 31 15 18 30 37 37 
32 16 15 27 1 14 25 45 25 3 43 47 
26 19 6 48 48 29 17 18 16 5 8 7 
30 5 39 19 39 43 26 47 25 20 30 19 
17 37 7 37 13 15 9 35 44 24 33 44 
7 29 24 39 17 31 29 8 12 11 41 47 
9 18 5 23 10 24 24 25 8 8 5 5 
18 40 24 2 32 23 9 34 19 30 42 35 
20 40 6 34 1 27 42 39 37 4 14 19 
13 35 4 48 3 2 33 37 11 26 43 33 
22 15 42 34 40 46 6 17 23 39 27 19 
1 6 42 47 8 1 18 34 12 7 43 23 
23 42 2 15 31 23 15 14 18 16 47 47 
33 15 25 46 14 32 35 38 3 22 10 41 
15 47 42 30 43 30 42 26 42 40 10 16 
47 34 37 39 5 45 46 45 36 7 12 46 
6 20 44 36 43 13 12 32 15 40 22 39 
43 14 13 33 8 6 43 18 23 46 35 12 
7 2 2 45 12 31 28 29 32 12 4 48 
6 7 6 24 28 13 47 37 21 27 13 6 
20 30 7 40 12 20 33 46 26 33 44 7 
7 47 20 8 6 4 17 37 8 33 20 8 
3 18 1 28 16 36 25 8 35 44 46 43 
10 39 36 11 33 3 40 2 14 45 18 12 
33 34 27 37 25 48 40 15 4 24 11 7 
13 31 15 1 31 32 35 23 17 7 23 19 
33 17 3 13 29 13 43 20 41 19 38 1 
21 44 26 43 16 11 44 23 15 30 30 8 
18 36 9 15 34 25 26 13 15 38 32 45 
40 35 43 26 2 38 3 5 6 1 17 28 
22 25 42 38 16 2 36 15 45 4 43 9 
20 17 28 44 31 47 25 45 32 37 21 5 
27 20 40 28 23 29 45 48 4 45 26 48 
18 19 41 21 44 11 35 6 47 44 40 41 
38 17 19 34 43 31 35 41 28 21 5 4 
44 12 21 15 6 35 17 38 23 7 2 15 
38 23 47 13 46 9 16 8 36 19 24 31 
12 45 45 33 28 7 13 27 1 42 11 7 
3 39 9 46 48 22 23 28 22 29 8 39 
10 17 23 11 45 43 43 17 44 13 20 35 
30 16 12 26 21 23 27 23 24 41 32 25 
19 3 20 39 47 38 23 23 40 15 36 10 
23 14 37 41 28 31 42 43 40 13 11 41 
4 39 46 1 39 40 7 4 44 3 5 17 
2 34 4 22 20 40 33 22 45 40 34 19 
6 5 3 47 5 20 37 20 39 29 9 25 
39 20 15 5 8 5 15 36 8 19 26 13 
26 43 43 43 46 1 2 39 44 3 39 14 
4 36 17 38 30 11 16 28 42 11 5 8 
26 16 10 8 41 46 18 23 4 43 27 6 
29 1 2 40 34 38 35 17 46 35 4 14 
34 5 27 21 20 38 26 46 30 25 39 17 
40 17 41 39 21 32 19 32 34 16 30 33 
45 42 11 29 26 18 16 22 32 48 31 23 
46 16 19 8 15 45 45 23 35 28 8 17 
47 28 30 24 45 15 29 11 11 32 19 14 
24 43 19 32 37 30 8 37 14 36 1 16 
24 25 35 38 8 46 10 41 40 43 7 44 
32 15 20 22 23 30 2 25 28 3 44 31 
18 32 2 26 28 34 16 5 20 42 7 46 
23 16 37 13 6 28 46 21 21 25 31 37 
46 39 24 12 26 12 47 3 10 33 14 8 
24 4 9 27 35 27 43 16 39 3 30 46 
18 24 29 33 44 46 9 10 30 18 39 18 
9 25 41 37 39 37 43 7 38 39 33 38 
44 38 4 2 47 39 5 40 35 3 24 41 
24 34 32 37 46 4 3 3 11 28 40 37 
39 37 5 20 21 1 33 30 19 44 1 40 
1 3 44 42 17 45 29 34 33 40 38 10 
47 12 31 2 9 11 5 1 38 1 28 4 
31 10 46 37 34 46 12 34 39 1 17 30 
2 7 15 1 32 46 9 24 22 7 11 40 
33 25 15 19 46 7 28 42 4 31 23 17 
33 1 11 45 4 16 34 1 11 1 6 2 
23 44 8 1 41 31 11 30 2 42 4 47 
42 41 47 7 15 4 27 9 9 5 6 31 
39 48 14 8 11 37 38 11 25 29 1 32 
39 7 21 33 18 42 30 17 16 1 23 24 
19 5 10 18 13 33 10 36 20 42 39 14 
5 8 27 15 22 25 28 10 6 35 6 5 
29 28 19 5 31 27 38 11 22 18 8 48 
31 27 19 38 34 32 4 42 20 23 45 27 
26 43 17 17 30 33 23 38 1 28 16 7 
44 17 22 45 2 31 21 19 4 31 3 42 
44 33 1 38 42 25 5 1 32 11 16 39 
35 41 31 1 47 6 35 42 35 32 16 5 
34 21 25 31 30 27 16 17 20 8 16 20 
20 3 41 46 22 18 29 42 5 7 45 46 
17 23 30 1 24 35 27 12 21 13 10 16 
21 26 40 47 28 44 45 5 8 26 37 48 
3 25 19 43 27 27 9 11 31 3 29 21 
36 25 24 27 15 29 42 16 12 22 22 37 
21 48 28 26 18 35 46 5 2 47 7 24 
20 13 23 27 21 31 40 10 5 42 43 46 
39 34 31 28 39 22 46 5 46 8 47 18 
46 21 36 42 36 20 16 6 23 42 11 43 
30 21 48 12 12 23 30 27 43 17 31 14 
8 41 26 5 23 41 34 35 15 27 41 33 
39 36 33 18 5 40 14 16 32 5 23 40 
39 40 9 46 23 44 32 37 12 6 1 43 
25 7 23 24 28 45 22 48 32 18 48 19 
48 17 42 42 32 22 13 8 29 40 46 41 
28 16 4 44 29 25 23 4 14 31 34 24 
30 4 31 43 13 18 16 3 6 8 17 3 
1 46 17 47 5 9 2 33 6 30 18 7 
12 41 7 33 9 12 11 7 29 31 30 32 
20 6 40 19 43 41 1 18 25 3 41 7 
6 46 24 42 36 35 7 40 32 16 17 39 
6 16 19 25 17 34 34 19 28 39 1 23 
37 36 1 21 27 28 23 17 8 38 34 17 
14 44 13 8 40 34 22 15 27 2 4 25 
34 40 4 41 10 9 22 4 29 45 29 39 
22 21 42 4 30 43 27 3 15 13 10 16 
25 20 24 2 13 37 21 39 44 1 7 2 
29 7 28 40 15 17 27 4 19 20 41 20 
27 24 9 8 30 38 3 1 43 42 46 33 
48 25 48 6 19 35 16 21 26 47 3 47 
22 48 2 7 1 18 30 41 39 3 13 45 
22 29 35 17 21 37 27 9 37 29 1 32 
44 20 3 29 13 3 25 31 19 44 22 23 
14 32 44 35 1 16 13 29 11 12 41 4 
42 14 31 31 46 23 23 40 1 33 20 45 
34 26 20 9 26 19 34 25 22 25 6 35 
5 28 17 21 12 21 5 17 25 12 38 9 
44 17 17 6 30 36 47 30 1 24 4 11 
32 36 20 16 20 19 9 31 46 7 6 14 
43 30 24 16 15 40 3 8 19 10 44 16 
36 15 5 29 21 40 1 14 27 22 10 45 
22 16 9 5 32 48 31 12 27 47 46 21 
45 37 35 43 24 31 31 35 16 24 19 12 
3 30 22 15 32 39 25 22 28 5 22 18 
44 34 17 25 20 9 1 41 40 4 25 18 
47 35 30 4 31 20 6 43 30 13 23 33 
37 3 24 30 29 6 32 4 37 21 17 36 
14 13 48 28 42 13 2 30 13 34 9 21 
1 1 48 18 41 22 15 14 24 13 29 46 
23 32 7 35 28 19 4 14 31 40 41 30 
45 44 24 48 27 19 3 39 12 20 45 10 
6 22 30 28 3 20 30 33 22 24 40 9 
32 11 7 42 19 19 38 17 44 33 7 26 
36 45 2 27 19 45 31 48 38 11 1 34 
44 28 42 43 2 19 2 16 37 35 34 22 
5 39 37 35 37 1 8 21 5 19 3 9 
31 1 18 5 5 26 29 40 17 26 22 20 
41 11 33 43 18 21 27 34 18 22 4 14 
21 22 29 2 24 42 16 17 19 23 31 17 
17 29 35 24 38 30 6 6 40 2 46 39 
35 19 31 30 34 2 22 45 24 13 17 47 
3 22 41 3 16 1 22 47 24 36 38 45 
20 15 36 19 35 31 9 41 23 38 11 42 
15 23 39 44 34 48 16 12 32 4 29 35 
7 11 19 16 40 19 27 1 14 18 23 34 
48 7 39 22 45 17 4 6 23 24 30 9 
45 40 19 33 33 28 10 19 22 27 11 36 
39 27 31 44 17 37 27 25 2 37 34 46 
24 20 28 15 11 27 46 41 38 31 29 3 
4 13 1 38 17 36 5 32 9 35 7 12 
29 33 39 17 5 24 10 36 12 22 6 29 
25 11 41 24 22 31 23 25 25 33 27 40 
40 25 4 16 32 34 22 28 11 46 11 25 
12 33 12 11 43 45 33 30 3 42 44 33 
46 34 23 20 31 5 37 8 13 10 20 37 
30 41 39 44 15 21 17 28 10 2 47 20 
35 28 6 8 45 24 21 42 23 7 42 23 
10 6 27 32 40 25 41 43 48 32 48 6 
6 18 26 3 29 11 37 22 9 40 21 44 
35 21 46 3 47 22 12 11 24 27 29 34 
21 34 48 29 2 24 37 46 41 8 24 39 
34 48 30 28 31 16 6 46 10 38 9 18 
29 6 17 27 18 23 32 12 32 3 20 34 
39 18 45 48 39 2 4 4 33 43 46 24 
23 48 16 39 26 5 2 29 25 7 32 14 
27 15 30 35 2 7 12 30 29 13 48 43 
17 13 32 34 7 6 30 13 48 17 31 7 
8 26 32 23 33 14 24 26 14 33 17 14 
43 10 41 27 4 48 1 36 47 16 46 36 
8 36 30 9 36 17 33 38 14 4 9 2 
48 34 44 6 2 23 11 40 39 46 32 11 
26 45 32 25 43 28 10 14 38 11 42 7 
5 2 37 48 23 45 38 4 17 27 2 27 
34 42 42 44 41 33 12 4 23 24 44 38 
37 18 25 45 44 19 37 25 21 46 34 3 
25 5 28 8 34 4 6 36 46 11 37 45 
38 9 33 42 1 19 4 35 13 47 14 22 
40 37 29 1 33 8 25 46 38 21 41 34 
19 18 42 14 38 41 46 16 41 27 24 40 
43 44 29 27 22 20 30 25 34 6 15 27 
8 30 20 22 41 43 28 18 25 23 4 3 
9 33 36 1 39 41 29 37 10 38 2 13 
39 3 48 28 27 36 17 10 24 5 40 3 
44 5 2 24 4 6 37 26 11 23 37 22 
41 27 41 25 24 46 34 42 1 16 21 3 
16 16 14 40 40 20 29 15 17 38 22 44 
36 48 18 44 12 7 17 27 27 2 26 33 
34 14 32 32 37 4 34 18 43 10 3 44 
28 16 42 19 15 20 25 14 42 23 1 45 
32 21 23 42 20 25 38 32 44 41 31 26 
16 44 33 26 13 7 22 23 1 13 29 27 
48 44 47 17 30 29 43 23 24 26 3 18 
46 24 29 2 47 32 43 12 3 6 17 43 
39 37 32 25 25 29 4 2 9 20 36 14 
47 34 5 44 33 30 37 11 5 9 22 4 
42 47 24 4 30 38 11 31 6 25 32 38 
9 29 5 21 21 33 47 14 38 43 31 38 
38 18 31 10 14 29 13 8 30 21 21 14 
17 28 15 43 46 3 27 25 43 11 13 19 
30 10 42 42 39 23 13 2 37 40 7 28 
38 28 15 26 14 1 21 24 9 29 45 45 
38 7 14 13 37 45 34 34 32 4 35 11 
27 34 22 19 13 42 1 44 21 11 45 11 
31 15 47 36 11 22 22 13 9 29 26 24 
48 18 40 29 43 47 16 29 10 36 16 14 
31 24 35 29 42 44 33 12 21 13 3 42 
31 46 32 46 24 2 20 7 27 22 4 5 
12 29 4 8 25 8 37 21 34 7 45 36 
27 40 10 13 34 11 32 30 13 5 30 30 
34 26 48 19 26 43 17 31 27 38 14 6 
15 40 43 26 29 21 8 27 28 25 4 40 
19 29 1 18 47 48 33 1 31 32 25 5 
3 5 30 24 26 10 16 1 47 2 11 2 
37 20 44 27 30 7 38 1 31 47 38 39 
40 44 11 15 40 40 47 37 10 11 42 21 
11 27 47 22 28 17 7 42 23 46 41 27 
34 10 22 39 29 16 17 3 47 30 20 37 
48 23 29 1 2 8 13 23 36 15 36 29 
42 35 24 41 31 43 47 26 12 15 9 23 
29 30 12 14 35 10 29 9 30 20 11 1 
35 1 4 38 30 5 7 25 17 40 47 8 
17 30 31 10 26 24 40 30 35 35 4 38 
31 43 39 17 8 42 3 31 24 43 29 44 
2 20 17 31 18 25 24 18 6 33 26 7 
33 25 9 2 4 8 18 43 28 10 8 8 
3 23 28 3 7 23 23 32 28 39 15 48 
35 15 34 5 43 13 44 3 21 44 16 10 
2 1 28 34 41 31 18 21 47 28 29 44 
8 16 45 37 10 43 4 35 25 45 3 14 
11 27 10 7 44 7 38 22 23 22 20 2 
23 30 47 8 15 14 14 13 46 1 7 48 
32 3 41 10 29 34 25 15 10 26 9 17 
47 15 23 46 32 30 44 48 20 25 32 4 
3 44 47 37 19 7 33 28 5 38 1 13 
39 8 4 26 48 6 35 9 45 36 37 20 
22 43 11 37 16 10 19 45 13 31 28 32 
42 4 39 20 45 10 32 12 32 31 31 8 
44 32 7 44 35 41 1 44 46 18 38 34 
11 24 46 12 46 4 12 10 31 7 43 12 
26 6 17 11 8 7 14 22 22 38 18 40 
36 30 43 20 38 29 32 20 4 43 46 12 
24 23 47 43 46 48 14 38 23 36 3 46 
15 15 44 30 38 15 12 18 3 13 44 16 
14 26 40 8 40 1 26 8 1 47 14 14 
20 12 11 1 22 24 16 30 36 9 18 14 
30 11 29 38 33 11 10 15 8 28 20 27 
36 43 3 19 29 19 41 31 18 5 36 47 
9 32 25 27 21 16 35 18 37 48 14 27 
29 3 48 33 16 20 29 5 18 22 19 27 
37 9 43 31 18 39 46 8 27 31 2 15 
6 9 44 35 21 11 1 9 24 28 14 40 
14 6 12 31 32 39 35 45 30 1 32 28 
28 40 36 48 13 4 18 32 35 8 17 2 
40 33 13 8 24 18 26 20 19 19 33 24 
14 39 41 46 11 29 1 16 47 17 4 10 
23 12 8 23 39 8 13 30 13 6 13 3 
30 19 19 24 15 32 39 11 8 12 1 36 
26 45 45 43 14 47 11 2 31 14 15 27 
34 13 5 25 41 25 16 12 8 2 13 29 
32 43 22 39 46 3 48 41 33 41 7 2 
20 36 28 18 10 42 39 32 46 45 14 8 
37 44 43 41 5 26 29 21 25 26 14 29 
25 10 9 35 36 40 21 33 43 32 9 24 
11 25 39 15 33 2 19 31 25 42 47 31 
6 20 28 45 1 28 42 13 29 10 30 45 
32 43 44 5 45 45 40 10 20 28 2 24 
41 40 46 18 27 8 10 40 39 26 23 28 
25 42 5 39 33 2 11 17 40 6 34 15 
23 44 30 14 39 13 3 38 34 44 44 19 
19 6 48 6 11 30 39 31 1 2 12 12 
18 41 31 39 14 33 43 15 24 11 24 4 
12 20 35 2 45 20 21 26 46 24 45 20 
28 10 39 17 24 38 44 28 39 22 40 30 
48 13 21 4 8 8 30 9 18 11 24 8 
21 27 32 3 33 36 17 5 26 18 6 26 
11 19 14 13 30 34 46 16 36 8 29 22 
38 13 25 1 3 19 44 39 29 5 33 40 
3 1 19 30 33 31 3 20 44 39 34 42 
34 4 47 20 14 15 43 15 2 9 19 3 
14 37 32 15 4 20 6 5 10 33 26 11 
29 32 41 20 24 38 29 43 27 35 34 14 
36 23 39 21 2 28 7 15 35 29 7 27 
33 3 40 35 22 19 23 24 37 47 21 15 
35 5 14 14 5 29 44 25 48 7 16 17 
7 1 14 44 7 45 4 1 13 46 22 27 
48 12 27 26 2 29 10 19 25 36 24 23 
11 42 24 48 25 6 37 4 33 10 13 13 
21 14 20 3 17 25 24 45 37 25 9 39 
24 13 40 19 37 31 13 23 23 27 25 14 
22 15 46 9 29 26 14 5 27 7 11 26 
17 13 22 3 1 29 14 10 1 18 20 41 
30 28 20 24 40 16 46 17 21 24 37 1 
45 37 14 6 14 9 46 20 4 9 3 17 
5 15 48 17 8 10 47 24 2 42 10 17 
24 22 37 21 47 4 18 26 20 23 25 12 
43 16 40 20 8 41 39 36 21 45 32 13 
44 41 47 42 46 7 48 22 47 23 2 10 
48 16 30 45 10 27 42 29 12 9 12 28 
12 32 28 41 41 12 6 22 26 5 37 30 
21 23 24 32 32 46 22 14 6 27 36 25 
24 21 23 37 5 5 15 32 33 6 14 40 
22 38 47 4 9 18 7 6 16 35 20 46 
22 43 9 26 11 2 23 31 7 42 4 4 
28 11 35 46 28 32 14 8 28 16 33 25 
17 6 24 31 21 38 7 3 30 34 4 38 
40 48 26 32 37 7 18 17 9 43 44 45 
40 32 15 45 15 17 14 15 47 2 20 44 
32 18 46 14 8 36 47 42 43 7 19 5 
33 23 33 32 15 21 44 17 32 37 4 44 
47 20 27 8 38 44 20 3 38 25 22 40 
10 6 37 42 3 5 32 3 34 23 16 47 
42 47 18 20 39 44 36 9 32 21 44 2 
31 4 35 19 5 46 12 18 17 34 21 1 
29 13 20 8 12 8 37 17 48 39 17 12 
26 10 13 2 10 35 10 19 28 15 9 29 
35 5 38 9 20 47 1 30 31 24 9 30 
6 42 47 11 45 14 17 25 11 26 29 27 
4 11 9 2 34 16 26 25 3 20 31 5 
5 7 10 20 12 39 6 18 6 41 43 7 
42 37 1 4 15 25 33 31 13 15 17 11 
41 35 45 2 5 47 26 31 21 39 20 32 
37 38 27 7 34 3 17 34 23 17 27 5 
34 19 1 25 26 27 46 39 32 36 24 21 
24 47 17 1 17 19 38 5 48 36 28 25 
4 28 34 34 9 37 1 1 40 38 13 23 
15 25 45 40 35 8 12 2 44 28 16 6 
15 46 25 6 8 28 41 23 33 16 47 28 
21 43 15 45 25 42 7 9 13 25 20 11 
36 23 16 22 39 39 43 15 26 25 23 20 
46 20 25 29 12 43 44 10 12 9 3 34 
5 42 16 36 31 32 10 2 35 11 20 1 
10 39 31 40 17 9 45 40 39 47 27 36 
7 35 36 27 4 36 5 23 28 39 1 33 
17 7 8 18 46 29 21 31 4 29 41 41 
29 25 35 12 15 42 17 48 42 29 15 15 
7 48 33 16 17 3 5 16 27 39 18 17 
6 32 39 13 3 15 14 40 16 10 19 18 
34 47 9 11 20 36 46 33 24 7 36 3 
37 31 5 46 35 6 26 21 1 28 48 6 
16 24 37 19 36 7 27 26 2 45 18 16 
46 33 23 6 25 20 42 17 44 31 38 22 
37 43 11 21 10 22 27 27 1 10 48 43 
40 19 29 30 38 7 24 38 34 33 48 20 
46 30 25 33 23 4 8 5 34 4 33 36 
36 26 44 13 23 5 6 2 43 13 12 46 
27 37 42 10 38 34 1 32 33 30 43 3 
48 31 15 32 12 41 44 12 23 33 44 39 
34 47 30 20 45 5 27 36 28 36 8 23 
1 11 3 10 24 12 14 17 14 11 42 25 
18 10 32 2 10 43 6 42 27 22 11 9 
37 1 22 16 42 12 20 14 18 45 39 34 
29 41 34 1 48 19 14 17 13 47 33 9 
29 23 28 15 38 33 41 41 32 25 47 19 
14 18 46 33 29 40 47 36 26 8 16 39 
32 32 16 47 27 30 14 2 37 24 43 47 
7 24 19 31 48 3 29 35 44 5 46 39 
29 27 9 4 19 37 21 42 25 39 46 47 
42 24 32 46 11 16 40 46 40 18 6 5 
16 9 30 26 48 15 33 23 44 25 2 27 
31 20 14 17 2 38 24 14 25 17 9 10 
32 46 27 33 14 22 41 42 11 14 4 44 
30 19 32 39 40 14 46 15 30 21 13 1 
44 46 40 36 29 33 44 6 18 8 15 27 
14 13 25 18 29 29 32 42 36 36 38 43 
9 2 35 3 35 21 15 32 28 6 8 10 
39 39 17 8 35 48 19 22 28 35 38 37 
4 2 40 32 3 29 36 19 27 16 12 10 
7 31 15 41 29 40 32 2 39 41 24 4 
44 1 7 19 48 23 29 34 41 18 45 29 
27 10 32 14 4 7 43 15 4 13 33 46 
14 34 47 18 45 35 31 42 46 11 26 19 
1 44 11 33 17 39 18 48 26 21 28 14 
38 19 3 16 3 11 28 3 27 24 14 47 
36 39 42 47 11 32 21 27 16 31 41 25 
11 28 11 40 42 8 19 2 8 14 42 3 
1 37 47 5 26 11 38 1 8 43 15 39 
24 12 17 35 9 26 17 35 15 19 47 46 
48 45 1 39 23 33 26 25 24 46 24 5 
44 9 27 25 35 34 26 37 41 28 4 48 
34 11 27 30 12 14 15 12 30 44 12 3 
26 45 21 14 10 30 14 10 46 11 48 13 
16 4 30 15 33 5 38 5 12 33 15 14 
28 27 29 13 30 22 37 8 15 37 30 2 
33 37 3 28 48 25 16 30 7 40 9 31 
18 26 12 17 42 13 11 23 24 14 2 24 
13 22 19 9 28 19 2 23 47 35 15 31 
23 3 2 19 30 2 45 1 24 19 46 35 
10 7 6 8 36 13 33 43 20 31 31 1 
26 13 1 48 27 39 38 31 46 10 2 33 
44 18 24 3 21 19 5 14 33 6 28 20 
45 37 1 16 20 4 25 4 1 19 26 7 
46 44 30 30 41 1 32 40 1 3 41 1 
35 42 40 22 19 5 20 18 23 46 37 25 
43 28 5 2 42 45 21 21 42 27 19 48 
24 27 38 38 20 5 3 9 2 2 3 43 
41 3 15 45 40 7 29 24 1 14 24 25 
16 47 21 2 37 35 28 12 26 11 21 13 
31 3 9 22 12 29 22 3 4 25 12 19 
1 21 6 24 4 44 33 43 25 4 24 25 
6 25 30 38 42 47 22 11 18 16 30 16 
48 10 39 36 11 20 8 6 45 30 32 29 
18 29 38 13 21 1 22 31 48 42 2 24 
29 11 40 16 21 23 30 17 23 16 35 47 
15 7 3 5 8 10 45 29 9 27 30 9 
7 48 12 12 46 27 38 45 14 8 20 15 
38 46 33 19 37 26 9 2 35 28 1 37 
34 47 1 48 38 24 25 19 9 7 1 15 
28 13 11 31 12 5 36 14 16 32 4 27 
32 47 9 27 45 9 48 47 6 25 24 30 
39 8 1 22 12 2 39 4 16 1 14 36 
21 1 7 32 5 13 42 36 27 44 41 45 
7 35 40 23 3 20 34 4 24 35 10 2 
16 48 16 9 34 19 11 10 4 31 17 16 
28 36 9 48 26 32 20 26 31 22 29 29 
21 21 14 33 48 39 15 1 39 13 39 25 
15 4 28 44 19 11 46 16 4 7 31 46 
3 45 27 28 2 17 30 38 19 2 24 45 
11 11 48 22 33 37 17 46 32 27 6 2 
29 9 29 20 37 11 36 32 32 25 1 20 
48 37 3 36 9 19 46 23 16 19 18 7 
9 32 39 23 47 19 42 17 26 23 2 9 
43 8 26 20 1 44 44 20 33 31 19 30 
43 22 44 8 25 17 18 13 6 16 46 21 
17 43 28 30 1 10 38 12 45 3 35 2 
1 38 20 3 38 8 32 43 13 8 7 40 
41 36 36 1 9 41 26 18 14 18 25 10 
38 45 35 8 41 27 48 42 9 10 45 33 
36 42 8 17 36 38 28 23 22 5 18 14 
44 5 10 47 25 3 36 11 31 23 7 9 
26 22 24 3 43 33 24 22 46 48 18 13 
44 22 10 20 23 29 5 6 28 40 46 34 
24 42 32 34 36 11 43 14 33 32 11 5 
19 18 26 10 21 24 23 20 10 15 38 14 
7 31 10 6 5 9 1 19 19 15 27 34 
7 3 25 48 5 22 21 1 38 26 45 36 
26 17 7 31 32 19 32 22 19 22 32 29 
36 46 15 1 35 33 11 1 42 1 43 4 
12 2 2 2 6 12 46 5 9 13 31 5 
30 3 21 31 5 7 24 25 30 15 30 35 
44 46 34 23 47 28 3 6 32 20 8 47 
45 40 13 16 18 6 30 8 42 4 1 35 
26 39 3 24 29 25 33 12 37 37 36 22 
40 19 18 16 34 12 9 28 13 38 47 44 
13 38 29 10 33 29 6 13 4 7 6 22 
44 11 5 42 26 15 30 20 45 2 11 31 
44 29 36 6 8 45 29 15 33 42 32 25 
2 45 38 42 39 9 44 32 31 40 31 10 
46 18 30 27 34 1 44 19 34 18 33 9 
2 25 10 25 28 26 17 16 24 38 32 8 
12 48 16 26 10 40 10 33 23 43 32 38 
29 5 15 42 35 11 16 46 7 40 16 35 
44 46 42 47 16 25 25 14 34 18 20 6 
25 28 34 41 9 3 46 22 22 10 19 9 
8 34 35 13 20 27 2 15 42 21 9 26 
31 41 32 31 26 19 17 47 37 23 2 39 
10 12 38 20 40 35 28 47 9 28 11 44 
21 2 42 22 18 2 18 18 19 37 10 8 
5 27 16 32 46 33 17 25 37 34 43 29 
20 47 23 47 27 47 47 4 48 37 23 25 
7 36 10 11 45 39 45 39 35 3 23 44 
36 22 21 28 37 16 7 21 12 43 14 14 
40 26 7 43 48 39 27 24 36 44 37 27 
1 18 10 33 10 14 13 23 17 5 16 5 
45 41 2 46 28 48 47 35 37 42 40 6 
8 3 31 28 33 1 47 19 20 44 46 12 
16 33 17 5 18 39 6 37 19 3 41 7 
5 12 8 19 26 2 5 2 7 10 21 41 
33 11 26 20 29 5 37 10 44 26 46 28 
1 36 8 11 47 12 23 13 1 19 25 37 
18 11 22 43 31 38 6 8 40 37 45 17 
15 17 48 21 24 7 22 12 19 32 6 26 
2 34 27 16 24 3 33 24 5 34 8 48 
15 20 41 36 5 46 23 12 35 22 16 19 
16 36 21 39 33 7 1 43 8 6 9 35 
25 47 38 23 39 6 32 34 29 35 17 9 
46 38 8 25 31 36 9 41 15 45 22 22 
5 47 27 47 36 43 13 40 29 15 26 7 
36 25 25 19 2 44 21 21 17 5 46 44 
7 3 12 12 3 29 27 8 7 31 15 40 
32 40 3 11 25 19 26 23 1 19 37 42 
3 6 27 40 15 22 46 30 35 43 43 26 
4 36 32 41 42 10 36 22 14 38 8 27 
35 33 34 29 15 22 40 25 2 9 45 8 
23 28 5 37 26 36 46 3 13 12 44 32 
43 23 12 3 5 46 22 37 41 32 4 19 
11 20 23 25 21 32 38 20 18 1 40 1 
28 39 42 6 21 32 39 16 44 2 36 15 
15 31 23 48 20 38 14 4 32 35 31 46 
20 30 38 19 30 47 26 13 48 33 16 26 
23 39 35 27 31 6 25 7 45 47 13 44 
33 20 11 22 42 19 3 23 20 44 39 31 
4 38 19 43 27 20 44 41 3 32 15 16 
23 23 13 41 44 9 38 46 47 20 27 30 
35 43 20 42 20 34 13 41 42 12 20 3 
10 20 8 18 11 45 5 46 4 28 23 28 
3 9 46 22 9 13 8 4 39 31 2 2 
10 45 28 29 26 10 5 41 39 38 45 15 
6 29 34 14 20 11 45 16 32 23 22 4 
12 16 48 38 14 21 13 48 40 43 10 43 
12 45 13 35 45 32 31 47 21 39 45 5 
48 39 16 17 18 8 23 8 3 35 1 34 
42 46 39 40 15 44 46 7 23 2 33 18 
7 1 9 44 23 9 7 29 29 43 17 11 
6 4 48 23 22 38 12 31 46 43 3 44 
32 45 35 24 24 9 5 12 47 2 1 32 
34 37 19 42 32 48 39 30 15 28 39 44 
5 11 26 11 23 22 33 45 16 46 36 28 
24 33 46 47 25 43 27 6 32 35 41 2 
6 46 11 39 12 27 24 23 3 37 31 7 
19 3 45 37 47 3 43 41 46 2 8 1 
48 29 2 3 31 19 26 14 45 47 45 26 
12 35 35 19 24 18 25 12 35 42 19 28 
16 47 48 30 16 11 2 46 13 34 27 36 
2 46 48 26 21 31 35 32 26 2 26 19 
23 29 18 21 40 38 46 19 47 39 19 29 
38 16 39 28 10 33 47 6 12 37 7 4 
22 25 15 41 4 27 26 7 15 20 46 23 
36 32 24 36 42 33 25 2 47 18 6 26 
29 23 6 21 40 5 13 11 3 21 11 18 
20 19 11 35 27 28 32 8 24 28 34 37 
21 47 38 25 21 35 37 21 23 44 10 29 
2 10 6 42 40 44 47 21 40 48 21 34 
32 26 7 2 18 34 18 2 1 38 27 41 
5 35 34 43 4 42 24 13 26 16 30 9 
25 24 15 44 23 40 33 1 37 13 37 40 
7 30 16 26 36 13 28 40 17 5 33 23 
18 18 25 21 1 17 18 11 48 30 22 33 
22 36 29 1 4 11 41 13 3 19 48 29 
31 47 13 21 23 16 28 35 40 46 46 41 
6 13 20 13 33 34 33 48 35 32 17 29 
9 15 38 44 31 10 45 22 46 43 1 8 
45 34 18 38 11 1 16 26 40 13 26 25 
7 22 3 40 11 48 27 25 27 15 10 37 
44 30 9 39 37 27 7 13 21 8 41 3 
45 39 17 20 46 33 16 35 45 21 10 4 
22 48 17 42 48 38 38 43 31 4 25 8 
31 38 33 47 14 33 12 6 47 17 26 24 
32 47 3 39 45 1 23 18 29 3 33 20 
32 45 15 20 2 23 1 31 15 28 47 4 
37 5 4 43 22 44 12 34 48 43 37 22 
18 27 17 11 1 43 32 38 15 28 6 45 
20 10 2 17 7 26 32 23 34 22 41 35 
7 37 34 35 33 47 24 43 26 43 33 47 
46 20 24 10 47 15 33 24 32 9 26 22 
8 36 15 41 12 15 12 47 40 2 15 14 
14 43 24 14 12 47 28 19 42 39 28 37 
22 39 48 28 46 18 32 29 46 47 27 16 
20 17 15 1 37 37 45 38 27 22 22 42 
32 40 14 43 27 23 34 36 37 2 19 36 
48 41 48 19 36 32 9 17 29 16 48 33 
2 12 32 13 48 20 43 23 8 20 31 44 
27 46 18 30 33 40 23 4 44 36 6 21 
32 31 21 27 19 9 44 29 39 32 36 35 
31 28 10 24 6 29 48 3 15 17 37 35 
40 43 2 3 34 17 19 29 38 33 21 27 
31 9 41 22 3 29 31 41 25 41 43 23 
13 26 10 23 19 12 19 34 6 10 11 17 
39 18 27 16 48 37 34 9 45 40 24 23 
47 46 36 7 19 17 18 28 7 14 10 24 
47 37 25 19 16 23 16 38 40 41 26 27 
47 43 44 16 5 7 45 25 25 10 11 43 
26 14 22 9 33 15 39 15 20 14 37 18 
13 5 20 16 9 39 38 13 12 40 10 10 
34 7 17 47 43 41 12 28 43 34 10 13 
29 31 28 27 29 4 13 8 36 5 26 11 
47 18 21 30 2 44 18 34 21 36 22 29 
16 31 45 17 4 35 17 11 10 46 29 38 
30 22 35 22 41 34 39 13 8 41 11 3 
19 29 4 27 19 47 24 16 48 42 10 18 
38 2 12 43 47 34 35 3 13 48 6 32 
22 21 32 26 29 37 9 24 20 31 23 46 
16 32 33 22 34 42 38 21 8 13 48 40 
37 32 2 43 5 48 37 39 6 36 39 6 
24 12 23 27 20 2 1 6 15 7 18 28 
16 37 32 15 9 7 4 16 40 35 46 5 
20 33 39 35 47 40 21 47 4 13 16 44 
15 13 48 26 37 38 32 18 32 28 9 18 
24 26 33 44 33 20 7 9 22 8 20 17 
9 44 9 37 46 10 16 34 13 35 4 30 
6 20 39 17 17 23 17 14 45 46 16 22 
19 26 42 35 19 44 45 10 17 2 9 6 
12 13 16 26 13 40 18 38 34 18 30 2 
4 40 16 8 27 19 31 35 32 37 42 7 
1 19 9 47 39 1 42 27 22 9 48 6 
14 22 14 21 17 14 6 44 20 36 25 13 
30 4 33 6 21 31 2 5 42 32 26 47 
36 43 15 13 44 27 14 24 6 28 12 35 
39 8 6 12 36 15 4 13 45 22 48 32 
22 34 35 10 47 8 9 42 33 23 43 29 
9 28 20 48 48 17 4 33 48 27 30 33 
16 10 30 32 16 2 41 3 43 6 48 29 
29 29 40 21 48 31 37 25 48 42 22 39 
30 18 4 30 19 15 20 7 31 15 24 27 
25 39 37 19 6 2 16 30 47 36 37 34 
45 37 13 13 37 37 38 17 14 48 42 15 
44 23 42 24 38 23 1 34 20 23 31 24 
5 48 24 48 1 43 21 22 16 23 35 4 
11 21 42 12 41 40 4 17 33 7 1 33 
3 4 21 12 38 14 26 22 36 13 3 44 
22 45 20 42 33 46 37 45 43 21 8 3 
21 9 40 42 35 5 20 33 7 4 16 27 
18 6 6 13 2 19 25 9 7 38 11 43 
17 7 19 10 34 29 1 40 36 19 44 18 
48 48 26 24 14 25 19 30 6 8 38 25 
19 7 9 42 30 39 11 36 17 45 21 43 
4 15 16 24 16 7 38 43 31 47 45 26 
5 10 42 22 38 23 5 11 32 25 13 43 
16 26 3 23 28 46 23 23 23 40 19 6 
2 22 11 12 14 20 34 48 47 37 18 22 
6 46 44 7 22 42 8 43 8 42 13 46 
1 43 4 25 38 6 1 4 19 21 8 42 
31 35 1 12 40 48 15 24 19 6 45 18 
46 40 10 15 30 31 5 27 10 15 8 13 
29 4 38 9 26 30 13 15 9 33 22 24 
38 13 47 18 31 11 43 41 44 14 11 38 
17 23 36 40 42 27 26 12 8 34 23 46 
10 31 8 19 47 11 7 34 27 11 18 9 
11 10 37 37 32 34 43 36 47 32 14 26 
24 41 30 25 2 23 19 9 7 45 20 2 
21 14 28 45 19 44 9 34 25 33 42 41 
16 26 6 33 2 20 46 22 37 22 33 36 
40 29 14 8 4 36 7 38 15 8 10 32 
39 22 21 28 39 17 48 19 43 33 29 28 
22 20 4 46 1 24 13 9 6 32 2 11 
38 44 23 45 10 30 37 12 10 28 27 32 
23 45 24 7 33 10 14 34 34 25 10 12 
22 25 12 31 6 27 40 24 13 15 10 45 
48 18 13 30 7 13 34 11 21 36 16 5 
48 43 38 43 46 11 39 44 3 41 35 44 
29 35 13 11 29 31 2 3 17 10 13 32 
10 12 34 48 35 38 17 11 29 38 10 33 
45 21 33 23 41 31 17 44 8 24 29 28 
10 11 33 14 29 42 27 3 47 13 28 45 
19 29 11 22 17 33 5 14 18 10 13 29 
35 45 20 42 10 31 18 8 29 20 15 38 
2 10 15 16 48 46 6 17 23 48 9 1 
1 13 28 44 33 1 30 39 41 46 27 47 
7 14 23 20 39 15 35 15 38 47 6 10 
34 4 29 24 45 29 3 16 23 32 4 26 
3 4 18 17 12 9 11 40 20 34 5 7 
25 20 3 23 7 38 36 42 43 18 26 23 
26 13 35 13 16 20 18 25 1 42 36 20 
13 25 15 34 31 26 5 43 15 15 44 8 
32 43 47 1 26 11 41 38 15 45 21 5 
2 15 12 45 12 20 20 28 29 27 16 45 
4 35 30 14 22 12 15 41 36 39 8 17 
31 24 10 27 3 39 45 42 5 8 46 29 
26 20 14 19 47 13 28 38 3 10 31 29 
9 19 10 25 28 23 42 12 10 24 42 4 
40 5 36 42 1 39 11 9 29 13 37 16 
2 30 20 46 13 38 42 40 10 21 24 37 
25 9 20 38 11 3 1 35 1 33 1 36 
18 2 8 34 45 5 22 28 29 37 14 22 
24 39 10 18 24 21 16 29 9 21 41 30 
2 21 6 41 17 43 27 38 35 18 30 39 
42 6 35 11 3 36 36 36 43 47 13 35 
47 13 16 19 20 26 18 14 17 24 5 8 
28 39 8 9 42 36 43 33 3 16 19 35 
14 34 4 3 21 39 36 45 18 33 20 45 
36 5 11 14 11 6 16 40 8 47 10 1 
47 42 18 14 9 26 26 2 46 15 24 15 
47 32 18 17 41 25 21 2 21 22 5 41 
31 6 33 15 44 44 27 13 30 24 36 25 
46 21 26 8 43 8 12 46 46 27 2 13 
10 27 15 18 6 23 45 11 38 43 15 42 
22 26 26 4 35 27 11 31 34 10 44 2 
1 22 7 14 40 8 44 10 13 21 13 29 
8 30 22 24 28 46 13 17 20 35 25 46 
16 45 35 7 46 22 45 33 32 23 11 2 
41 44 4 34 36 13 18 6 20 7 38 48 
16 48 25 37 13 34 38 43 21 40 41 2 
13 26 14 9 31 10 10 33 42 11 25 34 
45 20 25 42 9 32 34 18 43 30 10 33 
11 23 46 22 32 41 31 9 11 42 2 15 
2 14 25 37 13 6 8 39 39 40 20 35 
5 32 7 41 43 30 2 43 2 44 37 44 
23 15 48 13 10 7 44 10 24 34 42 6 
39 13 29 8 40 12 47 21 7 44 7 46 
22 33 36 28 40 35 14 29 15 41 38 37 
27 30 6 46 22 33 13 47 46 38 20 16 
21 40 20 36 36 18 36 46 2 20 44 22 
28 27 35 31 42 13 32 4 8 47 20 14 
9 35 4 11 33 39 12 26 13 17 44 20 
23 29 29 25 17 41 26 42 41 46 13 37 
33 27 38 46 48 6 20 26 45 19 7 42 
36 2 13 40 33 25 4 16 31 40 29 33 
13 46 27 15 7 2 5 4 12 14 23 35 
10 20 31 26 45 3 30 10 46 9 38 31 
43 5 24 45 47 29 31 46 37 12 14 43 
39 36 32 23 29 17 18 7 25 22 40 10 
5 34 15 40 32 6 4 8 8 18 12 10 
41 48 37 10 36 12 44 43 14 2 28 8 
45 34 32 27 10 6 1 45 2 8 47 47 
9 36 38 3 15 41 30 10 16 7 10 23 
20 5 46 24 48 46 2 11 37 44 36 23 
31 6 48 37 10 11 8 23 37 1 43 44 
40 43 3 36 20 25 29 7 32 13 33 14 
9 38 46 13 39 44 15 3 41 44 29 46 
19 31 3 14 19 48 32 23 11 21 41 20 
10 16 9 22 26 34 44 15 14 9 27 15 
26 32 8 20 2 39 43 31 7 41 22 36 
39 33 1 8 43 31 32 16 36 4 4 27 
27 9 15 44 4 9 43 5 48 34 8 46 
3 21 47 29 34 7 16 25 34 44 25 30 
16 17 19 26 46 18 38 8 19 37 36 40 
24 3 47 13 27 25 18 42 44 42 17 35 
28 44 28 4 32 23 6 43 28 5 34 24 
8 17 37 20 36 21 5 19 31 7 5 25 
22 14 32 17 6 48 40 3 14 31 18 38 
7 22 14 40 21 23 48 47 47 4 8 22 
4 42 30 35 17 12 7 4 38 20 27 23 
7 8 28 42 29 18 29 26 12 43 24 23 
46 5 39 10 30 1 42 3 41 48 12 27 
25 16 45 47 23 44 44 35 10 8 5 37 
31 13 21 12 21 34 18 20 12 2 7 26 
41 1 28 41 47 9 6 2 43 36 20 27 
42 43 6 40 45 34 37 11 4 32 47 21 
42 16 25 39 4 29 45 15 28 21 3 13 
14 5 5 44 35 22 32 3 32 23 43 6 
15 36 35 9 31 2 28 38 11 17 37 35 
14 13 15 48 46 38 46 27 10 27 2 21 
22 42 46 29 18 11 24 4 17 2 6 3 
30 44 27 34 32 35 14 42 24 46 35 7 
17 16 24 9 41 33 33 35 2 37 13 25 
44 28 12 29 26 31 5 16 16 19 47 13 
48 27 34 28 22 10 4 29 2 12 34 30 
33 31 25 2 22 16 36 45 17 38 11 14 
26 14 28 2 26 40 23 27 34 14 21 30 
11 5 36 28 36 28 19 2 21 5 38 1 
36 32 26 21 6 40 25 17 12 21 21 33 
42 15 46 22 22 3 24 4 9 21 17 36 
24 31 16 22 18 30 26 11 6 42 16 19 
18 13 12 23 38 10 29 10 18 40 34 19 
35 11 3 40 30 40 16 35 13 6 7 48 
37 15 24 27 2 36 2 10 5 28 15 43 
16 11 29 21 30 47 20 24 39 3 39 48 
33 37 44 38 1 17 34 40 40 28 16 36 
16 32 33 36 37 43 42 39 7 29 36 38 
2 28 45 39 1 27 28 39 34 24 40 41 
2 26 12 15 24 16 22 13 38 15 5 15 
38 14 16 8 21 9 7 45 9 16 17 43 
3 20 26 38 20 45 29 47 9 19 5 21 
27 35 36 45 34 20 42 30 31 4 5 30 
37 30 20 27 2 28 44 21 31 29 10 46 
33 22 44 17 23 39 6 26 20 22 44 6 
4 4 29 36 21 20 27 20 41 28 45 31 
27 13 30 47 13 32 17 38 47 33 1 24 
19 3 35 29 31 38 4 27 36 13 7 46 
28 31 35 40 16 11 35 48 46 30 31 8 
26 5 23 14 40 43 28 25 48 28 44 27 
26 21 41 46 22 1 38 37 15 14 4 4 
30 3 23 47 12 26 22 2 36 6 5 12 
16 35 39 23 1 34 26 37 14 46 34 6 
46 40 48 29 11 27 17 37 26 45 41 2 
36 34 27 28 43 45 34 11 27 2 7 16 
36 17 19 12 21 18 6 24 36 5 35 25 
26 42 27 44 12 26 24 1 42 40 31 46 
35 42 18 29 9 21 22 48 48 34 13 21 
4 12 33 39 38 41 3 7 20 29 44 20 
37 34 46 8 29 17 26 5 5 15 31 34 
15 40 5 21 12 15 36 1 26 13 36 29 
45 18 12 25 34 27 31 30 13 43 9 21 
17 28 13 19 34 25 1 34 47 34 30 17 
4 7 29 30 1 41 41 29 41 20 21 40 
3 27 9 12 10 39 11 31 26 48 37 33 
11 36 31 34 10 46 33 6 38 37 3 1 
17 32 29 11 23 3 44 15 24 44 20 4 
14 17 6 20 43 16 14 31 32 3 29 43 
17 3 19 21 43 46 4 19 4 16 28 21 
15 23 42 1 26 36 48 1 45 39 42 6 
47 20 32 46 32 21 10 25 11 38 20 22 
3 12 34 37 16 40 15 2 15 5 45 15 
25 30 28 3 11 22 46 9 5 24 18 14 
3 3 24 8 40 16 6 11 44 29 44 14 
41 23 37 32 14 22 47 21 33 26 24 34 
7 4 45 33 42 6 19 41 27 34 46 14 
29 20 48 26 41 9 18 9 26 28 45 26 
3 6 20 40 9 11 32 9 26 24 39 1 
12 26 24 16 32 16 34 33 41 7 11 46 
35 21 20 16 12 1 37 43 7 46 46 26 
37 29 16 36 24 12 10 9 25 45 22 42 
9 25 33 26 19 40 37 43 42 11 7 12 
35 39 11 3 45 33 7 44 33 23 39 22 
36 2 31 33 47 13 8 7 24 12 43 15 
30 46 14 30 7 46 24 3 35 17 11 12 
25 20 25 17 28 47 21 19 43 4 28 17 
20 9 38 30 3 46 35 25 41 38 31 45 
18 38 29 33 23 36 17 26 15 40 32 42 
19 42 18 4 23 36 32 23 38 17 37 16 
22 45 35 48 7 48 35 39 27 19 4 47 
5 15 11 30 30 9 7 2 17 45 7 24 
8 26 3 10 42 35 21 37 16 47 28 20 
27 32 12 41 28 8 43 34 15 12 5 22 
5 27 35 19 2 14 9 6 10 19 23 17 
18 39 46 7 20 38 44 23 38 44 43 43 
34 25 20 2 31 9 44 21 9 35 37 1 
20 23 45 44 7 45 18 48 23 36 19 39 
17 47 32 35 6 28 40 11 10 9 37 29 
36 3 23 32 14 40 1 10 33 45 23 43 
35 11 16 12 36 45 22 19 26 21 8 31 
15 30 13 31 3 38 29 31 43 27 9 2 
39 32 46 9 43 18 13 7 18 6 31 38 
36 4 36 34 18 40 6 41 44 28 36 28 
11 30 33 23 27 20 2 33 29 18 7 25 
33 27 17 2 3 47 4 7 31 23 45 2 
48 45 41 43 3 17 43 11 20 24 26 2 
47 37 1 47 42 27 21 32 23 33 19 14 
13 5 45 42 6 4 25 30 42 10 4 31 
21 12 12 13 28 14 17 18 47 41 25 3 
28 11 9 13 40 20 36 39 11 43 47 46 
31 45 44 32 38 38 3 40 46 1 24 10 
32 18 12 20 35 29 6 27 3 27 34 10 
5 42 2 39 12 28 40 34 26 15 3 17 
9 19 11 38 19 22 31 29 42 2 1 40 
13 16 28 42 32 18 7 1 2 40 45 3 
24 5 14 4 21 5 44 48 42 28 43 41 
4 43 15 24 46 3 3 16 45 9 11 23 
16 12 20 19 38 18 22 12 23 3 44 3 
8 19 21 27 19 23 23 41 13 17 2 12 
6 41 30 20 30 32 44 20 19 40 5 27 
28 18 6 30 46 42 25 35 28 27 31 35 
15 48 6 43 40 34 16 18 2 24 16 21 
12 5 14 39 35 47 38 22 33 4 15 17 
5 27 28 22 22 43 23 11 26 39 31 19 
21 25 34 35 14 9 7 24 34 9 48 26 
13 8 5 9 10 11 12 21 47 29 28 22 
10 28 16 46 8 41 30 34 34 6 41 7 
26 47 2 3 16 13 35 7 42 4 4 44 
39 17 20 12 16 17 44 8 11 37 1 29 
14 16 47 16 2 26 40 40 42 43 47 6 
20 11 43 37 6 40 2 36 10 40 30 26 
40 5 32 30 40 46 48 12 37 35 21 8 
46 47 2 40 21 14 5 22 24 17 2 27 
24 26 41 30 26 1 25 21 1 24 36 33 
47 26 36 27 39 32 26 18 1 43 10 28 
17 29 43 48 3 46 23 47 31 2 5 2 
30 13 34 9 41 30 30 17 42 39 30 13 
16 10 10 23 43 22 19 30 36 34 21 2 
31 40 5 24 30 23 17 3 36 20 5 9 
32 19 19 13 16 18 29 8 2 41 25 20 
47 43 42 21 25 26 25 46 28 10 37 10 
43 13 20 24 2 22 21 11 31 16 16 23 
6 16 43 33 4 28 31 43 15 19 4 14 
30 36 36 9 34 31 26 8 28 17 5 34 
15 2 11 44 30 25 13 23 21 39 2 26 
44 29 16 7 18 25 38 21 24 42 30 9 
22 12 28 17 5 24 46 5 35 3 21 45 
20 39 4 29 16 23 44 46 45 41 26 3 
46 28 35 12 17 36 4 40 30 27 38 16 
29 4 20 40 47 31 40 17 47 2 5 38 
19 18 41 12 4 32 25 3 11 7 15 45 
36 15 17 48 35 46 4 16 6 32 26 11 
17 43 35 29 36 18 16 30 31 40 34 48 
28 15 4 44 20 48 45 48 37 15 39 33 
43 4 40 31 39 25 44 37 23 24 33 38 
28 43 32 35 5 12 16 34 11 9 42 37 
31 20 39 32 47 9 43 12 1 24 17 32 
35 1 13 45 45 3 15 22 43 39 5 31 
41 32 22 35 3 24 32 29 47 6 17 38 
17 20 30 24 39 3 36 40 44 27 36 16 
28 7 39 12 17 15 20 20 15 14 47 36 
38 1 29 29 37 36 8 30 25 5 42 1 
15 5 7 44 24 33 13 13 41 7 21 44 
43 12 21 26 8 11 20 28 34 29 2 23 
42 25 25 43 2 18 6 36 17 40 21 18 
4 4 41 24 20 43 28 44 15 26 30 3 
23 26 36 9 20 24 20 32 29 41 43 27 
2 29 27 33 26 30 48 6 14 24 48 26 
44 13 15 44 34 16 28 37 19 34 28 3 
23 14 28 10 14 3 25 23 2 42 46 5 
15 34 40 27 3 46 1 3 2 20 16 39 
19 24 47 5 18 20 23 33 3 43 11 1 
22 15 11 38 39 19 18 22 18 20 28 28 
40 2 26 13 37 41 38 37 30 11 23 20 
43 3 15 28 32 17 36 28 5 5 24 17 
48 27 5 28 3 45 29 39 12 42 6 23 
12 35 12 41 43 10 11 3 9 42 28 41 
10 10 43 39 40 46 23 34 39 36 12 17 
43 33 22 46 16 5 8 24 43 9 34 19 
24 47 1 12 27 8 14 35 8 29 2 3 
20 1 17 48 23 45 27 40 10 34 13 32 
46 29 18 6 16 6 32 25 4 2 41 31 
1 28 19 24 38 5 15 41 42 45 35 6 
