100
6 1 14 20 24 17 
20 2 14 11 5 17 
16 8 13 3 23 19 
13 18 10 7 22 2 
17 10 2 7 20 14 
11 6 14 1 20 17 
8 19 5 2 23 16 
16 12 20 7 1 23 
7 10 24 1 4 14 
10 2 14 21 17 5 
16 13 20 5 10 24 
23 4 9 16 1 12 
19 13 16 2 24 6 
24 3 16 8 20 13 
11 7 21 3 24 17 
15 7 19 22 3 11 
16 20 13 23 6 2 
5 18 2 11 8 23 
1 19 9 4 22 13 
9 16 4 21 13 1 
17 4 1 20 11 7 
7 21 24 10 15 4 
2 8 15 12 5 21 
16 24 9 21 12 3 
24 1 12 19 15 5 
6 11 24 17 20 3 
24 13 16 5 9 1 
15 18 4 10 7 1 
5 16 2 22 10 19 
21 24 18 2 10 13 
23 17 1 8 12 5 
22 9 1 4 19 15 
17 14 2 8 21 11 
5 12 16 2 23 8 
1 24 21 5 12 17 
1 18 22 7 4 12 
18 21 3 6 14 10 
19 8 16 5 12 23 
23 8 4 11 15 1 
21 1 14 18 6 24 
3 17 20 14 6 11 
13 2 8 5 24 19 
16 13 7 19 23 4 
9 24 6 21 18 3 
20 8 5 23 11 15 
9 20 1 12 17 5 
1 17 20 6 11 14 
1 19 4 7 10 16 
18 8 23 2 5 14 
5 14 1 9 22 18 
15 7 23 4 1 19 
18 13 23 8 5 1 
24 16 5 2 9 12 
19 23 8 1 15 12 
1 6 23 15 11 18 
21 9 24 14 6 1 
3 18 14 10 21 6 
14 9 18 24 21 6 
21 14 8 5 1 24 
1 19 22 4 16 8 
21 11 17 1 4 7 
8 18 11 23 4 15 
19 15 8 22 12 2 
1 13 8 5 24 20 
3 10 23 13 17 6 
24 17 13 21 9 2 
15 20 24 7 3 12 
13 5 2 24 10 19 
1 21 14 11 24 7 
10 13 7 22 18 3 
13 20 16 24 5 9 
15 24 12 4 9 18 
12 1 4 15 23 9 
12 8 23 17 4 20 
19 9 6 22 2 14 
22 18 12 8 15 5 
4 20 24 10 13 16 
7 24 17 21 1 10 
21 10 6 1 18 13 
6 3 12 9 20 24 
4 1 23 19 11 7 
16 3 23 19 6 12 
9 14 4 23 19 1 
13 5 18 1 23 8 
6 14 10 24 2 17 
17 14 4 20 9 24 
9 19 24 5 2 14 
18 4 24 12 21 8 
10 14 21 18 3 7 
10 7 1 24 21 16 
5 20 1 16 8 12 
1 14 10 24 19 7 
4 15 7 18 21 12 
9 6 20 16 13 24 
2 17 6 14 24 21 
11 14 19 8 5 22 
19 9 6 24 3 16 
2 14 10 22 7 19 
24 3 10 18 7 15 
21 2 11 18 15 24 
1 11 7 22 9 1 
2 4 1 22 9 13 
8 17 10 21 24 18 
21 21 5 11 24 19 
18 15 24 6 17 11 
14 13 6 7 21 19 
19 24 6 24 10 3 
13 8 7 11 11 14 
5 22 17 11 16 6 
24 23 13 9 2 2 
11 21 15 22 20 8 
17 7 4 13 16 7 
15 22 17 3 20 12 
21 17 6 24 11 12 
10 1 19 1 11 21 
6 14 12 5 1 20 
18 9 6 19 13 13 
6 1 8 14 21 10 
24 18 18 2 2 17 
18 2 13 3 17 19 
10 14 21 7 14 6 
6 18 18 12 23 23 
11 23 21 10 2 24 
23 9 8 4 8 8 
13 23 9 20 2 20 
1 19 5 22 12 14 
8 5 4 7 7 7 
10 10 14 24 15 7 
4 20 15 4 24 10 
7 12 16 15 23 23 
6 19 16 5 2 11 
6 24 11 20 13 12 
15 9 23 5 10 20 
18 7 3 22 6 17 
24 4 20 22 13 4 
7 11 9 3 1 16 
21 14 8 12 3 9 
9 6 22 20 4 11 
11 7 15 5 10 22 
8 17 17 5 15 8 
16 6 1 12 14 22 
21 22 23 20 18 6 
8 21 21 22 19 23 
4 1 12 7 13 12 
2 11 11 13 8 22 
14 23 14 6 7 16 
12 2 13 18 5 5 
14 7 13 10 22 11 
7 23 11 5 20 16 
4 22 5 4 8 16 
7 16 5 9 11 23 
3 22 9 3 22 10 
15 9 3 24 7 22 
14 6 17 8 8 21 
4 23 4 14 15 10 
11 23 18 4 18 15 
22 11 2 21 16 15 
4 12 5 6 20 7 
9 4 11 6 8 13 
23 13 5 18 7 14 
9 6 16 3 13 4 
20 6 23 14 8 16 
4 19 18 2 16 1 
22 23 5 9 18 14 
22 15 19 16 20 8 
23 24 5 23 16 22 
21 21 12 1 2 11 
19 17 4 11 8 11 
6 20 4 21 6 22 
23 7 16 24 7 6 
20 17 24 22 16 11 
19 13 19 1 3 7 
16 17 22 7 12 19 
23 24 16 23 7 9 
6 1 18 16 19 8 
13 5 21 23 8 13 
16 12 11 7 23 23 
13 12 16 9 19 4 
7 9 20 7 16 21 
17 13 17 6 14 10 
5 13 11 10 13 13 
17 4 22 5 20 6 
6 10 6 22 8 12 
23 23 8 18 1 21 
10 4 15 14 22 5 
9 2 18 2 19 22 
19 3 11 22 4 19 
16 1 23 22 17 19 
22 24 8 22 4 24 
6 22 9 16 20 9 
18 17 19 18 3 19 
7 22 6 4 9 21 
14 9 3 4 5 9 
22 2 1 1 17 23 
18 18 16 20 7 8 
24 13 20 12 19 9 
7 5 5 6 22 9 
23 2 9 10 16 12 
12 2 18 12 21 24 
15 13 19 15 16 17 
