1000
1 16 7 4 22 19 30 10 33 
26 11 36 33 6 18 3 14 29 
2 33 9 29 13 20 17 5 24 
28 12 19 33 15 23 8 1 36 
5 18 33 24 30 13 8 21 1 
15 32 12 3 6 36 28 9 22 
36 21 33 2 15 5 12 29 26 
11 17 8 1 21 35 32 14 24 
25 14 1 36 6 17 22 29 33 
1 25 34 18 22 30 13 10 5 
4 14 10 33 36 20 30 23 1 
9 21 2 36 13 6 33 29 24 
36 25 13 1 18 8 33 30 4 
21 29 26 5 32 17 36 11 1 
32 27 5 9 35 12 19 22 16 
9 34 24 31 16 20 27 12 4 
27 16 34 13 19 30 24 2 7 
6 10 31 21 3 34 14 28 18 
24 16 13 35 19 8 27 3 31 
34 23 29 4 19 7 16 1 26 
20 9 2 31 23 15 27 12 34 
28 31 11 8 5 2 22 17 14 
2 17 6 28 31 22 36 9 13 
15 2 25 32 36 11 18 5 8 
4 10 27 14 30 36 18 21 1 
8 25 32 29 11 15 36 3 20 
13 28 3 20 7 10 17 23 31 
1 32 26 35 12 4 20 8 29 
22 14 7 19 11 25 30 35 3 
11 15 28 8 19 33 25 3 22 
30 21 33 5 18 36 1 9 25 
30 27 5 21 24 36 16 13 1 
1 36 4 16 25 31 28 13 10 
4 27 1 19 13 35 8 24 32 
34 11 14 20 8 24 29 17 2 
7 36 15 21 12 24 18 3 29 
10 26 33 36 1 15 18 30 23 
19 8 22 16 13 25 1 34 4 
7 32 29 15 10 23 2 20 35 
22 36 4 33 19 26 12 15 1 
30 35 5 25 14 17 8 22 1 
13 8 28 1 5 31 16 25 20 
4 15 30 27 12 21 24 33 18 
35 4 31 19 7 1 10 16 27 
22 7 30 27 16 33 12 2 19 
10 7 23 4 29 1 20 36 33 
36 20 10 7 17 31 14 26 3 
9 1 30 12 5 25 33 21 17 
28 21 25 36 3 16 32 6 13 
30 1 14 19 35 27 8 5 24 
2 23 20 14 9 17 32 5 26 
34 29 19 5 22 8 12 1 25 
28 21 10 3 18 6 31 15 24 
11 8 18 33 30 15 1 36 4 
1 29 35 32 4 15 11 21 24 
19 11 8 5 33 30 26 22 16 
28 16 5 24 21 8 2 32 35 
36 17 26 32 13 20 10 29 1 
5 9 36 33 24 29 13 2 19 
27 1 6 35 19 30 12 15 22 
27 32 9 5 2 16 13 22 19 
14 23 11 3 31 26 36 8 17 
13 32 21 17 26 4 9 1 29 
25 14 2 33 17 20 5 10 28 
27 24 20 10 13 33 4 16 36 
34 21 30 10 24 4 27 15 1 
22 3 15 27 6 12 19 31 36 
1 14 36 21 6 33 24 18 27 
4 24 27 11 1 18 21 30 36 
4 15 18 26 11 7 21 29 35 
17 33 14 2 36 20 9 29 5 
25 17 14 28 22 36 31 1 8 
18 22 7 31 27 10 3 14 34 
26 29 23 33 11 8 17 20 5 
22 6 13 10 36 2 17 32 26 
10 33 27 21 30 15 18 3 36 
8 35 2 16 20 26 30 11 5 
35 5 26 1 32 29 15 9 18 
25 18 36 1 8 22 5 12 29 
26 30 2 16 19 34 13 22 6 
18 8 21 1 25 36 28 14 33 
19 26 1 12 8 33 23 36 29 
18 32 1 28 15 25 4 22 9 
24 17 7 33 13 10 20 1 4 
10 13 23 33 16 3 7 26 36 
33 12 27 36 7 20 23 15 2 
35 12 31 2 5 8 19 22 16 
20 30 33 36 5 9 17 2 14 
8 24 1 14 11 31 36 17 5 
4 1 13 29 34 7 22 16 19 
22 15 34 26 4 12 8 18 29 
30 13 16 22 19 36 10 4 1 
21 11 31 14 8 35 28 24 1 
23 4 19 36 33 1 30 10 7 
5 16 21 24 27 1 33 12 30 
12 4 30 22 16 19 9 33 27 
24 14 36 3 32 29 6 19 10 
26 32 23 18 2 5 12 35 8 
32 10 13 19 1 5 23 16 29 
36 24 17 33 13 8 5 21 1 
2 36 19 16 32 24 13 8 29 
25 36 30 13 2 17 33 9 5 
21 2 36 18 12 26 15 31 9 
1 20 6 17 23 11 26 36 33 
27 2 20 12 15 31 24 35 6 
32 20 11 8 16 29 23 36 2 
18 36 28 8 31 1 11 4 15 
3 31 13 24 16 27 10 20 36 
20 10 33 17 23 13 1 27 4 
6 9 1 36 30 25 22 18 13 
8 32 29 26 15 20 23 12 36 
10 20 36 32 6 27 17 24 3 
4 35 24 29 8 32 20 13 1 
6 13 23 30 26 16 2 35 9 
12 31 8 27 20 16 3 23 35 
27 24 30 34 15 12 8 2 19 
20 1 31 36 23 5 13 8 28 
5 18 15 35 21 30 12 26 2 
26 32 29 35 12 1 21 4 9 
2 6 9 29 32 18 22 15 36 
2 11 6 25 18 31 28 21 14 
14 19 3 8 22 28 31 35 11 
14 26 17 33 2 36 23 6 20 
8 12 35 18 22 32 28 1 25 
14 33 2 10 23 17 28 6 20 
33 18 5 12 8 28 21 24 2 
30 13 20 36 27 1 5 9 23 
1 4 32 25 29 22 10 36 16 
6 30 15 25 21 35 9 12 3 
30 2 7 12 18 23 15 26 35 
35 16 28 7 22 19 1 12 32 
7 4 33 1 10 17 14 24 29 
21 35 16 9 5 29 2 24 12 
4 7 23 1 29 34 19 14 11 
15 29 10 36 32 22 1 25 7 
31 18 34 21 1 5 8 25 13 
33 1 36 6 11 30 14 17 23 
28 15 25 11 18 8 32 36 4 
9 18 35 23 28 31 1 15 5 
1 21 4 14 10 29 7 36 24 
3 24 20 10 35 13 6 27 30 
25 5 35 14 29 32 1 9 21 
35 20 4 27 12 15 24 31 7 
7 10 1 27 36 23 33 17 4 
24 32 7 17 3 20 13 10 35 
36 16 20 30 26 33 7 2 23 
36 1 17 32 25 20 10 29 4 
6 19 9 29 36 2 22 33 12 
7 32 29 19 4 16 26 1 10 
15 8 12 5 29 36 2 25 18 
21 10 1 27 30 13 17 36 4 
8 27 33 30 5 17 1 20 12 
20 16 32 29 35 10 6 2 25 
15 27 24 18 30 7 12 1 4 
36 25 2 20 14 10 6 30 17 
22 3 15 35 28 32 7 25 19 
11 14 32 22 26 6 36 1 17 
4 23 19 30 7 1 13 27 10 
15 19 11 36 31 1 28 22 8 
19 25 35 3 12 7 22 31 28 
2 26 14 32 17 36 5 22 10 
4 12 16 23 28 33 1 36 9 
2 30 23 26 6 35 13 10 18 
14 1 24 33 18 30 7 4 21 
33 2 6 13 17 10 29 22 25 
36 12 5 8 1 19 28 33 25 
17 3 10 21 25 33 14 28 7 
33 12 9 4 21 30 36 26 16 
36 2 22 31 8 5 28 11 14 
13 20 17 26 1 35 5 8 32 
33 30 16 8 4 12 19 36 22 
1 16 7 21 36 12 30 24 4 
32 21 9 25 17 12 2 35 28 
19 16 35 8 5 29 23 32 26 
4 16 12 23 9 19 31 28 36 
1 16 9 4 12 25 36 33 19 
26 29 36 1 20 33 23 13 17 
36 33 19 10 4 16 26 13 22 
10 24 17 14 27 5 33 36 21 
35 10 3 21 29 32 7 13 25 
5 9 12 19 25 36 33 29 2 
15 34 18 6 12 27 2 22 9 
13 1 10 33 22 17 28 25 7 
31 10 36 14 6 2 28 19 25 
5 20 1 23 27 17 34 30 13 
27 20 36 33 9 5 16 23 1 
30 26 23 19 8 15 33 2 5 
15 24 18 5 32 35 29 9 2 
13 17 20 5 36 28 1 9 24 
35 18 14 32 28 21 11 1 8 
25 34 2 14 22 31 11 28 7 
30 36 27 7 3 15 19 33 10 
36 31 9 4 28 25 22 17 13 
28 32 23 2 36 6 13 9 20 
22 2 27 32 19 8 5 11 16 
22 8 31 19 25 5 16 1 13 
14 8 25 36 33 11 5 1 28 
4 36 9 13 23 20 1 28 17 
1 7 30 19 11 16 22 33 25 
29 20 11 14 8 25 1 36 4 
26 36 30 8 23 17 13 2 5 
15 22 19 12 34 26 6 9 1 
28 20 17 31 3 10 7 13 25 
9 19 33 13 24 6 29 16 3 
33 1 9 36 24 28 21 18 15 
23 4 16 7 1 31 20 12 35 
17 9 36 14 32 28 3 6 21 
36 15 30 1 11 19 26 5 33 
18 21 6 36 33 9 2 27 12 
12 29 5 1 19 15 8 23 32 
10 7 27 4 1 30 21 16 36 
10 33 20 4 36 30 14 23 1 
15 31 3 9 36 20 6 12 23 
7 20 4 35 1 17 27 13 24 
36 6 14 10 24 19 28 2 33 
27 2 23 13 6 31 17 34 9 
2 15 12 21 31 18 28 24 35 
6 21 36 30 24 27 3 33 13 
34 18 2 5 21 29 25 13 9 
24 33 18 27 14 9 1 21 30 
7 36 31 13 10 1 24 17 21 
16 10 21 32 36 29 24 7 13 
33 5 16 23 36 26 30 19 10 
14 23 10 29 19 26 3 32 6 
9 12 20 32 29 16 35 6 25 
29 36 24 1 11 17 21 5 8 
1 26 29 21 5 16 34 8 11 
32 7 35 1 18 27 10 23 14 
31 20 26 35 16 8 2 13 23 
36 4 7 19 32 12 24 1 27 
33 1 4 36 19 24 9 27 15 
28 13 25 5 10 20 36 16 31 
1 21 17 32 24 35 14 7 4 
26 2 8 5 20 32 14 36 17 
34 3 20 6 9 28 31 12 24 
18 13 1 5 34 27 24 21 9 
5 20 16 36 8 25 11 28 1 
7 35 4 20 24 1 12 31 17 
12 26 29 1 15 7 34 23 18 
26 21 16 33 36 6 10 1 13 
33 7 15 4 24 20 11 1 27 
22 32 25 7 19 28 2 10 16 
23 30 7 16 33 19 26 11 4 
14 3 6 20 25 29 34 11 17 
33 15 20 6 3 29 9 25 12 
28 8 5 12 22 19 15 35 2 
28 16 12 5 35 1 21 25 32 
5 1 14 22 25 18 8 28 34 
34 1 15 9 22 18 12 28 31 
34 2 8 22 13 19 25 16 30 
1 22 27 33 30 10 36 5 17 
13 20 16 6 27 23 10 36 2 
25 22 36 5 16 9 28 2 13 
11 25 20 35 1 16 4 32 29 
19 25 16 7 28 11 22 4 34 
20 23 28 7 31 15 4 35 1 
17 8 14 27 3 20 23 11 35 
21 35 29 14 2 11 6 25 32 
16 13 6 9 19 26 31 2 34 
21 24 29 18 14 6 32 10 1 
35 22 4 1 12 8 32 17 26 
19 5 9 22 31 36 2 25 13 
16 29 8 11 3 26 23 19 34 
23 2 5 8 20 12 16 27 34 
27 16 35 8 24 21 1 5 31 
34 23 5 16 31 19 1 9 12 
4 33 26 36 22 7 1 16 30 
6 15 26 10 36 29 23 19 1 
28 35 7 14 23 3 32 18 10 
2 36 20 10 24 6 28 33 14 
20 2 36 33 7 12 23 15 26 
36 29 26 19 14 8 2 5 11 
11 26 17 31 1 20 8 23 35 
7 34 4 14 30 21 11 25 1 
13 17 10 26 1 21 7 30 4 
4 36 23 28 1 13 17 32 8 
10 24 21 27 36 2 5 30 14 
21 5 31 8 35 11 18 24 28 
8 22 4 35 31 15 26 12 1 
21 24 35 7 10 16 1 13 30 
28 22 6 17 14 35 9 25 3 
29 25 33 19 36 1 14 8 5 
9 12 21 5 30 18 27 2 24 
9 4 16 36 27 32 24 12 19 
36 12 30 27 21 1 33 6 9 
27 30 2 16 10 24 13 35 19 
2 36 17 33 30 20 9 24 6 
7 23 14 3 35 20 17 30 26 
29 22 11 32 17 35 4 8 1 
16 1 9 12 20 28 6 25 32 
2 25 28 31 18 35 14 6 9 
28 22 9 33 13 25 1 5 16 
16 3 36 7 29 13 20 10 25 
8 25 32 16 28 5 2 13 20 
26 20 29 10 17 32 36 3 23 
34 16 2 28 25 8 20 12 31 
11 23 34 19 16 31 1 6 27 
12 36 24 32 6 9 29 18 15 
6 36 14 26 1 23 31 17 11 
29 10 35 18 22 13 2 7 32 
12 6 34 21 17 3 9 30 26 
11 29 17 34 5 20 14 2 25 
32 20 16 12 5 1 8 25 28 
5 27 11 14 34 17 24 21 8 
18 15 33 10 21 36 2 29 7 
6 1 11 15 32 35 28 19 22 
36 32 1 13 24 4 29 7 10 
7 11 4 24 1 19 33 30 16 
2 5 27 17 8 24 11 20 36 
25 22 5 35 2 11 18 32 15 
27 35 1 11 19 30 4 7 23 
18 22 31 5 35 9 15 12 2 
34 20 25 13 4 8 28 1 31 
34 17 10 31 21 7 13 26 2 
33 4 19 8 23 36 26 13 29 
31 22 28 36 19 5 11 15 25 
9 33 23 16 36 26 29 20 4 
23 17 20 10 36 32 6 1 14 
21 31 5 13 25 2 10 36 16 
16 24 6 33 27 30 12 36 21 
24 35 8 18 21 28 15 11 32 
31 20 16 4 28 9 34 12 1 
9 2 27 30 14 21 33 5 18 
21 30 13 1 26 10 36 18 6 
26 36 8 5 32 11 2 17 29 
23 32 6 13 1 28 36 9 17 
23 26 5 30 20 2 33 36 10 
20 17 4 26 13 33 36 30 10 
1 25 14 9 19 4 28 35 22 
7 16 12 22 32 29 4 1 25 
7 15 1 34 24 31 12 19 27 
2 11 36 22 8 27 19 30 16 
17 2 22 33 10 36 25 7 28 
1 15 4 31 10 28 22 35 19 
19 29 1 26 23 7 12 36 32 
27 9 12 22 3 18 35 30 6 
21 5 2 30 9 34 16 27 12 
8 24 20 27 33 30 36 16 11 
8 28 2 25 13 5 35 21 31 
25 30 22 33 2 5 12 36 17 
24 7 16 29 21 12 36 2 32 
32 5 21 35 17 14 10 29 26 
27 17 10 20 23 7 31 13 35 
32 15 5 2 9 23 27 12 18 
28 2 25 5 10 34 14 17 31 
31 26 1 36 6 21 13 10 18 
19 25 22 30 33 13 6 36 10 
22 25 34 28 14 6 18 31 9 
16 19 10 13 1 30 36 5 33 
5 14 33 36 19 8 28 23 2 
28 16 13 19 33 25 5 2 10 
19 28 16 7 35 22 25 32 10 
1 17 22 33 36 10 13 30 5 
12 25 2 16 8 21 30 33 5 
36 25 30 15 18 12 3 6 22 
5 19 23 12 15 26 8 29 35 
35 25 7 12 20 29 32 2 16 
19 26 30 22 33 7 16 10 1 
25 28 7 35 10 1 32 19 16 
34 20 9 15 12 1 31 25 4 
9 29 21 32 25 15 12 4 36 
29 26 35 12 23 15 32 3 9 
25 22 29 1 19 36 6 11 33 
20 5 9 2 15 12 30 35 24 
27 24 9 4 1 19 15 12 30 
25 22 14 28 18 35 31 11 8 
4 11 7 35 24 14 17 1 31 
22 7 1 16 35 32 4 26 19 
17 32 20 12 36 5 2 26 9 
4 12 8 30 15 1 27 35 21 
19 13 5 28 2 8 25 32 22 
8 22 32 11 19 29 14 5 35 
17 21 8 29 26 2 5 35 12 
1 13 9 33 17 4 24 36 29 
11 26 7 29 14 19 3 22 32 
23 30 3 6 9 33 20 16 26 
36 24 5 8 11 19 14 28 1 
6 15 27 24 10 31 3 36 18 
26 36 33 19 2 11 22 8 29 
19 13 22 29 26 4 33 36 7 
1 17 34 21 25 12 4 29 9 
11 18 27 30 7 22 35 2 14 
28 20 36 6 9 2 31 13 24 
20 32 13 28 25 6 2 10 16 
31 23 9 27 6 14 3 20 36 
22 31 13 16 19 4 27 10 36 
26 19 33 9 5 2 30 22 36 
32 4 23 7 36 28 1 16 10 
33 6 18 1 36 10 21 15 29 
1 7 4 11 27 17 14 22 33 
16 12 4 32 7 35 1 25 19 
18 3 30 36 22 12 33 6 25 
25 36 13 22 18 30 7 10 2 
7 3 13 31 35 23 16 20 26 
31 28 36 11 25 17 22 8 5 
32 6 16 29 19 23 35 10 3 
15 8 1 30 4 21 18 11 25 
23 11 36 27 8 1 16 4 33 
33 24 18 10 28 4 21 13 7 
28 1 10 22 6 31 35 25 15 
3 16 12 25 20 35 32 6 29 
1 14 35 5 8 21 17 24 28 
7 10 1 14 33 22 4 17 27 
30 17 14 7 1 4 33 21 11 
30 23 4 10 7 19 26 14 34 
24 32 35 27 5 21 11 17 8 
34 11 19 27 30 1 16 24 4 
27 31 23 1 15 6 20 36 11 
8 20 33 36 30 24 12 2 27 
4 29 10 34 1 7 25 22 19 
2 31 9 5 26 12 23 18 15 
19 1 36 11 14 5 8 28 25 
24 11 17 28 21 32 35 3 7 
11 33 30 14 5 18 27 1 23 
6 33 20 26 3 10 23 36 15 
23 17 36 3 32 7 27 13 20 
8 33 1 36 5 26 14 29 23 
35 32 7 18 21 10 28 24 2 
34 6 11 21 18 31 26 15 2 
12 25 9 31 35 6 2 21 18 
5 20 16 9 23 34 13 31 27 
3 32 28 25 6 22 18 9 15 
3 23 27 36 6 17 20 12 32 
8 31 2 24 14 35 21 11 18 
8 24 33 12 29 20 4 15 36 
19 29 10 2 32 6 22 25 36 
17 27 13 1 36 5 24 9 31 
16 30 36 1 9 33 27 5 20 
2 16 9 19 6 23 33 12 28 
32 13 1 28 7 4 35 23 20 
19 13 24 16 10 30 35 27 6 
28 3 6 33 14 9 36 23 18 
6 18 1 32 9 22 25 13 36 
2 5 8 35 14 25 31 11 21 
6 22 17 11 27 1 35 14 31 
29 7 23 11 19 34 26 15 1 
30 17 33 13 27 36 1 10 20 
25 9 22 2 29 18 36 15 6 
1 4 18 7 23 27 34 30 14 
9 6 2 18 14 32 36 23 26 
27 36 24 2 31 6 9 13 17 
4 7 34 14 1 25 18 10 29 
15 2 27 18 11 36 32 5 21 
14 17 21 10 35 7 27 3 32 
16 21 32 13 29 26 35 9 6 
26 19 15 11 23 7 29 33 4 
15 29 2 25 19 32 11 36 22 
16 33 29 13 8 36 2 26 19 
6 14 32 9 25 19 29 22 1 
23 28 34 31 18 8 13 5 1 
4 30 1 36 8 12 20 17 27 
23 14 36 17 30 33 6 3 10 
20 36 13 1 31 7 16 4 23 
27 15 7 3 32 35 23 19 11 
14 17 1 10 26 7 4 36 23 
23 2 29 16 20 13 9 5 35 
30 2 35 11 5 15 22 27 18 
12 21 3 8 15 27 35 18 31 
26 2 16 23 7 20 29 34 10 
36 28 1 32 6 16 25 20 9 
9 30 36 6 22 1 27 33 14 
5 34 12 22 15 28 19 25 31 
15 12 18 6 1 9 21 33 25 
19 33 36 28 12 7 16 23 4 
4 11 32 7 36 25 17 20 28 
24 35 21 1 18 5 10 32 29 
28 1 4 11 24 14 35 8 18 
15 24 30 36 5 27 18 2 33 
7 29 4 1 26 23 11 33 16 
13 20 35 2 6 26 23 10 17 
23 12 27 9 4 17 32 20 35 
2 8 24 11 5 21 31 18 28 
24 30 27 13 2 17 7 21 36 
8 12 32 5 15 29 21 36 25 
15 30 10 27 23 19 33 1 7 
27 10 36 14 33 5 21 2 24 
4 34 1 31 26 8 19 23 15 
17 25 36 10 13 33 7 20 30 
23 15 18 7 26 3 34 10 31 
24 27 2 20 9 6 35 13 31 
18 1 35 13 10 7 21 24 32 
28 15 8 12 19 22 36 33 25 
9 29 1 6 23 36 12 33 16 
10 30 23 27 13 18 2 7 33 
35 21 4 27 30 1 11 14 17 
27 33 6 9 20 3 12 36 23 
8 15 1 23 29 4 32 18 11 
16 19 35 1 4 23 11 31 8 
28 25 34 6 31 14 17 20 3 
11 14 23 19 29 8 5 1 35 
12 16 25 36 28 31 19 7 4 
1 36 28 13 8 4 19 33 24 
30 22 8 4 15 18 1 27 36 
35 9 17 31 27 12 20 2 6 
17 23 29 33 10 6 20 36 1 
6 3 22 29 32 9 16 19 12 
17 10 26 6 35 20 32 13 23 
27 1 16 30 5 33 36 19 24 
16 2 23 12 32 36 8 28 19 
17 33 21 1 5 11 8 36 24 
18 13 31 1 34 24 21 7 4 
9 2 17 26 20 14 23 36 32 
29 14 1 17 20 36 33 8 4 
16 26 33 8 19 3 30 22 13 
4 30 15 7 19 26 12 34 23 
23 12 4 19 32 35 1 7 29 
23 20 7 14 17 31 26 3 11 
25 10 32 3 36 13 29 21 16 
8 25 34 12 1 4 18 15 22 
1 25 31 17 13 22 9 28 36 
5 35 8 17 2 14 11 21 26 
28 16 2 35 19 12 9 25 31 
20 17 23 32 36 10 5 29 26 
15 6 18 34 21 1 28 12 25 
28 8 35 11 25 32 14 17 21 
12 15 36 4 27 30 23 18 9 
19 34 22 4 26 31 16 11 8 
35 15 18 4 8 22 28 12 31 
32 10 17 21 5 2 35 14 25 
6 34 12 1 15 30 9 18 26 
35 8 23 1 12 18 31 5 15 
18 22 15 30 1 8 26 35 12 
5 8 17 14 34 24 30 27 1 
2 19 29 10 36 15 22 5 25 
36 27 30 3 23 16 8 19 13 
21 3 35 7 17 24 28 32 11 
14 28 22 34 10 25 19 1 7 
26 15 5 21 36 18 29 9 1 
23 4 14 17 7 29 34 26 1 
12 8 22 5 15 25 1 30 19 
27 35 1 14 23 32 18 4 11 
5 19 29 33 26 11 1 36 15 
1 7 22 31 35 10 25 14 28 
2 27 24 6 11 34 30 21 15 
24 1 20 12 6 36 15 29 32 
8 19 14 5 1 33 28 23 11 
6 25 19 36 2 22 31 28 10 
14 17 6 26 36 10 3 33 20 
6 23 36 20 1 33 10 26 13 
14 1 30 18 5 21 26 33 9 
25 5 30 8 21 11 2 35 15 
8 5 13 21 1 32 24 18 29 
26 19 1 30 13 36 33 6 23 
15 10 6 31 3 35 26 23 18 
31 18 25 11 8 28 2 21 15 
25 7 3 13 10 33 28 36 22 
15 24 28 1 21 5 18 8 36 
4 18 28 21 12 25 7 35 32 
14 4 18 33 24 1 21 8 27 
4 10 1 18 34 14 31 23 7 
11 30 8 16 19 36 4 27 33 
13 5 21 18 36 1 28 33 24 
17 20 36 4 32 13 9 27 23 
3 25 32 28 36 18 13 22 6 
7 33 18 15 27 4 36 21 24 
27 12 9 3 16 6 23 31 35 
34 1 14 21 4 29 26 8 17 
30 19 9 6 35 23 13 16 1 
19 15 4 28 24 7 12 34 1 
7 36 15 4 31 27 24 18 11 
15 18 26 34 8 12 1 31 23 
24 34 17 31 13 27 5 8 1 
31 36 20 28 3 9 13 17 25 
21 24 33 16 36 1 6 11 29 
5 29 18 2 8 11 15 21 24 
21 6 18 31 10 24 3 15 34 
9 29 5 18 2 13 33 36 26 
16 34 2 10 20 5 13 28 24 
20 10 3 36 17 14 31 7 24 
8 18 28 25 32 3 21 15 36 
8 11 2 36 29 5 23 26 15 
4 16 32 23 10 13 1 28 20 
9 26 15 1 21 30 33 5 36 
1 24 15 7 21 4 28 18 36 
14 36 7 4 29 17 20 26 32 
25 22 18 28 10 32 6 3 13 
5 14 1 24 18 32 36 29 10 
19 23 31 7 15 4 1 28 36 
25 13 19 32 22 2 35 28 7 
36 22 1 15 29 25 6 32 10 
29 1 15 21 35 24 12 9 4 
5 8 11 27 21 1 32 15 24 
15 36 9 6 33 29 20 2 12 
3 14 9 6 22 28 31 35 18 
15 27 30 12 21 8 33 1 24 
9 36 28 1 31 20 12 25 6 
12 5 18 8 36 22 31 15 26 
11 2 15 30 34 5 8 22 18 
17 1 24 33 21 27 14 4 7 
16 8 12 2 32 19 36 23 27 
17 1 27 14 30 36 33 10 20 
12 28 25 32 4 21 18 1 36 
33 13 6 16 24 30 10 36 3 
18 21 24 1 7 30 12 36 27 
32 21 25 28 35 8 15 11 5 
30 6 34 9 21 26 16 12 1 
12 31 36 4 28 24 21 17 1 
9 6 12 24 27 3 15 31 18 
5 20 11 35 15 23 26 1 8 
8 22 26 32 13 36 17 5 29 
9 24 20 30 1 5 33 15 27 
14 36 5 24 8 32 27 1 18 
1 21 11 15 5 33 18 8 30 
27 18 24 35 7 10 13 32 2 
36 5 22 26 30 15 19 2 8 
35 30 14 21 24 17 1 27 11 
24 5 11 30 21 18 36 27 14 
1 7 31 16 27 19 35 24 12 
10 27 13 16 1 7 24 32 19 
18 22 31 1 4 28 8 11 14 
1 27 10 15 24 21 30 33 4 
32 15 21 29 3 8 35 11 25 
7 28 35 1 32 15 11 20 24 
16 7 10 25 3 28 20 35 32 
36 30 20 6 26 16 33 9 12 
9 24 12 33 18 1 21 29 36 
19 27 35 24 5 12 15 1 30 
12 31 18 3 34 28 25 21 9 
14 27 10 17 5 35 20 2 24 
36 31 26 23 20 13 9 5 2 
19 24 29 35 9 13 32 6 2 
32 7 27 35 1 22 4 16 19 
10 18 28 1 21 34 4 31 15 
20 16 4 24 1 8 13 31 28 
29 2 32 6 24 14 21 18 9 
25 19 8 22 16 13 30 5 33 
22 6 25 9 19 28 13 3 35 
11 20 4 8 16 29 26 23 1 
26 21 14 33 6 18 2 10 30 
35 25 22 15 5 32 10 2 19 
1 26 5 36 21 15 29 18 33 
9 25 29 22 19 16 32 1 35 
32 6 9 12 15 23 35 18 3 
18 23 5 1 36 29 32 26 12 
5 22 8 12 31 19 27 36 16 
9 13 16 5 29 1 22 25 34 
1 36 22 5 32 9 13 18 28 
16 24 34 28 31 6 12 21 1 
18 6 21 11 24 30 36 1 27 
13 5 20 32 17 35 23 10 29 
6 9 29 17 25 32 13 36 3 
20 1 36 28 4 17 32 7 10 
12 29 1 18 36 9 25 32 5 
12 1 25 6 19 16 31 9 36 
9 12 24 3 16 19 36 31 28 
30 12 1 22 17 9 36 5 26 
23 30 5 36 11 8 20 17 27 
36 8 25 11 30 33 22 19 4 
24 12 5 15 9 27 34 2 18 
9 25 12 15 22 33 30 18 5 
18 2 23 26 35 10 5 14 30 
28 2 25 35 22 31 7 18 11 
14 21 7 24 17 10 35 28 3 
35 2 32 14 18 6 21 10 26 
1 17 14 8 30 36 33 23 20 
11 36 3 14 8 30 17 33 21 
12 27 24 8 35 4 1 30 20 
18 32 28 24 14 8 1 36 4 
7 18 13 2 27 36 10 21 32 
27 31 18 10 4 24 13 21 36 
18 14 24 5 2 31 11 28 34 
27 34 18 2 30 14 11 5 22 
19 36 23 16 6 30 12 3 9 
31 13 2 6 34 17 20 25 28 
34 15 29 5 21 10 1 18 25 
20 10 35 17 7 2 14 27 24 
21 32 35 26 9 15 29 12 5 
21 1 27 8 18 14 11 5 35 
9 33 16 25 30 21 6 3 12 
7 22 16 30 26 13 36 10 19 
32 15 24 36 2 5 12 9 18 
28 3 8 18 22 15 12 31 36 
32 17 14 29 9 36 6 2 22 
17 4 1 21 7 10 27 35 24 
25 29 1 22 19 11 16 36 8 
8 21 36 5 27 17 14 31 11 
19 6 26 2 9 22 36 14 29 
18 7 10 33 21 28 4 1 24 
29 2 24 21 11 14 7 17 32 
16 22 10 7 19 4 29 1 34 
11 22 7 33 14 26 4 29 36 
36 1 28 33 20 4 17 7 14 
30 7 10 1 24 19 36 4 33 
27 19 1 6 24 10 13 16 33 
19 11 26 5 30 8 36 14 23 
35 15 21 5 1 28 11 25 32 
11 8 4 15 19 32 35 29 22 
8 29 24 36 33 4 16 1 13 
17 1 35 8 32 20 5 14 29 
31 13 1 24 21 35 27 10 17 
36 17 8 2 21 32 13 24 29 
16 36 31 10 1 24 21 7 27 
36 17 1 29 14 11 5 25 8 
33 21 15 1 28 12 24 8 36 
27 8 16 5 33 24 11 19 30 
18 12 15 24 32 21 6 9 28 
1 36 33 15 22 12 4 28 25 
16 3 36 27 30 23 7 10 13 
19 13 5 23 35 16 9 29 1 
22 34 10 7 16 13 3 30 25 
20 9 17 2 29 23 14 5 36 
17 14 5 11 34 8 25 20 28 
31 15 25 22 36 4 8 11 18 
12 25 7 31 15 1 22 18 4 
30 8 21 17 13 27 35 4 24 
25 7 17 21 32 10 29 13 3 
14 21 8 32 17 24 3 36 29 
27 18 21 11 36 33 14 5 1 
1 6 17 34 14 20 31 11 28 
32 7 29 14 17 24 35 3 21 
8 25 12 36 31 16 1 21 28 
6 35 25 18 13 10 2 30 21 
19 16 5 35 8 24 27 32 2 
35 13 29 16 3 10 32 23 26 
5 31 35 13 25 17 20 2 28 
18 27 14 11 1 36 6 23 30 
19 35 26 30 7 23 1 4 14 
36 20 27 6 10 17 14 23 2 
18 7 15 1 28 4 24 34 21 
1 11 8 18 30 26 33 5 22 
1 28 14 10 17 35 25 21 4 
9 22 6 30 2 13 33 27 36 
25 35 19 16 1 28 9 31 5 
36 7 32 10 29 16 3 20 24 
27 9 6 21 14 2 17 36 24 
9 25 22 28 17 33 36 14 4 
15 8 24 1 31 21 5 35 18 
24 28 18 2 31 15 34 5 10 
20 36 24 33 7 4 10 16 13 
32 35 23 26 10 13 16 7 20 
4 18 21 14 24 31 36 7 28 
24 27 9 30 13 36 6 16 3 
9 5 23 35 12 18 26 1 30 
7 4 11 18 21 28 24 14 36 
11 24 6 17 36 14 29 21 32 
27 33 5 21 30 24 8 14 17 
2 5 36 18 30 26 11 8 33 
12 30 33 2 36 6 27 16 22 
29 1 25 15 9 6 34 12 22 
33 20 1 4 8 36 16 30 13 
11 35 14 8 1 32 22 25 17 
36 22 31 1 26 17 13 8 5 
5 30 14 24 27 10 1 20 36 
34 4 26 23 7 18 12 15 1 
8 1 16 19 25 28 22 36 13 
22 9 14 2 18 30 26 34 5 
1 25 14 19 6 28 11 22 32 
2 5 27 36 20 24 30 16 9 
6 25 36 33 21 30 9 2 17 
14 29 6 17 22 9 35 2 26 
6 24 3 31 35 9 21 12 17 
11 29 14 4 24 32 21 7 36 
1 19 26 10 13 23 34 31 7 
32 11 17 1 4 35 28 21 8 
10 36 33 25 19 28 7 13 16 
7 19 22 30 3 16 36 27 13 
29 17 20 14 2 25 35 5 10 
3 6 32 29 10 18 23 26 36 
23 19 16 3 11 33 36 30 27 
28 25 11 32 14 1 7 17 21 
20 14 1 24 36 17 32 11 29 
23 16 26 5 13 29 2 34 20 
30 1 19 27 36 33 6 13 16 
27 24 6 9 3 21 12 16 35 
24 18 4 28 11 7 14 33 36 
14 2 6 24 36 21 28 31 17 
13 20 28 4 34 25 16 1 31 
28 25 14 11 4 32 35 17 20 
36 18 31 15 1 23 26 5 8 
2 19 35 12 6 22 9 15 29 
6 29 20 17 1 10 26 13 32 
7 4 19 15 26 1 36 33 12 
35 1 11 26 32 16 23 4 20 
36 4 7 15 31 18 1 11 24 
9 29 19 12 15 26 32 5 23 
23 10 29 26 18 36 13 32 2 
1 5 8 30 26 22 34 14 11 
33 9 2 29 14 23 26 36 6 
9 2 22 35 28 18 15 25 5 
30 24 13 19 16 2 33 10 7 
19 31 28 16 13 9 3 22 25 
34 18 8 28 21 24 12 15 4 
30 10 5 24 36 27 13 1 20 
20 4 17 34 25 14 28 11 31 
20 8 17 36 25 29 4 32 11 
22 6 2 14 36 17 10 30 25 
13 16 26 35 31 8 20 4 1 
20 36 10 16 33 30 7 26 1 
16 23 13 5 26 20 1 8 34 
4 21 7 24 27 31 14 17 1 
3 22 25 19 7 10 36 30 16 
25 29 22 3 6 14 19 33 10 
28 9 6 25 36 14 21 1 31 
23 8 17 29 5 11 1 36 14 
10 26 13 16 19 2 23 30 6 
31 9 24 12 5 27 18 35 1 
9 2 19 16 29 25 13 32 22 
3 17 14 29 8 25 20 11 33 
24 18 11 8 5 21 15 32 36 
34 18 21 28 12 5 8 24 15 
18 11 27 1 24 36 33 8 5 
24 14 29 10 21 17 35 32 2 
35 4 7 1 10 24 32 19 13 
23 16 36 20 33 6 1 30 11 
5 19 31 28 11 16 25 22 36 
28 6 25 19 9 33 3 12 15 
12 3 6 28 32 9 19 22 25 
7 11 34 1 21 27 18 4 31 
26 9 35 29 13 1 17 32 4 
33 13 2 8 24 20 29 16 5 
21 36 1 17 29 6 33 10 24 
1 30 25 10 21 18 5 35 13 
33 22 29 36 11 19 26 7 15 
35 32 20 11 6 14 2 25 28 
4 28 1 34 31 21 14 10 18 
11 15 28 18 1 23 31 5 36 
28 31 36 16 21 12 2 25 6 
27 36 24 13 1 33 20 10 4 
4 1 13 35 17 32 28 22 25 
15 36 32 20 24 28 10 7 1 
3 6 16 20 13 28 9 31 34 
14 1 5 31 9 19 35 23 26 
22 10 28 18 35 1 15 32 4 
29 22 15 18 5 25 36 2 33 
27 34 2 31 10 20 15 7 24 
32 9 23 26 35 29 2 18 14 
32 29 10 25 6 16 1 35 22 
28 6 9 13 31 36 20 24 17 
4 27 12 31 15 1 24 36 20 
13 33 7 36 21 10 25 18 28 
31 28 10 25 22 7 3 34 14 
2 14 17 30 27 5 24 34 11 
16 9 6 25 22 31 12 28 1 
25 22 2 9 12 31 18 36 6 
36 30 23 15 4 1 20 9 12 
21 12 4 25 36 9 30 1 33 
9 4 19 15 31 35 1 25 22 
29 14 8 11 4 32 35 22 17 
36 30 19 1 22 5 25 10 33 
20 29 5 11 23 36 26 1 15 
4 9 36 31 16 24 12 27 19 
32 25 22 18 15 10 1 35 28 
17 26 12 30 6 9 3 34 21 
10 3 20 36 13 7 28 31 23 
6 13 22 25 31 9 35 3 16 
9 1 16 36 30 19 22 25 12 
16 22 27 13 3 30 35 6 10 
4 21 26 31 1 7 15 18 35 
27 24 4 12 16 30 21 1 33 
3 29 14 23 9 32 26 35 17 
29 33 26 13 20 36 8 5 17 
10 3 22 13 30 36 19 16 26 
22 7 19 3 13 16 29 10 35 
12 22 2 5 29 15 35 26 18 
22 29 6 25 13 17 10 2 34 
16 2 19 9 33 28 12 24 5 
36 6 18 22 33 26 2 30 11 
9 21 24 6 35 12 3 28 17 
8 17 20 5 35 23 28 2 31 
20 27 1 7 23 31 35 13 16 
3 16 26 29 33 21 36 12 8 
19 1 25 31 10 5 22 16 36 
35 8 32 28 15 25 22 4 18 
32 1 25 16 9 22 28 35 4 
1 19 33 36 25 29 15 11 6 
11 14 31 28 5 1 17 21 25 
26 35 15 29 7 4 23 10 1 
36 15 18 1 12 9 33 4 27 
24 21 8 35 5 31 13 18 1 
25 30 7 10 13 3 33 22 18 
1 36 25 13 22 17 32 10 28 
25 1 7 28 19 32 11 4 16 
15 10 23 33 7 2 36 18 27 
8 25 5 21 1 32 15 28 11 
33 36 20 29 3 6 9 13 25 
5 33 30 16 2 27 20 13 23 
22 31 12 34 4 8 18 15 1 
18 12 24 3 15 6 9 21 31 
36 7 19 25 3 30 33 22 16 
26 18 22 5 34 8 31 15 12 
13 23 33 17 10 6 20 2 30 
17 2 11 32 20 6 36 27 23 
23 1 17 28 4 20 8 33 14 
13 30 20 7 16 36 33 26 4 
3 6 14 26 29 36 20 17 33 
26 4 10 31 36 16 20 1 13 
28 21 4 36 25 1 16 7 31 
30 8 24 4 18 36 13 1 33 
1 20 26 10 13 33 23 6 29 
22 15 2 28 8 36 12 31 18 
35 15 22 11 18 32 4 8 27 
28 21 25 34 15 5 11 18 8 
5 35 10 32 20 26 13 17 23 
1 4 25 19 15 33 29 12 36 
36 28 5 33 25 18 22 12 2 
32 12 8 5 18 1 15 35 28 
17 14 21 26 32 11 7 1 36 
18 15 11 21 36 7 30 24 27 
26 5 35 14 23 2 10 29 20 
24 30 36 33 21 7 11 15 4 
21 18 9 36 32 24 15 1 28 
26 14 30 33 23 17 4 36 11 
29 1 19 5 13 16 25 34 10 
22 16 33 10 26 29 7 13 3 
13 30 27 2 34 6 16 23 9 
23 35 29 15 2 7 32 26 18 
18 25 36 6 14 32 10 1 29 
7 15 28 25 3 18 12 21 36 
6 22 31 25 10 14 3 35 18 
13 5 16 25 21 28 33 9 36 
26 23 33 7 1 18 12 36 29 
26 34 20 9 12 6 17 31 3 
14 25 7 10 35 31 1 18 21 
35 1 17 28 4 9 23 32 14 
33 27 14 17 9 21 30 2 5 
2 25 32 9 35 5 20 12 29 
26 23 17 14 5 20 35 31 8 
24 9 1 33 14 18 36 21 5 
35 3 17 32 14 7 10 26 22 
31 12 16 24 8 19 34 2 27 
16 19 11 3 36 6 23 30 26 
8 30 33 11 15 1 22 27 19 
31 17 5 34 25 8 28 2 12 
2 26 6 30 21 18 33 10 15 
17 10 26 5 13 2 30 22 34 
11 17 27 36 8 32 5 24 14 
36 9 5 22 32 29 12 19 26 
28 8 5 33 2 24 19 14 36 
31 16 25 6 13 10 19 2 22 
2 17 32 21 28 6 10 24 36 
8 29 33 24 5 36 20 13 16 
24 6 27 9 12 15 35 1 21 
16 22 8 19 35 25 5 12 32 
22 9 27 12 19 2 6 31 35 
1 31 17 13 5 26 34 10 21 
15 18 1 5 22 36 8 12 25 
7 22 10 36 26 13 18 1 31 
7 27 21 18 36 4 24 14 1 
14 32 24 17 21 4 11 27 8 
19 22 31 28 35 5 13 10 25 
1 30 13 23 35 27 10 17 6 
32 29 22 13 3 10 25 7 18 
35 6 17 14 21 29 3 26 10 
26 18 2 5 9 23 30 34 15 
27 35 2 20 11 15 6 32 23 
19 23 16 31 8 36 26 1 13 
16 26 7 23 33 36 13 20 10 
22 19 5 33 15 11 1 26 36 
11 6 3 35 28 25 31 21 18 
36 3 31 16 20 9 12 27 6 
26 19 1 6 23 34 14 31 11 
31 12 17 9 2 21 5 35 24 
36 11 1 8 21 14 33 27 18 
25 20 30 5 2 33 11 8 15 
36 31 20 16 26 23 7 12 2 
11 23 19 7 33 15 1 29 4 
34 1 4 12 9 15 25 31 19 
15 33 26 1 36 30 12 4 18 
8 4 24 11 31 34 27 1 18 
1 31 9 21 25 4 36 14 17 
24 9 1 36 13 21 6 31 28 
13 35 32 23 6 26 19 2 10 
6 34 15 31 18 24 28 2 21 
14 29 24 11 36 32 7 21 4 
16 2 27 36 13 7 31 10 19 
26 23 11 33 16 4 36 29 20 
31 28 16 2 25 8 13 5 35 
1 17 33 28 5 23 20 10 14 
29 16 35 12 7 4 32 20 24 
27 4 30 34 16 7 1 22 11 
6 15 3 26 23 35 9 32 12 
16 25 28 19 9 22 5 12 1 
17 25 9 6 36 13 28 33 21 
24 29 7 17 21 32 14 11 1 
24 12 29 21 18 5 15 36 1 
14 11 8 4 20 30 1 17 25 
21 25 17 28 32 36 8 11 5 
34 14 1 18 27 23 4 7 31 
14 5 11 25 33 2 36 8 19 
20 13 4 7 10 30 1 23 36 
1 36 24 12 17 33 7 4 28 
13 7 10 28 36 18 21 3 33 
8 27 20 30 5 2 23 11 34 
36 19 12 24 9 3 16 29 6 
10 13 16 20 35 2 32 6 28 
28 18 1 9 15 31 6 35 23 
14 1 11 19 6 36 30 24 27 
16 29 26 13 20 10 7 3 36 
6 33 20 1 16 30 36 23 11 
22 19 16 25 30 8 11 33 1 
28 9 21 24 14 33 18 1 4 
25 6 36 22 16 9 2 19 31 
24 35 29 18 1 21 32 6 14 
13 33 20 17 29 25 5 1 8 
31 34 8 23 5 1 11 20 16 
13 10 30 2 16 26 6 23 33 
20 6 1 10 33 13 26 16 36 
17 26 2 35 12 23 29 32 20 
22 12 2 31 36 25 28 9 19 
9 12 6 24 1 19 15 30 36 
28 1 23 24 9 11 35 12 23 
29 20 32 23 16 12 22 18 34 
32 29 31 24 29 24 9 14 35 
16 34 7 31 32 35 18 3 23 
34 8 19 30 1 27 35 8 22 
25 17 1 29 22 21 1 22 32 
30 3 21 20 10 2 31 4 34 
16 6 32 31 24 4 33 35 18 
13 26 29 22 5 7 21 5 22 
12 6 1 20 21 11 35 2 34 
36 27 24 11 32 2 33 2 11 
34 6 11 1 28 36 31 10 15 
12 15 2 2 1 36 27 23 13 
29 32 15 25 24 30 4 28 24 
30 12 3 15 25 19 31 5 9 
20 8 1 10 4 1 33 26 13 
13 7 19 32 25 33 15 8 10 
5 22 14 19 18 19 1 9 8 
6 7 17 19 20 11 22 31 3 
5 17 1 1 13 23 3 3 35 
13 28 26 35 29 6 14 29 1 
17 14 10 27 4 17 1 24 2 
31 5 10 16 16 4 26 22 9 
5 6 2 11 7 35 1 14 31 
16 21 30 17 14 5 8 16 33 
8 14 10 33 18 12 36 31 6 
30 1 34 13 17 27 32 32 18 
21 17 23 20 10 3 33 26 15 
19 18 25 36 28 1 16 20 20 
19 36 36 15 26 23 11 27 4 
29 4 21 24 11 27 29 27 2 
21 18 11 3 23 30 7 33 2 
4 35 1 30 31 30 34 12 9 
8 1 5 22 19 29 28 13 34 
2 18 27 18 27 20 1 31 27 
24 14 32 17 4 30 3 9 1 
33 23 14 7 5 7 6 1 6 
23 10 12 26 24 2 9 15 34 
13 23 8 21 15 29 26 36 34 
31 14 31 20 4 17 4 14 23 
34 8 33 31 28 29 17 19 15 
27 4 3 31 15 9 7 16 11 
31 4 36 36 33 31 15 21 10 
13 15 30 15 33 4 8 11 1 
28 10 17 11 34 21 34 1 24 
17 22 1 22 21 22 5 14 1 
35 35 3 35 8 15 5 2 21 
3 14 29 23 8 23 29 11 27 
15 19 22 28 6 26 29 7 16 
9 26 10 12 13 36 21 32 16 
6 33 26 36 11 36 17 13 31 
15 19 10 26 2 26 4 19 27 
4 23 6 24 23 4 34 25 19 
32 20 5 20 6 2 9 3 17 
11 13 27 14 26 10 13 29 13 
20 12 19 4 24 16 11 22 34 
34 35 1 18 14 13 30 2 3 
27 21 12 26 9 17 13 3 10 
22 1 26 24 26 3 8 6 9 
20 34 21 14 27 22 2 36 1 
31 23 28 6 22 35 18 6 27 
6 13 21 20 8 8 15 20 4 
14 25 36 22 31 36 27 8 10 
31 22 20 24 33 11 29 12 27 
33 12 19 8 27 22 35 7 35 
17 25 24 30 36 10 9 30 19 
5 16 28 23 12 32 1 13 2 
30 26 24 14 26 24 18 34 23 
17 5 17 3 27 25 10 7 9 
11 1 35 16 30 11 34 26 24 
22 6 29 33 31 29 20 28 30 
26 22 10 34 6 9 5 16 21 
17 14 2 16 13 12 11 30 23 
32 2 18 13 26 3 23 6 28 
17 29 8 24 25 9 20 25 34 
30 35 23 13 12 7 11 5 35 
23 9 32 11 17 33 5 17 22 
6 1 19 18 15 27 35 5 9 
17 34 20 19 34 1 10 18 14 
17 7 23 15 15 5 22 9 28 
23 7 19 34 1 17 16 30 10 
36 23 21 20 25 7 8 30 8 
15 24 31 33 22 17 34 34 11 
34 3 9 25 21 15 26 7 14 
32 29 8 9 9 9 2 19 6 
35 11 19 15 9 21 16 27 10 
7 33 23 9 15 35 33 35 2 
21 1 5 6 17 4 27 25 18 
24 22 32 18 16 19 31 7 26 
14 28 23 22 16 31 20 18 18 
33 4 4 10 15 22 30 10 24 
5 27 3 6 9 30 30 16 32 
7 28 32 19 31 24 15 14 9 
16 15 25 5 36 14 14 16 15 
30 3 19 1 36 20 10 22 19 
21 32 4 36 28 17 11 3 14 
34 26 7 8 16 11 20 9 28 
36 25 18 36 32 14 31 19 29 
10 29 36 17 35 17 25 9 31 
28 35 18 7 28 11 31 34 27 
26 27 30 12 24 23 9 34 2 
9 11 20 14 14 34 34 22 7 
19 13 30 31 20 29 2 14 8 
18 22 19 20 7 19 7 32 6 
34 28 26 28 5 28 20 22 5 
10 24 4 30 4 9 22 3 27 
17 7 13 22 18 16 12 29 23 
27 27 35 3 30 5 20 20 1 
18 25 10 21 29 15 19 33 31 
30 5 18 31 17 33 15 35 18 
23 4 34 33 8 9 18 13 13 
6 28 7 25 31 18 36 25 2 
12 13 1 22 33 12 33 25 3 
17 10 32 32 28 35 20 17 11 
19 3 13 19 28 3 30 32 9 
7 25 36 13 17 25 14 16 1 
4 26 19 34 19 19 24 24 5 
16 5 33 26 27 29 35 17 12 
24 7 24 32 21 10 33 25 7 
1 18 24 8 17 35 5 9 34 
32 2 3 24 34 32 6 30 1 
20 25 8 33 35 2 12 28 10 
29 25 13 2 15 9 6 7 16 
36 27 14 26 32 13 16 27 28 
7 17 1 3 18 3 12 8 3 
14 33 3 33 11 21 26 28 16 
22 32 3 21 9 6 36 15 13 
15 36 12 18 34 25 22 33 20 
22 8 10 34 12 30 30 34 5 
21 16 11 20 16 9 24 3 22 
16 5 22 26 15 7 11 7 23 
10 10 34 3 3 21 29 18 33 
19 10 4 30 21 32 27 21 19 
2 13 28 8 33 11 10 9 2 
28 30 28 11 34 12 27 21 19 
3 35 24 33 17 32 19 31 29 
27 11 1 15 23 27 33 14 33 
17 25 1 21 30 2 17 34 3 
32 5 22 12 7 24 17 30 21 
2 25 30 17 27 2 8 22 20 
30 28 12 29 20 3 34 5 21 
24 35 34 26 13 17 31 17 2 
24 18 15 34 15 24 19 19 26 
9 4 30 8 22 10 7 29 19 
29 24 25 1 30 36 15 23 33 
9 5 27 14 21 11 8 14 32 
27 12 1 29 18 8 5 15 13 
27 10 35 14 13 18 1 32 25 
26 14 20 29 17 20 7 9 23 
29 26 34 29 17 2 36 1 29 
9 18 5 20 28 25 24 28 29 
15 29 2 32 31 16 8 26 28 
13 27 21 4 26 16 18 9 5 
1 36 22 17 36 13 32 5 17 
19 8 19 28 19 1 28 2 14 
16 32 13 1 26 26 28 15 28 
33 34 1 20 9 13 23 20 19 
21 36 9 25 31 9 26 26 25 
30 28 12 11 28 20 2 23 24 
17 34 32 6 14 24 25 10 9 
5 34 21 26 21 15 11 19 13 
19 35 8 9 6 15 14 33 25 
26 20 8 31 28 1 15 25 13 
4 24 3 32 2 2 2 7 6 
27 20 28 24 30 20 18 2 26 
25 2 8 24 24 5 36 26 36 
25 31 24 11 3 21 17 22 33 
20 19 22 35 16 20 19 14 10 
14 23 7 36 24 2 24 32 34 
9 33 15 16 12 30 15 3 12 
25 7 25 13 21 29 33 23 5 
24 29 18 15 30 34 15 36 35 
13 10 17 20 30 10 7 6 29 
35 22 7 10 36 4 14 6 16 
13 20 9 6 1 21 33 10 10 
19 18 16 6 22 18 6 2 6 
8 35 13 24 32 14 27 21 19 
26 27 27 19 1 22 35 24 35 
36 9 2 10 18 14 18 25 14 
16 21 33 7 1 2 1 21 32 
29 24 25 11 13 1 28 31 26 
4 25 3 20 6 29 17 31 14 
17 2 27 12 15 23 22 10 20 
2 17 16 7 1 16 4 36 3 
30 5 26 25 34 4 25 21 6 
31 30 34 2 28 35 1 19 8 
21 5 9 15 14 28 27 9 21 
7 12 29 11 25 36 23 2 31 
34 15 6 9 1 36 15 35 7 
30 26 18 9 19 12 36 12 15 
22 9 33 6 4 13 32 34 28 
32 12 28 21 27 4 13 25 5 
10 12 4 6 29 23 10 1 24 
24 20 8 14 12 10 10 21 10 
12 20 18 30 3 11 15 16 5 
33 35 11 2 11 13 30 22 36 
25 3 9 14 1 19 28 14 3 
32 19 19 11 33 6 22 29 9 
11 32 21 11 34 24 30 2 11 
32 36 33 34 14 31 9 9 21 
30 20 7 13 36 3 20 11 28 
5 35 36 14 17 22 1 34 9 
32 34 34 35 6 36 20 26 32 
8 5 19 7 10 22 27 27 17 
7 36 28 30 20 33 27 35 28 
21 36 35 32 3 16 18 21 36 
8 31 31 18 23 21 13 11 13 
7 1 27 23 34 3 21 1 26 
2 28 22 7 8 14 16 33 8 
9 28 7 8 35 32 18 33 16 
14 10 7 34 35 35 30 17 13 
15 24 5 36 5 19 11 12 6 
16 34 24 22 10 28 28 27 15 
2 29 15 22 26 32 32 29 13 
24 21 3 20 11 8 33 4 17 
14 25 19 16 26 16 35 8 4 
23 33 19 4 4 11 21 3 8 
34 28 27 13 1 2 8 7 12 
4 8 15 35 35 19 19 4 8 
18 19 15 18 9 6 31 33 16 
28 19 23 35 3 14 30 25 17 
1 26 12 25 17 13 31 28 8 
35 34 24 26 12 28 34 17 1 
12 10 35 16 36 6 9 9 36 
22 7 32 28 32 5 22 8 35 
35 1 7 18 13 18 14 23 29 
31 30 21 23 32 23 26 33 14 
35 4 27 29 2 8 36 19 4 
1 29 27 10 33 1 25 12 6 
33 27 2 31 26 33 8 18 31 
1 32 36 11 32 34 6 5 36 
31 18 30 34 30 2 19 3 16 
11 19 26 22 3 14 20 24 31 
4 26 4 34 4 19 7 22 27 
17 32 34 29 20 12 2 35 28 
10 28 22 16 20 35 21 20 3 
3 3 21 32 25 12 22 26 6 
12 15 21 16 1 13 9 18 6 
7 24 6 25 36 8 6 4 8 
4 8 26 15 15 7 6 16 8 
7 31 12 32 14 16 14 2 35 
20 8 32 36 15 34 26 26 7 
10 24 4 35 17 27 25 1 16 
18 25 3 30 30 11 27 10 36 
16 33 2 36 26 26 31 4 25 
10 23 34 27 34 12 26 26 24 
2 14 19 10 15 13 6 26 26 
18 15 4 29 28 12 30 8 5 
21 35 9 33 3 16 8 7 15 
24 12 18 23 5 20 29 28 13 
33 27 30 8 2 35 10 9 13 
33 32 1 7 26 19 17 34 10 
18 24 6 23 28 29 23 1 14 
4 19 26 26 36 19 28 20 16 
10 34 32 23 5 12 33 9 1 
31 24 29 26 13 4 36 4 9 
9 23 34 21 5 32 26 23 22 
3 2 2 12 34 24 15 20 29 
4 19 34 20 4 21 30 12 11 
1 20 15 16 22 13 36 29 27 
2 33 9 31 27 14 22 16 2 
17 22 32 15 30 11 31 14 26 
25 19 32 24 17 17 9 26 30 
17 26 10 19 4 29 30 8 27 
14 1 9 13 16 11 29 22 9 
2 17 29 34 35 34 13 17 23 
14 6 17 24 24 13 20 31 2 
20 6 14 19 18 7 3 36 12 
17 34 8 12 28 21 1 11 32 
8 4 15 29 18 23 4 1 12 
28 21 1 24 33 15 16 26 14 
6 22 13 28 1 14 25 33 2 
29 21 29 2 27 2 35 19 22 
13 31 36 22 22 33 7 6 25 
31 29 11 5 9 2 2 9 13 
3 15 3 21 28 20 28 22 33 
29 4 16 18 32 33 30 21 12 
35 12 5 30 18 30 21 9 21 
16 18 11 9 16 25 36 7 34 
24 12 36 33 24 29 5 6 13 
21 5 17 22 25 32 21 10 17 
6 2 10 31 20 35 18 16 23 
24 6 19 20 6 9 14 9 10 
12 34 29 10 18 17 28 1 2 
14 8 21 2 15 36 23 20 13 
10 33 31 7 35 20 28 13 26 
32 27 11 36 20 36 34 36 1 
9 2 24 14 27 34 28 19 8 
9 24 20 23 6 23 23 2 23 
4 28 14 17 18 8 28 17 20 
12 2 6 19 31 15 3 29 3 
11 32 34 21 2 6 16 25 10 
19 11 1 30 35 17 1 17 31 
6 32 12 35 29 22 13 19 3 
13 10 10 1 9 27 1 22 11 
36 34 33 11 7 34 2 25 1 
28 9 21 18 33 8 4 30 2 
31 12 26 16 1 4 34 32 3 
20 24 33 16 5 32 22 5 4 
33 6 29 34 28 33 22 25 29 
31 34 22 3 19 20 32 25 33 
34 16 21 6 3 29 22 32 33 
7 13 34 31 36 12 9 26 35 
16 24 23 31 1 10 27 3 10 
30 22 35 16 14 6 19 36 31 
27 20 3 9 23 1 33 29 18 
4 19 4 22 3 25 14 20 19 
16 6 22 29 18 13 8 16 25 
7 8 26 14 23 25 24 2 30 
10 7 20 16 15 34 2 36 23 
29 21 21 32 14 31 33 10 32 
26 18 13 22 17 7 4 8 6 
20 23 33 30 3 24 32 24 8 
35 9 17 22 26 18 11 27 20 
16 34 23 14 19 18 10 14 25 
17 9 14 6 21 8 30 27 23 
31 4 20 12 27 31 9 30 36 
26 6 4 23 3 22 27 29 35 
24 33 30 34 9 23 9 6 5 
34 26 9 20 32 26 3 9 22 
10 8 23 21 10 32 6 28 24 
28 15 10 25 16 28 15 33 30 
24 19 29 35 8 26 17 12 2 
12 1 32 13 19 13 6 17 4 
32 33 29 11 34 16 12 12 13 
2 5 23 27 18 1 27 14 1 
25 12 26 33 5 26 30 12 14 
31 5 1 22 9 16 19 6 7 
25 1 16 25 32 24 36 27 25 
30 14 7 19 6 3 1 22 18 
8 18 22 26 1 6 7 9 8 
23 36 25 18 31 12 22 24 22 
25 7 29 16 34 20 22 18 13 
28 13 18 21 36 8 12 36 24 
13 10 31 8 25 9 4 10 28 
19 34 1 24 4 4 32 1 27 
26 1 21 6 3 31 3 7 9 
30 2 35 26 23 34 15 20 16 
12 20 29 12 19 4 4 10 1 
10 16 20 3 15 6 32 9 26 
15 36 31 21 20 7 11 29 30 
17 19 4 23 36 27 19 28 5 
35 12 33 25 4 35 30 12 22 
6 36 22 5 7 24 1 18 2 
24 33 14 34 34 9 20 28 35 
18 22 14 28 34 31 34 2 8 
33 22 31 9 29 19 34 18 28 
4 15 36 19 13 16 20 32 5 
25 24 31 24 15 7 5 4 32 
18 6 31 10 18 35 4 31 12 
5 12 1 36 28 10 8 8 4 
17 12 7 13 5 33 27 4 4 
9 35 30 3 2 19 4 21 24 
17 2 6 3 1 18 9 32 14 
12 14 20 7 27 17 20 9 6 
35 1 5 2 27 10 20 17 28 
11 18 9 9 27 11 30 19 7 
4 5 33 13 8 8 12 1 34 
27 1 17 10 30 29 26 14 24 
2 3 8 17 31 33 16 22 28 
21 27 34 12 5 31 28 23 9 
5 6 26 14 36 13 5 5 14 
32 14 25 19 13 5 15 5 27 
35 19 36 20 12 19 10 7 36 
25 13 29 28 31 29 34 6 27 
32 30 9 32 20 23 20 29 22 
8 31 5 34 2 8 8 35 17 
8 23 13 8 3 25 14 34 35 
29 4 23 34 15 29 23 24 8 
5 14 21 21 29 10 24 1 9 
27 16 24 32 28 13 5 34 19 
16 5 11 2 24 12 10 3 4 
1 31 10 1 25 19 15 24 28 
29 23 13 35 7 11 33 19 23 
29 36 29 3 13 24 8 16 36 
27 33 8 29 8 6 28 29 18 
30 17 25 31 5 13 28 33 31 
25 33 8 9 31 17 24 23 25 
24 1 35 12 25 34 28 31 31 
34 7 24 18 25 7 34 17 16 
25 19 18 28 9 29 22 22 33 
1 1 6 9 35 16 12 18 36 
25 15 33 7 30 29 34 28 18 
10 33 30 26 1 36 35 36 33 
1 32 32 36 20 11 11 4 18 
7 11 30 6 7 28 26 8 34 
17 15 32 33 19 10 22 2 7 
34 6 35 9 10 7 30 2 9 
4 2 19 2 29 18 33 24 17 
19 19 5 4 24 10 3 34 16 
15 33 26 10 10 13 7 11 36 
2 30 21 3 13 19 15 24 36 
36 30 36 15 24 15 29 16 24 
36 18 16 15 8 30 33 7 8 
34 36 34 25 30 21 34 28 28 
17 8 3 7 8 29 12 16 5 
17 15 9 11 9 1 27 12 36 
3 20 19 2 10 20 17 17 1 
4 16 25 27 23 31 34 25 33 
22 20 6 4 4 30 27 7 9 
9 35 11 13 21 26 10 3 22 
15 13 1 2 13 1 21 28 36 
26 31 18 34 21 30 7 34 16 
34 16 29 1 25 29 32 29 14 
1 3 15 7 17 26 31 27 20 
18 10 23 1 36 36 15 9 26 
26 21 30 3 18 7 17 8 11 
7 21 27 12 3 10 12 2 36 
9 28 27 25 13 1 35 29 23 
28 23 29 5 5 11 16 19 26 
8 16 13 28 24 23 27 25 9 
4 6 4 5 10 27 12 34 26 
12 21 13 29 29 13 17 2 22 
21 29 20 5 18 33 22 4 33 
1 11 36 2 16 35 18 12 11 
20 35 17 4 25 26 4 33 8 
11 12 2 22 29 13 19 10 26 
34 17 1 29 29 16 10 2 34 
11 8 30 26 1 26 33 31 26 
35 16 28 17 5 34 16 16 12 
20 2 11 13 29 35 11 18 15 
8 22 4 8 10 32 5 35 36 
23 35 4 9 13 15 25 19 11 
7 4 10 35 30 28 29 23 6 
17 11 17 36 25 23 18 5 17 
16 12 30 21 27 8 33 15 1 
11 33 24 6 23 8 5 27 4 
27 14 7 8 13 6 12 18 36 
36 29 14 1 24 34 21 34 4 
15 3 12 11 36 27 5 31 25 
16 5 15 30 3 18 19 1 19 
35 35 21 30 20 15 2 24 17 
9 22 12 5 30 33 23 24 15 
6 14 25 34 24 20 28 13 13 
33 14 24 23 7 14 11 22 17 
18 18 8 4 14 14 1 31 14 
17 33 8 5 8 24 16 13 14 
6 3 1 36 28 32 9 1 5 
20 18 35 15 20 4 12 28 18 
23 21 29 28 3 17 4 24 6 
3 31 23 27 8 4 20 23 26 
3 14 32 31 8 29 36 7 22 
7 20 13 7 26 35 22 21 24 
35 2 34 16 7 28 11 35 7 
10 25 36 31 32 6 12 14 34 
19 22 7 22 32 13 21 30 15 
36 8 5 19 13 14 14 31 1 
25 36 3 23 9 19 24 22 21 
1 23 20 24 34 18 21 16 6 
1 5 13 24 14 14 14 30 8 
8 22 34 20 24 10 32 6 11 
31 6 25 36 1 27 36 6 26 
8 24 30 26 24 22 20 19 19 
17 8 5 15 25 24 16 26 20 
23 21 26 11 30 27 5 15 26 
18 5 16 17 20 17 6 32 18 
34 6 16 16 13 20 10 35 34 
35 1 34 10 16 30 16 20 21 
22 3 31 11 13 34 26 30 12 
2 20 18 25 34 5 10 18 28 
28 35 21 31 7 33 34 1 19 
8 35 3 3 34 26 2 17 19 
3 3 17 24 25 35 23 5 21 
18 14 2 36 27 21 4 10 33 
5 33 21 25 34 2 9 16 35 
15 32 2 34 16 11 15 1 17 
25 2 23 3 10 10 15 12 28 
14 16 12 10 1 13 11 31 28 
26 15 11 31 20 8 14 12 11 
27 24 4 26 4 8 8 6 15 
15 6 30 22 23 35 27 32 11 
6 13 18 8 27 27 3 2 24 
12 19 3 15 15 26 27 36 18 
32 18 2 2 32 5 16 34 20 
34 12 18 32 21 15 5 6 16 
34 13 23 9 3 7 12 22 27 
1 27 31 2 12 21 26 25 23 
4 11 13 36 15 24 18 34 32 
9 8 31 20 16 6 31 20 15 
11 5 31 32 1 36 18 7 23 
21 4 21 36 27 36 33 30 26 
30 12 20 4 16 19 33 6 24 
5 22 32 29 3 5 32 28 23 
17 33 20 33 4 19 24 9 17 
29 17 11 2 13 18 20 19 9 
24 34 17 10 16 36 25 9 33 
6 14 13 5 32 12 14 10 24 
15 17 21 19 17 10 35 19 36 
6 4 25 12 18 21 15 4 8 
20 36 6 25 11 5 26 27 5 
9 34 33 2 16 24 5 35 36 
30 30 36 22 33 31 24 11 14 
14 31 21 19 29 29 21 17 10 
14 22 36 32 14 23 29 7 33 
30 11 6 27 24 13 15 9 13 
26 10 9 13 17 36 21 21 15 
31 28 2 29 34 24 13 20 3 
14 34 36 3 27 15 23 22 19 
28 18 13 2 29 10 7 6 27 
23 12 36 23 31 21 33 21 8 
26 36 32 30 4 17 31 12 34 
28 23 19 15 7 28 36 7 29 
33 8 10 2 11 10 19 22 36 
8 20 2 1 18 9 25 31 29 
36 5 18 33 14 18 36 25 27 
9 15 19 5 16 30 29 36 6 
9 3 2 24 10 35 34 26 24 
23 33 31 10 10 30 9 2 11 
9 7 28 14 18 22 5 21 12 
20 23 14 35 2 35 12 27 33 
24 28 27 30 19 10 36 12 15 
6 31 23 1 20 20 27 4 13 
14 16 32 13 33 21 4 15 30 
17 31 27 30 13 6 33 9 35 
7 17 10 14 5 28 12 28 11 
10 18 25 19 30 14 17 22 4 
9 20 9 30 31 24 17 32 15 
10 32 31 10 4 1 36 18 28 
2 23 31 2 4 35 3 19 28 
36 17 8 14 16 29 26 9 3 
25 21 22 36 15 28 2 9 18 
20 15 7 34 7 30 21 30 11 
19 15 8 13 5 27 35 20 12 
28 24 35 30 10 34 35 4 35 
25 8 8 14 15 3 15 25 19 
7 29 14 23 29 36 36 31 31 
15 22 34 16 18 27 27 15 5 
25 7 20 5 32 16 18 34 24 
20 36 22 27 11 15 25 5 3 
20 14 17 33 5 2 30 25 12 
22 30 10 27 21 19 33 23 25 
20 24 23 6 16 29 29 7 11 
32 31 27 25 2 28 36 20 34 
13 28 34 23 18 1 29 19 25 
5 16 27 16 2 28 7 7 33 
20 3 25 34 6 34 13 16 18 
28 29 32 6 12 11 20 22 1 
4 24 28 3 21 3 18 16 29 
2 7 13 9 8 35 25 18 19 
21 32 3 10 7 33 21 9 34 
19 10 26 9 31 6 28 13 26 
33 1 3 29 32 35 2 32 18 
33 17 5 31 29 18 17 16 17 
22 29 23 12 33 25 1 13 31 
17 3 22 10 36 11 18 28 32 
19 6 11 8 2 29 11 24 17 
21 30 2 14 15 32 20 10 14 
15 27 23 24 4 33 25 4 12 
35 24 1 18 36 19 18 5 13 
19 18 34 25 18 16 23 7 34 
32 36 33 29 35 20 2 10 23 
19 13 29 27 14 32 4 9 26 
8 2 8 3 7 16 16 36 26 
11 3 27 25 28 30 16 12 25 
21 34 12 10 16 28 3 23 28 
32 17 2 16 24 12 22 3 31 
29 34 35 13 17 18 23 19 13 
33 3 8 26 14 17 15 23 25 
14 3 9 3 23 23 4 36 21 
15 30 11 22 2 13 23 29 22 
10 27 33 2 26 25 16 5 20 
4 35 18 24 28 30 14 19 9 
30 13 33 23 6 7 19 22 32 
10 31 34 21 6 26 15 15 7 
22 27 28 3 2 19 14 11 23 
33 9 10 2 16 34 2 18 35 
33 22 27 17 23 30 15 17 11 
9 10 6 1 22 34 34 9 19 
15 36 8 8 14 29 15 6 13 
17 36 34 36 26 7 29 10 20 
7 26 18 9 21 16 9 23 33 
36 18 11 12 9 36 26 5 27 
32 3 29 25 15 21 18 30 2 
12 35 31 2 36 22 4 9 15 
4 9 8 26 19 8 33 5 9 
24 34 1 19 8 13 14 15 32 
9 16 4 3 11 33 12 23 32 
22 34 25 1 12 23 18 25 31 
6 23 18 2 25 3 32 24 1 
18 30 13 33 11 8 21 3 15 
31 22 5 14 11 13 11 32 31 
13 9 3 2 16 18 23 1 5 
18 27 2 20 19 5 11 12 22 
24 8 31 10 35 32 8 10 3 
34 14 16 17 33 17 1 14 3 
5 33 6 35 16 5 28 6 19 
35 1 10 12 26 17 30 23 24 
20 3 22 11 36 26 11 11 27 
15 29 7 6 18 7 1 26 35 
28 4 26 32 18 13 14 20 25 
26 20 30 2 16 7 32 15 3 
8 19 10 27 18 33 12 13 22 
31 26 9 35 1 15 29 3 13 
6 22 29 13 36 8 36 29 33 
29 16 1 34 32 7 2 6 34 
6 2 22 28 3 22 30 35 5 
7 22 23 1 33 7 9 18 20 
17 35 10 16 4 2 8 3 8 
12 5 27 30 36 35 17 23 26 
12 27 4 19 10 29 11 17 31 
28 35 21 35 7 17 22 28 24 
22 22 30 31 27 4 10 19 25 
2 32 29 23 23 23 17 33 7 
5 27 33 20 31 29 12 15 33 
8 34 14 18 34 11 12 25 5 
29 11 1 35 15 13 25 9 24 
25 26 17 13 9 34 19 1 16 
5 21 24 29 32 36 26 11 6 
13 16 16 11 14 9 30 29 28 
6 28 26 4 17 18 30 22 17 
11 22 26 5 8 35 9 30 13 
20 32 35 5 33 12 14 27 14 
36 10 17 30 20 21 17 15 27 
33 14 34 7 19 13 4 19 30 
19 9 31 14 18 12 18 16 2 
30 14 5 17 9 32 22 7 20 
31 12 20 29 14 23 25 30 18 
13 14 10 19 1 2 30 34 2 
11 11 1 27 4 26 28 25 1 
16 22 9 14 16 34 22 10 1 
28 26 15 23 11 23 35 36 12 
10 18 19 27 35 2 29 7 21 
29 19 11 11 24 6 20 18 17 
16 18 11 4 33 25 34 25 19 
31 31 35 27 33 33 6 33 23 
3 16 22 14 35 14 34 10 13 
33 26 31 31 24 9 28 2 27 
4 7 32 3 33 32 18 28 20 
36 19 7 20 12 14 26 2 9 
28 13 7 32 6 19 18 7 24 
8 22 12 18 33 16 9 4 14 
24 34 5 34 29 28 20 26 29 
34 33 33 10 2 22 1 22 21 
4 19 31 14 20 4 9 33 35 
8 26 21 35 36 13 10 32 30 
30 20 17 34 32 19 20 12 35 
21 9 25 4 17 28 25 7 33 
11 16 9 31 24 7 30 22 35 
32 4 23 9 15 28 9 33 24 
28 20 30 19 31 10 11 3 28 
28 17 1 23 33 28 20 10 36 
7 33 19 4 22 1 16 16 21 
4 13 14 2 10 25 13 13 31 
13 13 1 9 12 18 24 20 11 
5 34 10 4 31 4 6 3 24 
5 23 26 33 9 36 32 15 29 
32 32 14 25 12 36 2 6 11 
26 4 13 4 32 27 24 3 36 
10 29 31 12 21 5 8 26 2 
30 34 8 19 34 4 32 13 19 
31 30 28 8 30 12 9 3 9 
24 31 8 32 30 7 36 16 26 
22 35 3 20 4 17 27 32 31 
17 33 25 31 20 20 8 31 4 
33 19 29 21 2 10 35 3 6 
25 33 7 19 26 10 5 32 9 
18 34 27 24 30 32 33 21 6 
17 17 29 26 19 12 3 32 12 
23 26 10 35 34 14 33 25 9 
31 17 35 28 16 36 29 12 14 
22 27 23 13 3 16 20 29 29 
22 12 11 30 22 18 10 29 20 
25 21 6 4 33 33 20 14 15 
6 7 1 30 30 22 32 12 12 
3 4 24 27 12 35 29 24 24 
16 2 19 7 2 12 19 29 34 
29 24 14 16 23 23 32 18 6 
5 3 17 14 5 34 13 21 5 
24 11 2 11 24 9 11 11 27 
32 34 28 10 2 14 8 6 15 
31 35 14 7 24 36 26 21 24 
32 29 34 1 3 34 4 13 11 
34 27 12 2 23 19 25 12 16 
9 28 5 17 24 3 5 6 2 
24 8 24 27 9 36 1 14 13 
28 4 26 28 2 8 16 1 23 
4 3 22 35 4 23 25 11 36 
22 4 36 23 1 13 20 3 1 
20 7 14 6 30 23 8 6 7 
8 15 4 29 21 15 18 3 27 
24 24 10 23 9 32 34 27 31 
16 15 33 13 33 17 34 24 12 
31 36 20 23 33 36 22 28 15 
33 18 36 22 2 27 16 30 36 
36 17 19 22 20 18 16 13 29 
4 11 19 10 27 6 2 6 29 
4 10 30 14 36 18 25 26 16 
10 27 14 25 24 19 18 32 32 
23 4 8 33 17 34 1 29 25 
24 7 25 6 35 8 9 13 32 
5 22 17 12 13 25 3 29 23 
36 17 14 18 9 10 7 26 24 
1 12 9 11 7 24 31 2 18 
8 27 23 22 15 3 29 20 14 
29 36 14 13 27 30 23 18 2 
20 10 18 23 23 28 18 2 4 
29 29 11 13 13 10 12 9 14 
23 21 32 1 21 24 30 26 5 
9 26 14 5 10 32 30 17 26 
3 14 17 26 23 29 17 13 3 
2 3 10 22 16 22 12 28 20 
19 8 10 32 11 10 21 24 23 
7 4 27 31 24 21 10 35 23 
3 5 2 34 6 31 33 28 11 
19 24 17 28 9 23 31 35 23 
28 12 1 18 15 21 36 31 14 
11 18 30 8 9 25 6 11 24 
33 9 9 20 2 3 24 26 30 
8 20 11 22 4 3 12 25 4 
20 13 36 29 14 8 8 34 6 
5 27 33 22 20 23 17 10 8 
32 19 3 29 4 25 34 34 35 
6 15 7 5 1 36 32 13 21 
5 6 7 34 11 17 35 1 23 
8 28 16 31 23 15 12 27 13 
3 31 15 19 11 34 35 2 2 
16 20 19 24 12 29 30 10 28 
34 16 9 27 18 22 30 6 31 
2 8 36 2 8 3 2 10 4 
26 8 24 32 2 2 12 7 7 
4 30 34 25 20 6 16 3 28 
34 26 23 31 17 9 12 31 34 
31 1 9 6 22 29 31 9 22 
35 5 16 23 22 18 23 22 21 
22 33 10 29 21 27 28 26 9 
18 20 33 3 29 3 9 32 18 
16 7 13 19 20 4 24 15 26 
33 13 1 23 19 13 29 11 21 
11 2 6 11 13 26 4 32 17 
35 20 25 16 15 4 28 1 3 
19 32 6 20 17 4 18 6 6 
14 17 21 6 29 23 23 33 6 
28 19 6 33 31 16 31 17 13 
35 2 1 31 10 9 19 6 7 
27 29 30 24 26 21 26 33 14 
23 34 14 26 21 7 29 12 3 
13 6 34 25 15 29 8 26 14 
27 13 9 26 8 4 32 21 21 
28 33 13 26 18 23 13 21 18 
7 19 2 35 4 20 30 3 22 
32 27 20 34 16 18 10 4 11 
24 34 33 17 20 2 33 18 20 
18 6 2 23 4 7 9 33 27 
18 2 3 15 19 7 20 18 25 
24 5 29 21 35 11 12 2 15 
3 30 4 29 9 12 33 22 34 
9 6 36 24 11 14 16 3 10 
17 33 26 13 17 14 34 23 34 
18 13 22 34 10 36 7 1 22 
33 21 18 1 3 30 24 29 16 
4 25 30 17 11 24 36 21 27 
35 10 6 5 27 35 36 3 28 
26 31 36 5 34 20 13 29 19 
14 17 5 29 24 22 15 24 17 
4 13 35 20 30 12 28 36 7 
32 31 8 26 23 19 7 14 27 
30 28 36 15 17 4 20 34 12 
16 12 4 13 13 19 22 6 29 
32 15 4 11 19 7 35 33 13 
25 23 19 15 11 27 25 31 26 
5 8 15 36 7 2 8 35 21 
28 27 6 26 17 4 24 19 3 
31 28 34 24 33 13 2 21 35 
28 5 33 25 32 27 31 20 36 
12 28 23 5 22 5 33 35 4 
21 29 4 23 6 27 18 8 27 
12 26 8 2 7 2 10 16 33 
1 19 11 36 28 5 27 13 10 
12 12 19 5 27 21 21 36 13 
30 24 26 26 18 6 32 6 26 
28 12 35 5 4 26 18 1 9 
8 29 4 7 3 20 10 21 25 
26 4 8 35 20 20 2 19 25 
7 11 26 31 11 5 19 32 30 
5 14 2 1 11 9 36 24 30 
4 36 28 25 5 34 31 6 20 
16 9 29 13 11 17 1 35 31 
14 17 21 1 9 22 1 32 20 
31 4 4 30 9 24 25 35 29 
12 22 29 28 3 14 23 3 22 
7 11 12 8 25 15 7 6 16 
19 21 25 24 35 6 18 31 16 
23 32 2 31 24 4 24 28 33 
25 30 14 32 2 23 19 36 1 
32 13 31 24 26 22 24 1 24 
8 18 32 36 35 3 16 17 17 
25 10 8 12 34 35 4 23 33 
16 25 17 7 2 15 33 23 29 
24 19 19 2 22 8 24 2 33 
23 36 27 27 22 3 33 11 33 
23 12 8 25 24 25 5 20 18 
4 25 35 27 20 2 28 2 17 
21 6 30 29 5 15 29 14 35 
4 9 26 24 14 13 5 9 15 
26 24 12 19 2 11 10 33 15 
9 12 18 16 8 23 4 3 29 
28 21 6 9 9 24 3 7 14 
35 15 36 13 23 35 4 4 24 
20 22 21 28 4 3 16 20 34 
5 33 17 19 1 31 14 31 24 
23 31 12 19 8 4 1 13 7 
23 30 8 34 11 24 4 3 17 
7 10 1 26 25 25 9 14 23 
12 24 24 11 31 31 27 15 34 
28 4 34 7 29 26 18 24 7 
2 7 22 31 31 9 36 33 35 
5 14 1 3 16 35 31 24 19 
31 3 5 12 13 21 7 6 2 
24 21 1 30 22 16 26 20 17 
36 25 10 27 27 15 12 29 16 
18 25 10 30 5 27 22 1 30 
18 11 20 32 8 19 19 15 3 
30 9 3 3 28 3 32 8 33 
1 21 35 34 14 18 29 31 27 
8 1 31 33 22 34 19 34 35 
17 2 11 6 32 28 11 18 9 
18 22 12 18 35 18 26 18 33 
9 10 3 15 15 29 33 17 19 
35 2 10 11 22 33 25 31 19 
2 26 22 13 26 15 9 32 18 
15 13 20 32 3 8 24 24 27 
21 31 26 24 14 1 19 6 11 
4 17 31 32 28 11 28 14 6 
28 8 33 20 27 13 27 27 12 
1 20 14 14 27 4 36 30 7 
5 16 31 33 19 26 17 11 36 
22 9 23 12 26 21 17 19 12 
15 10 17 26 4 2 5 16 31 
34 25 17 11 32 29 12 4 18 
14 14 9 7 3 1 29 31 20 
8 3 6 31 26 12 15 36 30 
1 33 35 7 18 19 18 14 20 
21 24 36 11 10 3 10 9 33 
6 11 4 17 5 25 4 17 36 
15 35 26 6 17 30 29 10 26 
19 31 10 17 22 8 4 20 32 
13 5 11 35 25 32 21 17 4 
31 22 15 31 21 30 29 17 19 
32 8 27 20 3 28 19 30 20 
32 12 6 21 14 34 10 12 12 
22 33 23 29 6 27 18 9 12 
27 9 36 14 9 30 26 7 17 
25 31 18 25 12 27 24 31 27 
32 17 27 26 20 20 36 11 2 
31 23 34 7 35 25 19 10 8 
15 9 2 34 22 2 26 13 26 
31 5 10 5 26 33 11 12 31 
30 34 12 10 24 5 26 1 29 
24 1 8 19 10 33 12 27 25 
23 10 36 24 34 35 25 10 4 
18 34 29 2 32 28 24 33 21 
33 7 30 29 23 27 28 33 10 
8 14 36 9 9 15 19 4 26 
21 8 15 20 31 8 21 34 26 
21 2 3 7 8 25 31 34 36 
3 33 17 12 3 8 17 36 32 
15 24 35 30 34 25 6 5 31 
20 19 14 12 5 24 21 33 35 
10 18 15 26 11 13 1 30 16 
10 7 3 10 18 27 2 22 26 
7 1 25 12 22 12 7 18 15 
22 23 13 5 31 4 21 13 28 
22 25 34 34 2 26 35 27 24 
33 32 17 27 28 33 23 9 10 
26 22 28 14 21 30 32 34 33 
1 16 5 4 25 20 35 16 33 
15 8 17 28 23 22 16 6 33 
20 20 30 26 18 32 25 5 9 
9 8 13 1 35 9 6 3 9 
30 7 12 30 29 12 9 14 31 
14 8 23 10 30 7 16 29 6 
3 24 8 12 17 15 5 20 18 
7 13 9 34 28 10 12 23 1 
16 2 34 17 4 16 35 8 7 
22 20 36 17 6 18 8 22 9 
18 12 9 31 27 14 22 28 34 
8 28 19 5 24 10 7 14 8 
33 24 9 17 17 12 35 31 4 
13 19 22 4 19 35 21 28 5 
36 16 1 2 27 23 12 14 33 
7 20 14 16 32 11 22 6 15 
19 11 25 9 4 29 27 28 26 
29 32 29 25 15 14 14 6 8 
19 24 24 20 18 29 12 3 1 
14 11 24 10 6 15 10 16 3 
3 29 2 28 16 17 11 2 14 
34 19 35 3 33 36 12 11 19 
4 6 15 34 2 34 17 17 25 
4 34 2 26 28 35 22 11 25 
32 20 13 36 7 13 5 12 4 
4 35 23 4 35 14 5 24 16 
13 13 19 7 7 26 35 7 13 
27 28 25 7 27 34 20 32 18 
27 34 32 28 13 35 7 31 26 
7 6 17 23 20 5 21 33 16 
19 21 36 12 29 9 1 19 22 
36 8 19 6 16 6 10 36 28 
36 11 16 29 7 5 20 11 32 
1 3 14 27 13 1 19 23 9 
36 8 32 15 20 19 19 36 28 
12 23 3 3 34 15 17 32 2 
16 13 31 9 28 34 20 16 29 
17 27 4 31 7 6 27 13 32 
18 7 18 11 35 30 4 9 31 
1 28 12 24 3 25 26 8 29 
11 1 35 6 19 17 12 6 15 
34 16 27 26 1 19 17 26 22 
31 4 29 28 36 31 10 3 31 
20 28 33 10 8 31 34 7 8 
1 13 22 32 19 34 29 10 33 
16 29 30 32 4 30 7 8 35 
23 35 22 24 6 8 18 4 13 
26 31 30 32 17 25 4 23 25 
2 30 9 22 30 30 22 33 36 
8 7 22 8 17 26 15 27 1 
7 2 30 31 13 35 34 14 36 
12 11 27 4 8 17 29 21 15 
1 27 20 12 5 35 26 25 9 
25 35 31 24 8 36 21 21 31 
21 25 15 18 10 23 29 26 3 
3 12 35 19 33 4 27 28 31 
24 31 16 30 18 11 6 30 31 
8 20 15 16 12 30 14 18 36 
33 5 7 10 16 25 29 6 7 
12 8 36 31 4 12 31 15 29 
36 23 32 19 10 27 13 17 26 
3 27 8 11 33 36 14 20 16 
5 30 23 22 6 11 11 27 17 
35 14 16 23 30 28 22 33 10 
19 22 5 27 22 1 30 16 27 
29 19 27 6 26 15 4 5 28 
35 1 11 26 6 36 32 33 3 
15 8 23 24 10 32 33 19 25 
26 16 19 28 31 1 23 20 24 
16 32 31 12 30 2 10 20 25 
32 24 27 31 4 23 27 32 11 
19 1 34 5 7 22 22 6 24 
5 22 11 32 6 20 26 30 19 
15 34 34 10 23 9 19 19 33 
15 10 34 25 17 15 35 4 23 
23 23 11 4 26 23 8 9 10 
29 8 16 6 7 1 29 13 14 
2 29 33 27 11 21 4 18 20 
29 16 4 25 27 18 13 28 18 
35 26 33 2 23 11 23 21 3 
7 28 3 15 29 8 21 27 25 
36 19 8 9 36 26 15 11 28 
25 20 32 23 32 15 11 1 15 
7 30 33 11 22 35 33 9 21 
10 1 28 36 35 23 17 18 22 
12 9 13 10 3 3 23 11 33 
30 23 2 19 26 12 18 22 26 
7 23 28 32 18 7 28 26 1 
20 5 7 6 4 28 20 16 30 
2 1 10 29 11 26 33 3 27 
7 7 1 5 18 28 6 33 11 
24 14 28 22 27 23 12 22 11 
9 2 30 32 14 22 18 35 17 
25 13 29 12 20 33 29 29 12 
6 33 6 28 31 20 14 34 36 
20 30 3 17 26 22 35 27 14 
16 18 15 15 2 35 29 26 5 
24 12 24 32 1 27 14 34 9 
21 4 15 26 13 19 19 28 28 
11 4 8 9 26 26 17 29 23 
25 32 7 2 24 33 12 12 3 
23 9 18 36 2 35 1 12 7 
14 19 26 7 25 31 33 18 13 
8 3 6 9 9 6 4 7 9 
1 6 1 29 4 28 18 21 26 
19 7 19 22 6 22 33 23 33 
35 1 14 3 24 16 13 8 19 
9 20 31 7 6 16 3 1 1 
23 7 24 13 36 30 35 23 36 
4 19 34 1 36 29 13 9 10 
20 5 12 9 31 26 28 35 4 
34 1 15 18 22 16 36 28 31 
32 29 9 23 13 12 34 23 17 
4 31 16 4 30 34 35 19 5 
21 28 19 20 2 4 33 27 18 
31 35 3 10 14 30 22 2 33 
11 18 6 16 15 10 16 34 22 
20 28 22 32 18 25 28 33 2 
28 5 21 21 1 24 1 13 2 
27 3 8 31 11 35 24 2 26 
29 28 21 26 29 5 25 28 8 
4 29 2 4 11 27 3 30 18 
13 33 11 27 19 34 24 22 23 
16 25 5 19 30 15 16 30 15 
27 36 17 24 6 5 9 20 31 
29 17 3 15 4 25 13 19 27 
17 1 5 8 19 1 9 31 13 
36 19 11 25 27 29 27 29 31 
10 22 9 2 1 6 32 9 24 
13 1 17 1 2 35 25 32 14 
36 22 14 14 30 14 11 25 2 
25 18 16 20 6 20 22 11 25 
24 15 16 11 11 1 28 11 11 
20 33 11 35 21 9 11 21 31 
18 9 26 26 8 30 5 15 3 
