100
20 3 12 1 5 15 22 24 26 
25 27 11 23 14 4 16 9 2 
18 16 9 21 12 23 26 3 7 
6 25 3 16 13 1 18 11 21 
7 24 15 17 9 3 20 27 12 
16 10 26 6 1 19 12 22 3 
13 4 16 7 20 18 22 25 1 
10 6 18 24 15 27 4 2 12 
25 6 20 11 15 13 17 22 3 
15 13 4 27 11 21 8 18 6 
11 5 21 3 9 16 27 19 23 
18 23 16 25 9 6 2 11 20 
18 23 25 8 16 21 14 2 4 
18 2 8 25 16 13 20 4 22 
25 15 23 2 21 7 4 12 27 
20 16 22 25 8 5 27 3 14 
6 12 2 16 27 22 4 19 10 
27 16 20 8 3 1 24 22 5 
25 23 4 12 10 19 14 21 27 
12 3 26 15 1 21 5 23 9 
4 25 20 7 12 23 10 16 1 
10 20 7 15 17 12 1 26 22 
23 12 21 6 19 4 10 8 15 
10 27 4 8 2 16 23 13 18 
22 14 1 18 7 16 5 11 20 
24 27 12 20 7 22 1 5 10 
25 4 9 19 1 11 17 15 21 
12 23 17 5 10 3 1 26 15 
4 8 6 18 12 27 25 1 21 
11 16 22 18 8 4 25 1 6 
7 5 9 13 21 11 17 27 24 
1 16 4 27 14 12 6 19 25 
10 19 23 8 16 1 3 14 12 
15 5 10 1 25 19 12 22 7 
5 12 20 10 15 27 1 3 18 
16 7 12 9 14 24 19 5 2 
7 26 3 5 13 16 22 18 20 
22 9 11 20 18 24 16 1 27 
4 2 22 19 27 8 13 6 11 
16 9 22 25 12 3 19 7 27 
13 2 19 21 10 16 26 8 23 
21 1 16 23 7 9 27 19 11 
4 2 22 25 8 6 27 18 20 
19 7 25 21 1 15 9 11 17 
9 19 25 7 3 13 17 22 15 
17 13 1 27 21 5 11 15 19 
17 3 14 26 9 22 7 5 12 
20 22 9 5 27 17 7 24 12 
8 10 17 26 1 5 23 21 19 
1 4 12 14 16 20 26 7 23 
4 13 9 1 24 27 22 6 20 
25 10 18 5 21 23 13 7 2 
15 8 25 10 17 21 1 19 13 
5 3 26 22 1 15 13 20 7 
24 9 14 18 11 5 2 20 16 
14 16 22 26 6 20 9 11 3 
9 16 27 6 18 2 11 20 22 
4 1 27 11 25 6 8 16 20 
13 25 16 10 19 3 8 22 5 
3 8 19 1 6 22 26 12 16 
25 20 14 2 12 23 8 4 10 
10 19 26 21 4 12 6 15 1 
1 23 18 25 7 13 16 10 3 
3 17 7 15 5 9 11 21 24 
14 26 7 2 19 11 17 4 21 
23 9 17 5 25 1 21 13 3 
6 9 12 18 15 4 20 22 25 
18 14 5 23 16 1 25 3 10 
20 10 6 4 8 16 18 13 23 
18 9 27 22 24 3 20 5 16 
6 14 12 18 1 16 8 23 10 
3 15 6 11 24 13 27 22 9 
1 11 19 7 15 17 4 13 21 
25 7 18 12 20 22 27 5 1 
24 18 7 12 5 14 3 22 27 
20 23 4 8 25 18 11 13 15 
12 1 15 4 17 22 6 8 10 
26 14 17 5 8 19 10 21 12 
22 26 13 15 11 24 2 19 6 
9 16 14 23 20 7 1 5 25 
3 8 6 15 24 27 13 19 11 
24 13 27 11 18 16 6 9 22 
2 18 15 10 6 27 20 13 8 
12 22 5 7 27 1 3 14 17 
14 4 12 18 1 25 16 8 20 
23 18 7 16 12 9 4 1 25 
23 15 26 2 6 19 10 12 17 
23 5 14 16 3 19 10 7 25 
7 27 9 22 17 3 25 20 12 
11 27 24 9 21 14 17 7 4 
1 26 16 4 11 7 24 13 19 
24 27 19 1 4 17 7 22 15 
4 16 18 24 20 1 7 26 22 
6 26 22 18 1 24 11 14 4 
24 4 11 17 7 20 26 13 1 
16 6 23 9 4 20 18 12 2 
8 3 1 27 25 20 13 23 5 
11 7 19 23 15 1 21 3 27 
20 5 3 23 10 8 14 18 16 
20 5 7 13 18 22 3 1 24 
12 20 18 9 9 1 6 4 22 
22 16 4 22 22 2 24 11 14 
16 21 2 24 18 11 13 13 17 
13 5 16 12 19 19 1 9 13 
21 6 19 24 20 16 10 18 22 
24 4 20 17 2 3 20 13 23 
4 2 14 2 14 3 13 22 26 
11 12 14 23 18 3 12 10 21 
12 25 24 21 20 20 8 21 15 
14 3 8 8 20 14 14 22 3 
12 17 10 27 8 12 16 4 11 
21 13 5 8 20 8 21 19 11 
22 11 15 15 2 18 11 19 25 
15 11 15 27 10 6 22 5 15 
7 10 3 14 22 22 16 20 24 
7 17 18 15 22 9 12 17 27 
24 26 12 6 17 10 2 18 7 
21 1 7 13 14 12 9 25 23 
27 24 23 26 11 26 13 10 21 
23 17 12 18 6 14 14 13 6 
2 13 6 15 25 13 9 3 15 
18 7 11 23 8 23 23 1 1 
26 15 23 11 22 12 21 25 27 
14 21 22 23 10 13 7 3 17 
3 21 4 8 2 5 2 16 5 
16 10 14 1 16 26 7 24 22 
13 15 25 1 3 4 22 13 1 
25 21 13 19 20 6 4 9 12 
22 14 12 9 17 15 27 21 16 
15 18 24 25 12 21 26 19 13 
24 17 5 10 4 13 15 7 19 
24 24 12 24 12 10 10 13 8 
21 24 11 17 21 17 19 11 10 
10 4 21 8 11 26 25 27 22 
11 5 26 19 20 7 17 16 24 
1 27 17 13 23 23 1 2 21 
4 8 18 7 22 25 16 20 26 
27 13 21 3 21 21 17 3 5 
8 19 26 9 26 16 4 17 3 
5 23 2 20 4 18 1 3 15 
15 1 22 8 14 24 22 25 9 
19 11 25 12 22 21 10 3 6 
17 5 27 3 12 8 10 4 5 
2 17 27 19 22 17 22 18 8 
26 17 22 27 14 6 24 14 1 
12 4 2 4 24 12 19 6 21 
5 8 2 22 15 12 19 4 18 
24 20 23 20 24 4 18 11 8 
19 13 27 8 25 18 19 25 6 
11 12 6 10 24 1 17 8 22 
13 24 24 10 6 20 23 14 25 
4 23 10 16 15 20 27 17 1 
4 17 14 24 22 15 17 27 10 
13 4 8 19 15 16 23 24 23 
5 1 23 22 11 3 5 22 15 
3 21 8 20 17 5 23 18 1 
16 7 5 24 4 15 12 25 4 
27 19 20 18 16 4 12 5 16 
6 11 24 25 23 10 23 15 26 
5 21 7 18 13 20 21 16 8 
24 11 3 25 27 12 7 6 25 
16 18 16 20 19 25 8 10 4 
12 8 5 22 21 11 15 14 15 
19 12 15 26 17 21 13 9 11 
26 17 6 5 21 7 23 19 27 
1 27 15 3 9 4 20 1 4 
3 22 3 16 13 5 13 8 3 
21 6 14 20 5 4 10 16 3 
27 27 3 26 16 2 16 14 6 
14 27 11 17 1 4 16 2 8 
27 8 15 5 27 5 16 19 4 
8 23 16 2 15 6 22 25 7 
19 16 24 18 19 14 14 25 1 
11 4 3 19 9 21 14 18 8 
8 10 4 27 1 8 21 6 13 
13 11 13 1 10 12 24 1 22 
23 6 16 5 6 12 10 24 18 
8 13 12 13 22 5 18 25 11 
19 23 2 19 3 2 8 8 20 
15 13 1 25 14 9 2 3 9 
2 22 10 25 5 4 14 13 15 
5 14 26 26 2 14 14 2 15 
16 21 9 8 17 17 19 20 5 
1 14 19 2 22 22 14 21 8 
12 9 8 3 21 10 27 27 13 
20 5 4 19 15 3 23 20 5 
21 6 2 26 10 7 22 1 12 
15 27 24 23 6 18 14 11 6 
17 16 18 19 21 26 20 10 23 
15 1 4 24 7 10 25 5 15 
17 25 1 6 1 1 14 9 14 
19 16 8 26 11 5 19 27 11 
10 17 14 7 10 6 24 20 8 
12 11 20 23 15 21 5 27 26 
21 5 13 19 13 25 19 21 10 
19 17 12 27 27 2 24 24 6 
25 2 9 23 13 19 16 13 2 
16 17 13 6 12 18 25 11 26 
16 27 16 27 26 5 25 7 18 
15 26 3 23 23 12 5 24 25 
