1 0.02395 00000000000000111011000001000
1 0.0188 01000000000000100001100000000
1 0.0188 00001000000000100001100000000
1 0.0188 00001000000000100001100000000
1 0.0188 01000000000000100001100000000
1 0.0188 00001000000000100001100000000
1 0.0188 00001000000000100001100000000
1 0.0188 01000000000000100001100000000
1 0.0188 01000000000000100001100000000
1 0.0188 01000000000000100001100000000
1 0.0188 00001000000000100001100000000
1 0.0188 01000000000000100001100000000
1 0.0188 01000000000000100001100000000
1 0.0188 00001000000000100001100000000
1 0.0188 01000000000000100001100000000
1 0.0188 00001000000000100001100000000
1 0.02445 01001000000000000001100000000
1 0.0188 00001000000000100001100000000
1 0.0188 01000000000000100001100000000
1 0.0188 01000000000000100001100000000
1 0.0188 01000000000000100001100000000
1 0.0188 00001000000000100001100000000
1 0.0188 00001000000000100001100000000
1 0.0188 01000000000000100001100000000
1 0.0188 01000000000000100001100000000
1 0.0188 01000000000000100001100000000
1 0.0188 01000000000000100001100000000
1 0.0188 01000000000000100001100000000
1 0.0188 01000000000000100001100000000
1 0.0188 00001000000000100001100000000
1 0.02395 00000000000000111011000001000
1 0.0188 01000000000000100001100000000
1 0.0188 00001000000000100001100000000
1 0.0188 00001000000000100001100000000
1 0.0188 00001000000000100001100000000
1 0.0188 01000000000000100001100000000
1 0.0188 01000000000000100001100000000
1 0.0188 00001000000000100001100000000
1 0.02445 00000000000000100011100000000
1 0.0188 01000000000000100001100000000
1 0.0188 01000000000000100001100000000
1 0.0188 00001000000000100001100000000
1 0.0188 00001000000000100001100000000
1 0.0188 01000000000000100001100000000
1 0.02445 01001000000000000001100000000
1 0.0188 01000000000000100001100000000
1 0.0188 01000000000000100001100000000
1 0.0188 01000000000000100001100000000
1 0.0188 00001000000000100001100000000
1 0.0188 01000000000000100001100000000
1 0.0188 00001000000000100001100000000
1 0.0188 00001000000000100001100000000
1 0.0188 00001000000000100001100000000
1 0.0265 00001100000000000011100000000
1 0.0188 00001000000000100001100000000
1 0.0188 01000000000000100001100000000
1 0.0188 01000000000000100001100000000
1 0.0188 01000000000000100001100000000
1 0.0188 00001000000000100001100000000
1 0.0188 00001000000000100001100000000
1 0.0188 00001000000000100001100000000
1 0.0188 00001000000000100001100000000
1 0.0188 00001000000000100001100000000
1 0.0188 01000000000000100001100000000
1 0.02445 00000000000000100011100000000
1 0.0188 00001000000000100001100000000
1 0.0188 00001000000000100001100000000
1 0.0188 00001000000000100001100000000
1 0.0188 00001000000000100001100000000
1 0.02815 00000010000000110011000001000
1 0.0188 00001000000000100001100000000
1 0.0188 01000000000000100001100000000
1 0.0188 01000000000000100001100000000
1 0.0188 00001000000000100001100000000
1 0.0188 01000000000000100001100000000
1 0.0188 01000000000000100001100000000
1 0.0188 00001000000000100001100000000
1 0.0188 01000000000000100001100000000
1 0.0188 01000000000000100001100000000
1 0.0188 01000000000000100001100000000
1 0.0188 01000000000000100001100000000
1 0.0188 00001000000000100001100000000
1 0.0188 00001000000000100001100000000
1 0.0188 00001000000000100001100000000
1 0.0188 00001000000000100001100000000
1 0.0188 01000000000000100001100000000
1 0.0188 01000000000000100001100000000
1 0.02445 00000000000000100001100000000
1 0.0188 00001000000000100001100000000
1 0.0188 00001000000000100001100000000
1 0.0188 01000000000000100001100000000
1 0.0188 01000000000000100001100000000
1 0.0188 01000000000000100001100000000
1 0.0188 00001000000000100001100000000
1 0.0188 00001000000000100001100000000
1 0.0188 00001000000000100001100000000
1 0.0188 01000000000000100001100000000
1 0.0188 01000000000000100001100000000
1 0.0188 00001000000000100001100000000
1 0.0188 01000000000000100001100000000
