1 0.0188 00001000000000100001100000000
1 0.0188 01000000000000100001100000000
1 0.0188 00001000000000100001100000000
1 0.0188 00001000000000100001100000000
1 0.0188 00001000000000100001100000000
1 0.0188 01000000000000100001100000000
1 0.0188 01000000000000100001100000000
1 0.0188 01000000000000100001100000000
1 0.0188 01000000000000100001100000000
1 0.0188 00001000000000100001100000000
1 0.0188 00001000000000100001100000000
1 0.0188 00001000000000100001100000000
1 0.0188 01000000000000100001100000000
1 0.0188 01000000000000100001100000000
1 0.0188 01000000000000100001100000000
1 0.0188 00001000000000100001100000000
1 0.0188 01000000000000100001100000000
1 0.0188 01000000000000100001100000000
1 0.0188 00001000000000100001100000000
1 0.0188 01000000000000100001100000000
1 0.02395 00000000000000111011000001000
1 0.0188 01000000000000100001100000000
1 0.0188 01000000000000100001100000000
1 0.0188 01000000000000100001100000000
1 0.0188 00001000000000100001100000000
1 0.0188 01000000000000100001100000000
1 0.0188 00001000000000100001100000000
1 0.0188 00001000000000100001100000000
1 0.0188 00001000000000100001100000000
1 0.0188 01000000000000100001100000000
1 0.0188 00001000000000100001100000000
1 0.0188 00001000000000100001100000000
1 0.02445 00000000000000100001100000000
1 0.0188 01000000000000100001100000000
1 0.0188 01000000000000100001100000000
1 0.0188 01000000000000100001100000000
1 0.0188 00001000000000100001100000000
1 0.0188 01000000000000100001100000000
1 0.0188 01000000000000100001100000000
1 0.0188 00001000000000100001100000000
1 0.0188 01000000000000100001100000000
1 0.0188 00001000000000100001100000000
1 0.0188 00001000000000100001100000000
1 0.0188 01000000000000100001100000000
1 0.0188 01000000000000100001100000000
1 0.0188 00001000000000100001100000000
1 0.0188 00001000000000100001100000000
1 0.0188 01000000000000100001100000000
1 0.0188 01000000000000100001100000000
1 0.0188 00001000000000100001100000000
1 0.0188 00001000000000100001100000000
1 0.0188 00001000000000100001100000000
1 0.0188 00001000000000100001100000000
1 0.0188 01000000000000100001100000000
1 0.0188 00001000000000100001100000000
1 0.02395 00000000000000111011000001000
1 0.0188 00001000000000100001100000000
1 0.0188 00001000000000100001100000000
1 0.0188 00001000000000100001100000000
1 0.0188 01000000000000100001100000000
1 0.0188 01000000000000100001100000000
1 0.0188 00001000000000100001100000000
1 0.0188 01000000000000100001100000000
1 0.0188 00001000000000100001100000000
1 0.0188 00001000000000100001100000000
1 0.0188 00001000000000100001100000000
1 0.0188 01000000000000100001100000000
1 0.0188 00001000000000100001100000000
1 0.0188 01000000000000100001100000000
1 0.0188 00001000000000100001100000000
1 0.0188 00001000000000100001100000000
1 0.0188 00001000000000100001100000000
1 0.0188 01000000000000100001100000000
1 0.0188 00001000000000100001100000000
1 0.0188 01000000000000100001100000000
1 0.0188 00001000000000100001100000000
1 0.0188 01000000000000100001100000000
1 0.0188 00001000000000100001100000000
1 0.0188 00001000000000100001100000000
1 0.0188 01000000000000100001100000000
1 0.0188 01000000000000100001100000000
1 0.0188 01000000000000100001100000000
1 0.0188 00001000000000100001100000000
1 0.0188 00001000000000100001100000000
1 0.0188 01000000000000100001100000000
1 0.0188 00001000000000100001100000000
1 0.0188 01000000000000100001100000000
1 0.0188 01000000000000100001100000000
1 0.0188 01000000000000100001100000000
1 0.0188 00001000000000100001100000000
1 0.0188 00001000000000100001100000000
1 0.0188 00001000000000100001100000000
1 0.0188 00001000000000100001100000000
1 0.0188 00001000000000100001100000000
1 0.0188 01000000000000100001100000000
1 0.0188 00001000000000100001100000000
1 0.0188 00001000000000100001100000000
1 0.0188 00001000000000100001100000000
1 0.0188 01000000000000100001100000000
1 0.0188 01000000000000100001100000000
