1 0.024 00000000010100000001100000000
1 0.0217 00001000010100000001000000001
1 0.0342 00000000000100001011100000000
1 0.024 00000000010100000001100000000
1 0.024 00000000010100000001100000000
1 0.024 00000000010100000001100000000
1 0.02525 10000000100100000011000001000
1 0.01905 00000000010100000001000100000
1 0.01565 10000000000100010011000001000
1 0.0259 10000000000100000011000000001
1 0.01905 00000000010100000001000100000
1 0.01965 00000001010100000001000000001
1 0.024 00000000010100000001100000000
1 0.01905 00000000010100000001000100000
1 0.02265 00000000010100000111000001000
1 0.01905 00000000010100000001000100000
1 0.0217 01000000010100000001000000001
1 0.02465 00000001000100000001100000000
1 0.01965 00000001010100000001000000001
1 0.024 00000000010100000001100000000
1 0.01905 00000000010100000001000100000
1 0.024 00000000010100000001100000000
1 0.0217 01000000010100000001000000001
1 0.01905 00000000010100000001000100000
1 0.0217 00001000010100000001000000001
1 0.01905 00000000010100000001000100000
1 0.0217 00001000010100000001000000001
1 0.024 00000000010100000001100000000
1 0.024 00000000010100000001100000000
1 0.01565 10000000000100010011000001000
1 0.024 00000000010100000001100000000
1 0.0217 01000000010100000001000000001
1 0.024 00000000010100000001100000000
1 0.024 00000000010100000001100000000
1 0.02365 00000000000110000001000000001
1 0.01905 00000000010100000001000100000
1 0.01965 00000001010100000001000000001
1 0.02465 00000001000100000001100000000
1 0.02355 00000000000101000001000000001
1 0.01965 00000001010100000001000000001
1 0.01965 00000001010100000001000000001
1 0.024 00000000010100000001100000000
1 0.02615 00000000110100000011000001000
1 0.01905 00000000010100000001000100000
1 0.024 00000000010100000001100000000
1 0.01905 00000000010100000001000100000
1 0.01565 10000000000100010011000001000
1 0.02355 00000000000101000001000000001
1 0.01965 00000001010100000001000000001
1 0.03735 00000001010000000001100000000
1 0.01965 00000001010100000001000000001
1 0.01905 00000000010100000001000100000
1 0.01905 00000000010100000001000100000
1 0.03325 10000000000100000011000100000
1 0.024 00000000010100000001100000000
1 0.0217 00001000010100000001000000001
1 0.01905 00000000010100000001000100000
1 0.01905 00000000010100000001000100000
1 0.024 00000000010100000001100000000
1 0.0217 01000000010100000001000000001
1 0.01565 10000000000100010011000001000
1 0.0259 10000000000100000011000000001
1 0.0217 01000000010100000001000000001
1 0.01905 00000000010100000001000100000
1 0.0217 01000000010100000001000000001
1 0.01965 00000001010100000001000000001
1 0.0326 00001000010100000001000000100
1 0.02355 00000000000101000001000000001
1 0.01905 00000000010100000001000100000
1 0.024 00000000010100000001100000000
1 0.01905 00000000010100000001000100000
1 0.01965 00000001010100000001000000001
1 0.024 00000000010100000001100000000
1 0.03445 00000000000100000011100000000
1 0.02355 00000000000101000001000000001
1 0.01905 00000000010100000001000100000
1 0.024 00000000010100000001100000000
1 0.01905 00000000010100000001000100000
1 0.02615 00000000110100000011000001000
1 0.01905 00000000010100000001000100000
1 0.02525 10000000100100000011000001000
1 0.0217 01000000010100000001000000001
1 0.024 00000000010100000001100000000
1 0.01965 00000001010100000001000000001
1 0.024 00000000010100000001100000000
1 0.01905 00000000010100000001000100000
1 0.01905 00000000010100000001000100000
1 0.01905 00000000010100000001000100000
1 0.0217 01000000010100000001000000001
1 0.01565 10000000000100010011000001000
1 0.03625 01000000010100000001010000000
1 0.02465 00000001000100000001100000000
1 0.01565 10000000000100010011000001000
1 0.01905 00000000010100000001000100000
1 0.024 00000000010100000001100000000
1 0.0217 00001000010100000001000000001
1 0.0217 01000000010100000001000000001
1 0.024 00000000010100000001100000000
1 0.0217 00001000010100000001000000001
1 0.01965 00000001010100000001000000001
