1 0.0217 00001000010100000001000000001
1 0.01565 10000000000100010011000001000
1 0.01905 00000000010100000001000100000
1 0.0217 00001000010100000001000000001
1 0.024 00000000010100000001100000000
1 0.02355 00000000000101000001000000001
1 0.01565 10000000000100010011000001000
1 0.01905 00000000010100000001000100000
1 0.01905 00000000010100000001000100000
1 0.01965 00000001010100000001000000001
1 0.0217 00001000010100000001000000001
1 0.01565 10000000000100010011000001000
1 0.01965 00000001010100000001000000001
1 0.01905 00000000010100000001000100000
1 0.01905 00000000010100000001000100000
1 0.01905 00000000010100000001000100000
1 0.0217 00001000010100000001000000001
1 0.01905 00000000010100000001000100000
1 0.01905 00000000010100000001000100000
1 0.01905 00000000010100000001000100000
1 0.01905 00000000010100000001000100000
1 0.01905 00000000010100000001000100000
1 0.024 00000000010100000001100000000
1 0.01905 00000000010100000001000100000
1 0.01905 00000000010100000001000100000
1 0.01905 00000000010100000001000100000
1 0.01905 00000000010100000001000100000
1 0.01905 00000000010100000001000100000
1 0.01905 00000000010100000001000100000
1 0.0217 01000000010100000001000000001
1 0.01965 00000001010100000001000000001
1 0.01565 10000000000100010011000001000
1 0.01905 00000000010100000001000100000
1 0.024 00000000010100000001100000000
1 0.01925 10000000000100010011000010000
1 0.01905 00000000010100000001000100000
1 0.01565 10000000000100010011000001000
1 0.01965 00000001010100000001000000001
1 0.024 00000000010100000001100000000
1 0.01905 00000000010100000001000100000
1 0.0217 01000000010100000001000000001
1 0.01905 00000000010100000001000100000
1 0.024 00000000010100000001100000000
1 0.01965 00000001010100000001000000001
1 0.01565 10000000000100010011000001000
1 0.01965 00000001010100000001000000001
1 0.01905 00000000010100000001000100000
1 0.01965 00000001010100000001000000001
1 0.01905 00000000010100000001000100000
1 0.01905 00000000010100000001000100000
1 0.01905 00000000010100000001000100000
1 0.01905 00000000010100000001000100000
1 0.01965 00000001010100000001000000001
1 0.0217 01000000010100000001000000001
1 0.01905 00000000010100000001000100000
1 0.01905 00000000010100000001000100000
1 0.01905 00000000010100000001000100000
1 0.01965 00000001010100000001000000001
1 0.02355 00000000000101000001000000001
1 0.01565 10000000000100010011000001000
1 0.01905 00000000010100000001000100000
1 0.01905 00000000010100000001000100000
1 0.01905 00000000010100000001000100000
1 0.01565 10000000000100010011000001000
1 0.01905 00000000010100000001000100000
1 0.01965 00000001010100000001000000001
1 0.01965 00000001010100000001000000001
1 0.01565 10000000000100010011000001000
1 0.02265 00000000010100000111000001000
1 0.01965 00000001010100000001000000001
1 0.01905 00000000010100000001000100000
1 0.01905 00000000010100000001000100000
1 0.01905 00000000010100000001000100000
1 0.01905 00000000010100000001000100000
1 0.01565 10000000000100010011000001000
1 0.0217 01000000010100000001000000001
1 0.01905 00000000010100000001000100000
1 0.01965 00000001010100000001000000001
1 0.01905 00000000010100000001000100000
1 0.01905 00000000010100000001000100000
1 0.01905 00000000010100000001000100000
1 0.01905 00000000010100000001000100000
1 0.02365 00000000000110000001000000001
1 0.01905 00000000010100000001000100000
1 0.01905 00000000010100000001000100000
1 0.01905 00000000010100000001000100000
1 0.01905 00000000010100000001000100000
1 0.0217 00001000010100000001000000001
1 0.0217 01000000010100000001000000001
1 0.01905 00000000010100000001000100000
1 0.01925 10000000000100010011000010000
1 0.02465 00000001000100000001100000000
1 0.01905 00000000010100000001000100000
1 0.01565 10000000000100010011000001000
1 0.024 00000000010100000001100000000
1 0.0217 00001000010100000001000000001
1 0.0217 01000000010100000001000000001
1 0.02365 00000000000110000001000000001
1 0.01905 00000000010100000001000100000
1 0.01565 10000000000100010011000001000
