1 0.0078125 00001000100000000001000000001
1 0.0078125 00001000100000000001000000001
1 0.0078125 01000000100000000001000000001
1 0.0078125 00001000100000000001000000001
1 0.0078125 01000000100000000001000000001
1 0.0078125 00001000100000000001000000001
1 0.0078125 00001000100000000001000000001
1 0.0078125 01000000100000000001000000100
1 0.015625 00000000100000000110100000000
1 0.0078125 01000000100000000001000000001
1 0.0078125 01000000100000000001000000001
1 0.0078125 01000000100000000001000000001
1 0.0078125 00001000100000000001000000001
1 0.015625 00000000100000000110100000000
1 0.0078125 00001000100000000001000000001
1 0.0078125 00001000100000000001000000100
1 0.0195312 00000000100000000011000000001
1 0.0078125 01000000100000000001000000001
1 0.0078125 01000000100000000001000000001
1 0.0078125 00001000100000000001000000001
1 0.015625 00000000100000000110100000000
1 0.0078125 01000000100000000001000000001
1 0.015625 00000000100000000110100000000
1 0.0078125 00001000100000000001000000001
1 0.0078125 00001000100000000001000000001
1 0.0078125 01000000100000000001000000001
1 0.015625 00000000100000000110100000000
1 0.0078125 01000000100000000001000000001
1 0.0195312 00000000100000000011000000001
1 0.015625 00000000100000000110100000000
1 0.0078125 01000000100000000001000000001
1 0.0078125 01000000100000000001000000001
1 0.0078125 00001000100000000001000000100
1 0.015625 00000000100000000110100000000
1 0.0078125 00001000100000000001000000001
1 0.0078125 00001000100000000001000000001
1 0.0078125 01000000100000000001000000001
1 0.0078125 01000000100000000001000000001
1 0.0078125 00001000100000000001000000001
1 0.015625 00000000100000000110100000000
1 0.0078125 01000000100000000001000000001
1 0.0078125 00001000100000000001000000001
1 0.0078125 01000000100000000001000000100
1 0.0078125 00001000100000000001000000001
1 0.0078125 01000000100000000001000000001
1 0.015625 00000000100000000110100000000
1 0.015625 00000000100000000110100000000
1 0.0078125 00001000100000000001000000100
1 0.0078125 01000000100000000001000000001
1 0.0078125 00001000100000000001000000001
1 0.0078125 00001000100000000001000000001
1 0.0078125 00001000100000000001000000001
1 0.0078125 00001000100000000001000000001
1 0.0078125 01000000100000000001000000001
1 0.015625 00000000100000000110100000000
1 0.0078125 00001000100000000001000000100
1 0.0078125 01000000100000000001000000001
1 0.015625 00000000100000000110100000000
1 0.0078125 00001000100000000001000000001
1 0.015625 00000000100000000110100000000
1 0.0078125 01000000100000000001000000001
1 0.0078125 00001000100000000001000000001
1 0.0078125 00001000100000000001000000001
1 0.0078125 00001000100000000001000000001
1 0.0078125 01000000100000000001000000001
1 0.0078125 00001000100000000001000000001
1 0.0078125 00001000100000000001000000001
1 0.0078125 00001000100000000001000000001
1 0.0078125 01000000100000000001000000001
1 0.015625 00000000100000000110100000000
1 0.015625 00000000100000000110100000000
1 0.0078125 00001000100000000001000000001
1 0.0078125 01000000100000000001000000001
1 0.015625 00000000100000000110100000000
1 0.0078125 00001000100000000001000000100
1 0.0078125 00001000100000000001000000001
1 0.0078125 01000000100000000001000000001
1 0.0078125 01000000100000000001000000001
1 0.0078125 01000000100000000001000000001
1 0.0078125 00001000100000000001000000001
1 0.0078125 01000000100000000001000000001
1 0.0078125 00001000100000000001000000001
1 0.0078125 01000000100000000001000000001
1 0.015625 00000000100000000110100000000
1 0.0078125 01000000100000000001000000001
1 0.015625 00000000100000000110100000000
1 0.015625 00000000100000000110100000000
1 0.0078125 00001000100000000001000000001
1 0.015625 00000000100000000110100000000
1 0.0078125 01000000100000000001000000001
1 0.0078125 00001000100000000001000000001
1 0.0078125 00001000100000000001000000100
1 0.0078125 01000000100000000001000000001
1 0.0078125 00001000100000000001000000001
1 0.015625 00000000100000000110100000000
1 0.0078125 00001000100000000001000000001
1 0.0078125 01000000100000000001000000100
1 0.0078125 01000000100000000001000000001
1 0.0078125 00001000100000000001000000100
1 0.0078125 01000000100000000001000000100
