1 0 10000000000000000001000100000
1 0 10000000000000000001000100000
1 0 10000000000000000001000100000
1 0 10000000000000000011000100000
1 0 10000000000000000001000100000
1 0 10000000010000000001000100000
1 0 10000000000000000001000100000
1 0 10000000000000000001000100000
1 0 10000000000000000001000100000
1 0 10000000000000000001000100000
1 0.0449219 10000000000000000001010000000
1 0 10000000000000000001000100000
1 0 10000000000000000001000100000
1 0 10000000000000000011000100000
1 0 10000000000000000001000100000
1 0 10000000000000000001000100000
1 0 10000000000000000001000100000
1 0 10000000000000000001000100000
1 0 10000000000000000001000100000
1 0 10000000000000000001000100000
1 0 10000000000000000001000100000
1 0 10000000000000000001000100000
1 0 10000000000000000001000100000
1 0 10000000000000000001000100000
1 0.0449219 10000000000000000001010000000
1 0 10000000000000000011000100000
1 0 10000000000000000001000100000
1 0 10000000000000000011000100000
1 0 10000000000000000011000100000
1 0 10000000000000000001000100000
1 0 10000000000000000011000100000
1 0 10000000000000000011000100000
1 0 10000000000000000001000100000
1 0 10000000000000000011000100000
1 0 10000000000000000001000100000
1 0 10000000000000000001000100000
1 0.0449219 10000000000000000001010000000
1 0.0449219 10000000000000000001010000000
1 0 10000000000000000001000100000
1 0 10000000000000000001000100000
1 0 10000000000000000001000100000
1 0 10000000000000000001000100000
1 0 10000000000000000001000100000
1 0.0820312 10000000000000111001000010000
1 0 10000000000000000001000100000
1 0 10000000000000000001000100000
1 0 10000000000000000011000100000
1 0 10000000000000000011000100000
1 0 10000000000000000001000100000
1 0 10000000000000000001000100000
1 0 10000000000000000001000100000
1 0 10000000000000000001000100000
1 0.0820312 10000000000000010101000010000
1 0 10000000000000000001000100000
1 0 10000000000000000011000100000
1 0 10000000000000000001000100000
1 0 10000000000000000011000100000
1 0 10000000000000000001000100000
1 0 10000000000000000001000100000
1 0 10000000000000000001000100000
1 0 10000000000000000001000100000
1 0 10000000000000000001000100000
1 0 10000000000000000001000100000
1 0 10000000000000000011000100000
1 0.0449219 10000000000000000001010000000
1 0 10000000000000000011000100000
1 0.0820312 10000000100000000001000010000
1 0 10000000000000000001000100000
1 0 10000000000000000001000100000
1 0 10000000000000000001000100000
1 0 10000000000000000011000100000
1 0 10000000000000000011000100000
1 0 10000000000000000011000100000
1 0 10000000000000000001000100000
1 0 10000000000000000001000100000
1 0 10000000000000000011000100000
1 0 10000000000000000001000100000
1 0 10000000000000000001000100000
1 0 10000000000000000011000100000
1 0.0449219 10000000000000000001010000000
1 0 10000000000000000001000100000
1 0 10000000000000000001000100000
1 0 10000000000000000001000100000
1 0 10000000000000000011000100000
1 0.0605469 10000000100000010111000010000
1 0 10000000000000000001000100000
1 0 10000000000000000001000100000
1 0.0820312 10000000000000010101000010000
1 0 10000000000000000011000100000
1 0 10000000000000000001000100000
1 0 10000000000000000001000100000
1 0 10000000000000000001000100000
1 0.0449219 10000000000000000001010000000
1 0.0449219 10000000000000000001010000000
1 0 10000000000000000001000100000
1 0.0449219 10000000000000000001010000000
1 0 10000000000000000011000100000
1 0 10000000000000000001000100000
1 0.0605469 10000000100000010111000010000
1 0 10000000000000000001000100000
