1 0.0096 00000000000010000001100000000
1 0.0096 00000000000010000011100000000
1 0.0096 00000000000010000011100000000
1 0.0096 00000000000010000001100000000
1 0.0096 00000000000010000011100000000
1 0.0096 00000000000010000011100000000
1 0.0096 00000000000010000001100000000
1 0.0096 00000000000010000011100000000
1 0.0096 00000000000010000001100000000
1 0.0096 00000000000010000011100000000
1 0.0096 00000000000010000001100000000
1 0.0096 00000000000010000011100000000
1 0.0256 10000000000010000011000001000
1 0.0096 00000000000010000011100000000
1 0.0096 00000000000010000011100000000
1 0.0448 00100010000011000001000001000
1 0.0096 00000000000010000011100000000
1 0.0096 00000000000010000011100000000
1 0.0096 00000000000010000001100000000
1 0.0096 00000000000010000001100000000
1 0.0192 00100000000010000010100000000
1 0.0448 00100010000011000001000001000
1 0.0096 00000000000010000011100000000
1 0.0096 00000000000010000011100000000
1 0.0096 00000000000010000011100000000
1 0.0096 00000000000010000011100000000
1 0.0096 00000000000010000011100000000
1 0.0096 00000000000010000011100000000
1 0.0096 00000000000010000011100000000
1 0.0096 00000000000010000011100000000
1 0.0448 00100010000011000001000001000
1 0.0448 00100010000011000001000001000
1 0.0096 00000000000010000001100000000
1 0.0096 00000000000010000011100000000
1 0.0096 00000000000010000001100000000
1 0.0096 00000000000010000001100000000
1 0.0192 00000000000010000000100000000
1 0.0096 00000000000010000011100000000
1 0.0096 00000000000010000001100000000
1 0.0096 00000000000010000011100000000
1 0.0096 00000000000010000001100000000
1 0.0096 00000000000010000011100000000
1 0.0096 00000000000010000001100000000
1 0.0096 00000000000010000001100000000
1 0.0096 00000000000010000001100000000
1 0.0096 00000000000010000011100000000
1 0.0096 00000000000010000011100000000
1 0.0096 00000000000010000011100000000
1 0.0096 00000000000010000001100000000
1 0.0096 00000000000010000011100000000
1 0.0256 10000000000010000011000001000
1 0.0096 00000000000010000011100000000
1 0.0096 00000000000010000001100000000
1 0.0096 00000000000010000011100000000
1 0.0192 10000000000010000010100000000
1 0.0096 00000000000010000011100000000
1 0.0096 00000000000010000011100000000
1 0.0192 00000000000010000000100000000
1 0.0096 00000000000010000001100000000
1 0.0096 00000000000010000001100000000
1 0.0096 00000000000010000011100000000
1 0.0192 00000000000010001010100000000
1 0.0096 00000000000010000011100000000
1 0.0096 00000000000010000011100000000
1 0.0096 00000000000010000011100000000
1 0.0096 00000000000010000011100000000
1 0.0256 10000000000010000011000001000
1 0.0464 01100000000010000001000000001
1 0.0096 00000000000010000001100000000
1 0.0096 00000000000010000011100000000
1 0.0256 10000000000010000011000001000
1 0.0096 00000000000010000001100000000
1 0.0096 00000000000010000011100000000
1 0.0096 00000000000010000011100000000
1 0.0448 00100010000011000001000001000
1 0.0096 00000000000010000001100000000
1 0.0448 00100010000011000001000001000
1 0.0096 00000000000010000011100000000
1 0.0096 00000000000010000001100000000
1 0.0096 00000000000010000001100000000
1 0.0096 00000000000010000011100000000
1 0.0096 00000000000010000011100000000
1 0.0096 00000000000010000001100000000
1 0.0096 00000000000010000011100000000
1 0.0096 00000000000010000011100000000
1 0.0416 10100000000000000011000001000
1 0.0096 00000000000010000001100000000
1 0.0096 00000000000010000011100000000
1 0.0096 00000000000010000001100000000
1 0.0256 10000000000010000011000001000
1 0.0096 00000000000010000011100000000
1 0.0096 00000000000010000001100000000
1 0.0096 00000000000010000011100000000
1 0.0096 00000000000010000011100000000
1 0.0096 00000000000010000001100000000
1 0.0256 10000000000010000011000001000
1 0.0096 00000000000010000011100000000
1 0.0192 00100000000010001010100000000
1 0.0096 00000000000010000001100000000
1 0.0096 00000000000010000011100000000
