1 0.0449219 10000000000000000001000100000
1 0 10000000000000000001010000000
1 0.00390625 10000000000000000001000010000
1 0 10000000000000000001010000000
1 0 10000000000000000011010000000
1 0 10000000000000000011010000000
1 0 10000000000000000001010000000
1 0 10000000000000000001010000000
1 0 10000000000000000001010000000
1 0 10000000000000000001010000000
1 0 10000000000000000001010000000
1 0 10000000000000000001010000000
1 0 10000000000000000011010000000
1 0.00390625 10000000000000000011000010000
1 0 10000000000000000001010000000
1 0 10000000000000000001010000000
1 0 10000000000000000001010000000
1 0 10000000000000000001010000000
1 0.00390625 10000000000000000001000010000
1 0 10000000000000000001010000000
1 0 10000000000000000001010000000
1 0.00390625 10000000000000000001000010000
1 0 10000000000000000001010000000
1 0 10000000000000000011010000000
1 0 10000000000000000001010000000
1 0 10000000000000000001010000000
1 0 10000000000000000001010000000
1 0 10000000000000000001010000000
1 0 10000000000000000001010000000
1 0 10000000000000000001010000000
1 0 10000000000000000001010000000
1 0 10000000000000000011010000000
1 0.00390625 10000000000000000001000010000
1 0 10000000000000000001010000000
1 0.0449219 10000000000000000001000100000
1 0 10000000000000000001010000000
1 0 10000000000000000001010000000
1 0.00390625 10000000000000000001000010000
1 0 10000000000000000001010000000
1 0.00390625 10000000000000000001000010000
1 0.00390625 10000000000000000001000010000
1 0 10000000000000000001010000000
1 0.00390625 10000000000000000001000010000
1 0.00390625 10000000000000000001000010000
1 0 10000000000000000001010000000
1 0 10000000000000000011010000000
1 0 10000000000000000001010000000
1 0 10000000000000000001010000000
1 0 10000000000000000011010000000
1 0.0449219 10000000000000000001000100000
1 0.0585938 00000000000100000000000001000
1 0.0449219 10000000000000000001000100000
1 0 10000000000000000001010000000
1 0 10000000000000000001010000000
1 0 10000000000000000001010000000
1 0 10000000000000000001010000000
1 0.0449219 10000000000000000001000100000
1 0.0449219 10000000000000000001000100000
1 0 10000000000000000001010000000
1 0 10000000000000000001010000000
1 0 10000000000000000001010000000
1 0 10000000000000000001010000000
1 0 10000000000000000001010000000
1 0 10000000000000000001010000000
1 0 10000000000000000011010000000
1 0 10000000000000000011010000000
1 0 10000000000000000001010000000
1 0 10000000000000000001010000000
1 0 10000000000000000001010000000
1 0 10000000000000000001010000000
1 0 10000000000000000001010000000
1 0.0449219 10000000000000000011000100000
1 0.00390625 10000000000000000001000010000
1 0 10000000000000000011010000000
1 0 10000000000000000001010000000
1 0 10000000000000000001010000000
1 0 10000000000000000001010000000
1 0 10000000000000000001010000000
1 0 10000000000000000011010000000
1 0 10000000000000000001010000000
1 0.00390625 10000000000000000001000010000
1 0 10000000000000000001010000000
1 0.0449219 10000000000000000001000100000
1 0 10000000000000000001010000000
1 0 10000000000000000001010000000
1 0 10000000000000000001010000000
1 0 10000000000000000001010000000
1 0 10000000000000000001010000000
1 0 10000000000000000001010000000
1 0.00390625 10000000000000000001000010000
1 0.0449219 10000000000000000001000100000
1 0 10000000000000000011010000000
1 0 10000000000000000001010000000
1 0 10000000000000000001010000000
1 0.0449219 10000000000000000001000100000
1 0.00390625 10000000000000000001000010000
1 0 10000000000000000001010000000
1 0 10000000000000000001010000000
1 0.00390625 10000000000000000001000010000
1 0 10000000000000000001010000000
