1 0 10000000000000000001001000000
1 0 10000000000000000011001000000
1 0 10000000000000000001001000000
1 0.0292969 10000000100000000111001000000
1 0 10000000000000000011001000000
1 0 10000000000000000001001000000
1 0 10000000000000000001001000000
1 0 10000000000000000001001000000
1 0 10000000000000000001001000000
1 0 10000000000000000011001000000
1 0.0449219 00001100100100000011000100000
1 0 10000000000000000001001000000
1 0 10000000000000000001001000000
1 0 10000000000000000001001000000
1 0 10000000000000000001001000000
1 0.0195312 10000000000010000001001000000
1 0 10000000000000000001001000000
1 0 10000000000000000001001000000
1 0 10000000000000000001001000000
1 0 10000000000000000011001000000
1 0 10000000000000000001001000000
1 0 10000000000000000001001000000
1 0 10000000000000000001001000000
1 0 10000000000000000001001000000
1 0 10000000000000000011001000000
1 0 10000000000000000001001000000
1 0 10000000000000000001001000000
1 0 10000000000000000001001000000
1 0 10000000000000000001001000000
1 0 10000000000000000001001000000
1 0.0449219 01000000000000000000000100000
1 0 10000000000000000001001000000
1 0 10000000000000000011001000000
1 0 10000000000000000011001000000
1 0 10000000000000000001001000000
1 0 10000000000000000001001000000
1 0 10000000000000000001001000000
1 0 10000000000000000001001000000
1 0 10000000000000000001001000000
1 0.0449219 10100000000000010101001000000
1 0 10000000000000000001001000000
1 0.0449219 01001000100100000011000100000
1 0 10000000000000000001001000000
1 0 10000000000000000001001000000
1 0 10000000000000000001001000000
1 0 10000000000000000001001000000
1 0 10000000000000000001001000000
1 0 10000000000000000001001000000
1 0.0449219 00000000010000000011000001000
1 0 10000000000000000011001000000
1 0 10000000000000000001001000000
1 0.0449219 00001000000000000000000100000
1 0 10000000000000000001001000000
1 0.0449219 00000000001000000011000001000
1 0 10000000000000000001001000000
1 0 10000000000000000001001000000
1 0 10000000000000000011001000000
1 0 10000000000000000001001000000
1 0 10000000000000000001001000000
1 0 10000000000000000001001000000
1 0 10000000000000000001001000000
1 0 10000000000000000001001000000
1 0 10000000000000000001001000000
1 0 10000000000000000001001000000
1 0 10000000000000000001001000000
1 0.0449219 00000000000001100111000100000
1 0 10000000000000000001001000000
1 0 10000000000000000001001000000
1 0 10000000000000000001001000000
1 0 10000000000000000001001000000
1 0 10000000000000000001001000000
1 0.0449219 00000000010000000011000001000
1 0 10000000000000000001001000000
1 0 10000000000000000001001000000
1 0 10000000000000000001001000000
1 0 10000000000000000001001000000
1 0 10000000000000000001001000000
1 0 10000000000000000001001000000
1 0 10000000000000000001001000000
1 0.0292969 10000000100000000111001000000
1 0 10000000000000000001001000000
1 0 10000000000000000001001000000
1 0 10000000000000000001001000000
1 0.0449219 01010000000100000011000001000
1 0 10000000000000000001001000000
1 0 10000000000000000001001000000
1 0 10000000000000000011001000000
1 0 10000000000000000001001000000
1 0 10000000000000000001001000000
1 0.0449219 00000000010000000010000001000
1 0 10000000000000000001001000000
1 0 10000000000000000001001000000
1 0 10000000000000000001001000000
1 0 10000000000000000001001000000
1 0.0449219 00000000100000000001000000010
1 0 10000000000000000001001000000
1 0 10000000000000000001001000000
1 0 10000000000000000001001000000
1 0.0449219 00000000000100000000000000001
1 0 10000000000000000001001000000
