1 0 00000000000100000000100000000
1 0 00000000000100000010100000000
1 0 00000000000100000000100000000
1 0.0576 01010010010100000001000010000
1 0 00000000000100000010100000000
1 0 00000000000100000010100000000
1 0 00000000000100000000100000000
1 0 00000000000100000000100000000
1 0 00000000000100000010100000000
1 0 00000000000100000010100000000
1 0 00000000000100000010100000000
1 0.0592 00000000000100010111000001000
1 0 00000000000100000000100000000
1 0 00000000000100000000100000000
1 0 00000000000100000000100000000
1 0 00000000000100000000100000000
1 0 00000000000100000000100000000
1 0 00000000000100000000100000000
1 0 00000000000100000011100000000
1 0 00000000000100000000100000000
1 0 00000000000100000000100000000
1 0.0544 10000000100100000011000001000
1 0 00000000000100000000100000000
1 0 00000000000100000000100000000
1 0 00000000000100000010100000000
1 0 00000000000100000000100000000
1 0 00000000000100000000100000000
1 0 00000000000100000000100000000
1 0 00000000000100000000100000000
1 0 00000000000100000000100000000
1 0 00000000000100000010100000000
1 0 00000000000100000000100000000
1 0 00000000000100000000100000000
1 0 00000000000100000000100000000
1 0.0544 10000000100100000011000001000
1 0 00000000000100000010100000000
1 0 00000000000100000011100000000
1 0 00000000000100000010100000000
1 0 00000000000100000000100000000
1 0 00000000000100000010100000000
1 0 00000000000100000000100000000
1 0 00000000000100000000100000000
1 0 00000000000100000000100000000
1 0 00000000000100000000100000000
1 0 00000000000100000011100000000
1 0 00000000010100000000100000000
1 0 00000000000100000010100000000
1 0 00000000000100000000100000000
1 0 00000000000100000011100000000
1 0.0496 00000000000100000111000001000
1 0.0528 00000001000100001001000001000
1 0 00000000000100000000100000000
1 0 00000000000100000000100000000
1 0 00000000000100000010100000000
1 0 00000000000100000000100000000
1 0 00000000000100000000100000000
1 0 00000000000100000000100000000
1 0.0528 00000001000100001001000001000
1 0 00000000000100000010100000000
1 0 00000000000100000000100000000
1 0 00000000000100000000100000000
1 0 00000000000100000010100000000
1 0 00000000000100000000100000000
1 0.0032 00000000000100000110100000000
1 0 00000000000100000000100000000
1 0 00000000000100000010100000000
1 0 00000000000100000010100000000
1 0.0576 00000011000101000001000001000
1 0 00000000000100000010100000000
1 0 00000001010100000000100000000
1 0 00000000000100000000100000000
1 0 00000000000100000000100000000
1 0 00000000000100000000100000000
1 0 00000000000100000000100000000
1 0 00000000000100000000100000000
1 0 00000000000100000000100000000
1 0 00000000000100000000100000000
1 0 00000000000100000011100000000
1 0 00000000000100000010100000000
1 0 00000000000100000010100000000
1 0 00000000000100000010100000000
1 0 00000000000100000010100000000
1 0 00000000000100000000100000000
1 0 00000000000100000000100000000
1 0 00000000000100000000100000000
1 0 00000000000100000000100000000
1 0 00000000000100000010100000000
1 0.0496 00000000000100000111000001000
1 0 00000000000100000010100000000
1 0 00000000000100000000100000000
1 0 00000000000100000000100000000
1 0 00000000000100000000100000000
1 0 00000000000100000000100000000
1 0 00000000000100000010100000000
1 0.0448 10000000000100010011000001000
1 0 00000000000100000000100000000
1 0 00000000000100000010100000000
1 0 00000000000100000000100000000
1 0 00000000000100000000100000000
1 0 00000000000100000000100000000
