1 0 00001000000000000010100000000
1 0 01000000000000000010100000000
1 0 01000000000000000010100000000
1 0 00001000000000000010100000000
1 0 00001000000000000010100000000
1 0 01000000000000000010100000000
1 0 01000000000000000010100000000
1 0 01000000000000000010100000000
1 0 01000000000000000010100000000
1 0 01000000000000000010100000000
1 0 00001000000000000000100000000
1 0 01000000000000000000100000000
1 0 01000000000000000010100000000
1 0 00001000000000000000100000000
1 0 01000000000000000000100000000
1 0 01000000000000000000100000000
1 0 01000000000000000000100000000
1 0 01000000000000000010100000000
1 0 01000000000000000010100000000
1 0 01000000000000000010100000000
1 0 00001000000000000010100000000
1 0 00001000000000000010100000000
1 0 01000000000000000000100000000
1 0 00001000000000000010100000000
1 0 01000000000000000010100000000
1 0 00001000000000000000100000000
1 0 01000000000000000010100000000
1 0 01000000000000000010100000000
1 0 00001000000000000010100000000
1 0 01000000000000000010100000000
1 0 00001000000000000010100000000
1 0 00001000000000000010100000000
1 0 00001000000000000010100000000
1 0 00001000000000000010100000000
1 0 00001000000000000010100000000
1 0 01000000000000000000100000000
1 0 00001000000000000010100000000
1 0 01000000000000000010100000000
1 0 01000000000000000000100000000
1 0 00001000000000000010100000000
1 0 00001000000000000010100000000
1 0 00001000000000000000100000000
1 0 01000000000000000010100000000
1 0 01000000000000000010100000000
1 0 01000000000000000010100000000
1 0 00001000000000000010100000000
1 0 00001000000000000000100000000
1 0 01000000000000000010100000000
1 0 00001000000000000010100000000
1 0 01000000000000000010100000000
1 0 00001000000000000000100000000
1 0 01000000000000000010100000000
1 0 01000000000000000000100000000
1 0 00001000000000000010100000000
1 0 00001000000000000010100000000
1 0 00001000000000000010100000000
1 0 01000000000000000010100000000
1 0 00001000000000000010100000000
1 0 00001000000000000010100000000
1 0 01000000000000000010100000000
1 0 00001000000000000010100000000
1 0 01000000000000000010100000000
1 0 01000000000000000010100000000
1 0 01000000000000000010100000000
1 0 01000000000000000000100000000
1 0 00001000000000000010100000000
1 0 01000000000000000010100000000
1 0 01000000000000000010100000000
1 0 00001000000000000010100000000
1 0 01000000000000000000100000000
1 0 00001000000000000010100000000
1 0 00001000000000000010100000000
1 0 00001000000000000010100000000
1 0 00001000000000000000100000000
1 0 00001000000000000000100000000
1 0 00001000000000000000100000000
1 0 00001000000000000000100000000
1 0 00001000000000000010100000000
1 0 00001000000000000010100000000
1 0 00001000000000000010100000000
1 0 00001000000000000010100000000
1 0 00001000000000000010100000000
1 0 01000000000000000010100000000
1 0 00001000000000000010100000000
1 0 01000000000000000000100000000
1 0 00001000000000000010100000000
1 0 00001000000000000000100000000
1 0 00001000000000000010100000000
1 0 00001000000000000010100000000
1 0 01000000000000000000100000000
1 0 00001000000000000010100000000
1 0 00001000000000000010100000000
1 0 01000000000000000010100000000
1 0 00001000000000000010100000000
1 0 00001000000000000010100000000
1 0 00001000000000000010100000000
1 0 00001000000000000010100000000
1 0 00001000000000000010100000000
1 0 01000000000000000010100000000
1 0 01000000000000000000100000000
