1 0.00025 10000000000000000001010000000
1 0.00025 10000000000000000001010000000
1 0.00025 10000000000000000011010000000
1 0.00025 10000000000000000001010000000
1 0.00025 10000000000000000011000100000
1 0.00025 10000000000000000001010000000
1 0.00025 10000000000000000001000100000
1 0.07655 01001000000000110011001000000
1 0.00025 10000000000000000011010000000
1 0.0781 01011000000000000111001000000
1 0.00025 10000000000000000011000100000
1 0.00025 10000000000000000001000100000
1 0.00025 10000000000000000011010000000
1 0.00025 10000000000000000001010000000
1 0.07835 01001010000000000111001000000
1 0.00025 10000000000000000001010000000
1 0.0786 10000000000010010011000010000
1 0.00025 10000000000000000001010000000
1 0.00025 10000000000000000001010000000
1 0.00025 10000000000000000001010000000
1 0.00025 10000000000000000011010000000
1 0.00025 10000000000000000011010000000
1 0.00025 10000000000000000001010000000
1 0.00025 10000000000000000001010000000
1 0.08145 01000000000000010011001000000
1 0.00025 10000000000000000001010000000
1 0.00025 10000000000000000001010000000
1 0.00025 10000000000000000001010000000
1 0.00025 10000000000000000001010000000
1 0.00025 10000000000000000001010000000
1 0.00025 10000000000000000001010000000
1 0.00025 10000000000000000001010000000
1 0.00025 10000000000000000011010000000
1 0.0839 01011000100000000011001000000
1 0.08865 10110000000000000011000010000
1 0.00025 10000000000000000001010000000
1 0.00025 10000000000000000001010000000
1 0.00025 10000000000000000001010000000
1 0.00025 10000000000000000001010000000
1 0.08335 00000000000010000111000100000
1 0.0783 01011010000000100011001000000
1 0.00025 10000000000000000011010000000
1 0.00025 10000000000000000001010000000
1 0.00025 10000000000000000001000100000
1 0.00025 10000000000000000001010000000
1 0.00025 10000000000000000011000100000
1 0.00025 10000000000000000001010000000
1 0.00025 10000000000000000001010000000
1 0.00025 10000000000000000001000100000
1 0.00025 10000000000000000001010000000
1 0.00025 10000000000000000001010000000
1 0.0874 10000000000000000111000001000
1 0.00025 10000000000000000001010000000
1 0.07655 01001000000000110011001000000
1 0.00025 10000000000000000001010000000
1 0.00025 10000000000000000001010000000
1 0.00025 10000000000000000011010000000
1 0.00025 10000000000000000001010000000
1 0.00025 10000000000000000011010000000
1 0.00025 10000000000000000001000100000
1 0.00025 10000000000000000001010000000
1 0.00025 10000000000000000001010000000
1 0.00025 10000000000000000001000100000
1 0.00025 10000000000000000001010000000
1 0.0781 01011000000000000111001000000
1 0.083 00001010000000100011001000000
1 0.00025 10000000000000000011010000000
1 0.08145 00001000000000010011001000000
1 0.00025 10000000000000000001000100000
1 0.00025 10000000000000000001010000000
1 0.00025 10000000001000000001000100000
1 0.00025 10000000000000000011010000000
1 0.00025 10000000000000000011000100000
1 0.00025 10000000000000000001000100000
1 0.00025 10000000000000000001010000000
1 0.08145 01000000000000010011001000000
1 0.00025 10000000000000000011010000000
1 0.08145 00001000000000010011001000000
1 0.00025 10000000000000000001010000000
1 0.00025 10000000000000000011010000000
1 0.00025 10000000000000000001010000000
1 0.00025 10000000000000000011000100000
1 0.0781 01011000000000000111001000000
1 0.00025 10000000000000000011010000000
1 0.00025 10000000000000000001000100000
1 0.00025 10000000001000000001010000000
1 0.00025 10000000000000000001010000000
1 0.00025 10000000000000000001010000000
1 0.07655 01001000000000110011001000000
1 0.00025 10000000000000000001010000000
1 0.00025 10000000000000000001010000000
1 0.00025 10000000000000000001010000000
1 0.00025 10000000000000000001010000000
1 0.00025 10000000000000000001010000000
1 0.00025 10000000000000000011000100000
1 0.00025 10000000000000000001010000000
1 0.0576 11000000000000000001000100000
1 0.00025 10000000000000000001010000000
1 0.00025 10000000000000000001000100000
1 0.00025 10000000000000000001010000000
