1 0.00025 10000000000000000011010000000
1 0.00025 10000000000000000001010000000
1 0.00025 10000000000000000011010000000
1 0.00025 10000000000000000001010000000
1 0.00025 10000000000000000001010000000
1 0.00025 10000000000000000001010000000
1 0.00025 10000000000000000001010000000
1 0.00025 10000000000000000001010000000
1 0.00025 10000000000000000001010000000
1 0.00025 10000000000000000001010000000
1 0.00025 10000000000000000001010000000
1 0.00025 10000000000000000001010000000
1 0.00025 10000000000000000001010000000
1 0.00025 10000000000000000001000100000
1 0.00025 10000000000000000001010000000
1 0.00025 10000000000000000011010000000
1 0.00025 10000000000000000001010000000
1 0.00025 10000000000000000001010000000
1 0.00025 10000000000000000001000100000
1 0.00025 10000000000000000001010000000
1 0.00025 10000000000000000001000100000
1 0.00025 10000000000000000001010000000
1 0.00025 10000000000000000001010000000
1 0.00025 10000000000000000001000100000
1 0.00025 10000000000000000001010000000
1 0.00025 10000000000000000011010000000
1 0.00025 10000000000000000011010000000
1 0.00025 10000000000000000001010000000
1 0.00025 10000000000000000001000100000
1 0.00025 10000000000000000001010000000
1 0.00025 10000000000000000001010000000
1 0.00025 10000000000000000001010000000
1 0.00025 10000000000000000001010000000
1 0.00025 10000000000000000001010000000
1 0.00025 10000000000000000011010000000
1 0.00025 10000000000000000001000100000
1 0.00025 10000000000000000001010000000
1 0.00025 10000000000000000001010000000
1 0.00025 10000000000000000001010000000
1 0.00025 10000000000000000001010000000
1 0.00025 10000000000000000011010000000
1 0.00025 10000000000000000001010000000
1 0.00025 10000000000000000001010000000
1 0.00025 10000000000000000001010000000
1 0.00025 10000000000000000001000100000
1 0.00025 10000000000000000001010000000
1 0.00025 10000000000000000001010000000
1 0.00025 10000000000000000001000100000
1 0.00025 10000000000000000001010000000
1 0.00025 10000000000000000001010000000
1 0.00025 10000000000000000001000100000
1 0.07735 01001010000000010011001000000
1 0.00025 10000000000000000011010000000
1 0.00025 10000000000000000001000100000
1 0.00025 10000000000000000001010000000
1 0.00025 10000000000000000001010000000
1 0.00025 10000000000000000001010000000
1 0.07715 10000000000001010011000010000
1 0.00025 10000000000000000001010000000
1 0.07735 01001010000000010011001000000
1 0.00025 10000000000000000001000100000
1 0.00025 10000000000000000001010000000
1 0.00025 10000000000000000011010000000
1 0.00025 10000000000000000001010000000
1 0.00025 10000000000000000001010000000
1 0.00025 10000000000000000001010000000
1 0.00025 10000000000000000001010000000
1 0.00025 10000000000000000001010000000
1 0.00025 10000000000000000001010000000
1 0.00025 10000000000000000001000100000
1 0.00025 10000000000000000001010000000
1 0.00025 10000000000000000001010000000
1 0.00025 10000000000000000001010000000
1 0.00025 10000000000000000011010000000
1 0.00025 10000000000000000001010000000
1 0.00025 10000000000000000001010000000
1 0.00025 10000000000000000011000100000
1 0.00025 10000000000000000011010000000
1 0.00025 10000000000000000001010000000
1 0.00025 10000000000000000011010000000
1 0.00025 10000000000000000001010000000
1 0.00025 10000000000000000001010000000
1 0.00025 10000000000000000001010000000
1 0.00025 10000000000000000001010000000
1 0.00025 10000000000000000001010000000
1 0.00025 10000000000000000001010000000
1 0.00025 10000000000000000001010000000
1 0.00025 10000000000000000011010000000
1 0.00025 10000000000000000001010000000
1 0.0576 10001000010000000001010000000
1 0.00025 10000000000000000001010000000
1 0.00025 10000000000000000001010000000
1 0.07735 01001010000000010011001000000
1 0.00025 10000000000000000001010000000
1 0.00025 10000000000000000001010000000
1 0.00025 10000000000000000011000100000
1 0.00025 10000000000000000001010000000
1 0.0576 11000000000000000001010000000
1 0.00025 10000000000000000001010000000
1 0.00025 10000000000000000001010000000
