1 0.02725 10000000000001000011001000000
1 0.0359 00000000001000100001000000001
1 0.0443 00001001000000000001100000000
1 0.02725 10000000000001000011001000000
1 0.02725 10000000000001000011001000000
1 0.0443 01000001000000000001100000000
1 0.02725 10000000000001000011001000000
1 0.02725 10000000000001000011001000000
1 0.0359 00000000001000100001000000001
1 0.0359 00000000010000100001000000001
1 0.02725 10000000000001000011001000000
1 0.02725 10000000000001000011001000000
1 0.0359 00000001000000100001000000001
1 0.02725 10000000000001000011001000000
1 0.02725 10000000000001000011001000000
1 0.0341 00000000000010000111001000000
1 0.02725 10000000000001000011001000000
1 0.02725 10000000000001000011001000000
1 0.02725 10000000000001000011001000000
1 0.02725 10000000000001000011001000000
1 0.02725 10000000000001000011001000000
1 0.0359 00000000001000100001000000001
1 0.0359 00000000001000100001000000001
1 0.0349 00000000000000100111000010000
1 0.0359 00000000010000100001000000001
1 0.0341 00000000000010000111001000000
1 0.0359 00000000010000100001000000001
1 0.0341 00000000000010000111001000000
1 0.02725 10000000000001000011001000000
1 0.02725 10000000000001000011001000000
1 0.02725 10000000000001000011001000000
1 0.02725 10000000000001000011001000000
1 0.02725 10000000000001000011001000000
1 0.02725 10000000000001000011001000000
1 0.02725 10000000000001000011001000000
1 0.0359 01001001000000000001000000001
1 0.02725 10000000000001000011001000000
1 0.0341 00000000000010000111001000000
1 0.0341 00000000000010000111001000000
1 0.02725 10000000000001000011001000000
1 0.0341 00000000000010000111001000000
1 0.02725 10000000000001000011001000000
1 0.0359 00000000001000100001000000001
1 0.02725 10000000000001000011001000000
1 0.0359 00000001000000100001000000001
1 0.0341 00000000000010000111001000000
1 0.02725 10000000000001000011001000000
1 0.02725 10000000000001000011001000000
1 0.02725 10000000000001000011001000000
1 0.0359 00000000001000100001000000001
1 0.02725 10000000000001000011001000000
1 0.0359 01001000010000000001000000001
1 0.02725 10000000000001000011001000000
1 0.02725 10000000000001000011001000000
1 0.02725 10000000000001000011001000000
1 0.02725 10000000000001000011001000000
1 0.02725 10000000000001000011001000000
1 0.0349 00000000000000100111000010000
1 0.0359 00000000010000100001000000001
1 0.0341 00000000000010000111001000000
1 0.02725 10000000000001000011001000000
1 0.0359 00000000010000100001000000001
1 0.0359 00000000010000100001000000001
1 0.02725 10000000000001000011001000000
1 0.02725 10000000000001000011001000000
1 0.0443 01000001000000000001100000000
1 0.02725 10000000000001000011001000000
1 0.0341 00000000000010000111001000000
1 0.02725 10000000000001000011001000000
1 0.02725 10000000000001000011001000000
1 0.02725 10000000000001000011001000000
1 0.02725 10000000000001000011001000000
1 0.0359 00000000001000100001000000001
1 0.02725 10000000000001000011001000000
1 0.0443 00001000010000000001100000000
1 0.02725 10000000000001000011001000000
1 0.02725 10000000000001000011001000000
1 0.02725 10000000000001000011001000000
1 0.02725 10000000000001000011001000000
1 0.02725 10000000000001000011001000000
1 0.02725 10000000000001000011001000000
1 0.02725 10000000000001000011001000000
1 0.0359 00000000010000100001000000001
1 0.0349 00000000000000100111000010000
1 0.02725 10000000000001000011001000000
1 0.0341 00000000000010000111001000000
1 0.02725 10000000000001000011001000000
1 0.0359 00000001000000100001000000001
1 0.0443 01000001000000000001100000000
1 0.02725 10000000000001000011001000000
1 0.02725 10000000000001000011001000000
1 0.02725 10000000000001000011001000000
1 0.0359 00000001000000100001000000001
1 0.02725 10000000000001000011001000000
1 0.02725 10000000000001000011001000000
1 0.02725 10000000000001000011001000000
1 0.0359 00000000001000100001000000001
1 0.02725 10000000000001000011001000000
1 0.02725 10000000000001000011001000000
1 0.02725 10000000000001000011001000000
