1 0.0004 10000000000000000011000100000
1 0.0004 10000000000000000001000100000
1 0.0095 10000000000000000001010000000
1 0.0004 10000000000000000001000100000
1 0.0004 10000000000000000001000100000
1 0.0004 10000000000000000001000100000
1 0.0004 10000000000000000001000100000
1 0.0004 10000000000000000001000100000
1 0.07225 01001010000000010011001000000
1 0.11615 00010000000011000001000100000
1 0.0004 10000000000000000011000100000
1 0.0004 10000000000000000001000100000
1 0.0095 10000000000000000001010000000
1 0.0004 10000000000000000011000100000
1 0.0004 10000000000000000001000100000
1 0.0004 10000000000000000001000100000
1 0.07225 01001010000000010011001000000
1 0.0746 01001000000000100111001000000
1 0.0004 10000000000000000011000100000
1 0.0095 10000000000000000001010000000
1 0.0095 10000000000000000001010000000
1 0.0095 10000000000000000001010000000
1 0.0095 10000000000000000001010000000
1 0.0004 10000000000000000011000100000
1 0.0004 10000000000000000001000100000
1 0.0004 10000000000000000001000100000
1 0.0095 10000000000000000001010000000
1 0.0095 10000000000000000011010000000
1 0.08905 01001010000101000011001000000
1 0.08175 00001000000000010011001000000
1 0.0095 10000000000000000001010000000
1 0.08615 10000000000000000111000001000
1 0.0004 10000000000000000011000100000
1 0.0095 10000000000000000001010000000
1 0.0004 10000000000000000001000100000
1 0.08165 01010000000000000011001000000
1 0.0004 10000000000000000001000100000
1 0.0004 10000000000000000001000100000
1 0.0095 10000000000000000001010000000
1 0.0692 01001000000000110011001000000
1 0.0004 10000000000000000001000100000
1 0.0004 10000000000000000011000100000
1 0.072 01011010000000100011001000000
1 0.0004 10000000000000000001000100000
1 0.059 10000000000001000011000100000
1 0.0004 10000000000000000011000100000
1 0.0095 10000000000000000001010000000
1 0.0095 10000000000000000001010000000
1 0.08175 01000000000000010011001000000
1 0.0004 10000000000000000001000100000
1 0.0004 10000000000000000001000100000
1 0.0004 10000000000000000001000100000
1 0.0004 10000000000000000011000100000
1 0.0004 10000000000000000001000100000
1 0.0095 10000000000000000001010000000
1 0.08305 00000000000010000111000100000
1 0.0928 01001000000000100001001000000
1 0.0004 10000000000000000001000100000
1 0.0004 10000000000000000001000100000
1 0.0004 10000000000000000001000100000
1 0.0095 10000000000000000001010000000
1 0.0722 01011000000000010011001000000
1 0.0004 10000000000000000001000100000
1 0.0849 10110000000000000011000010000
1 0.0004 10000000000000000001000100000
1 0.0004 10000000000000000011000100000
1 0.0004 10000000000000000001000100000
1 0.0004 10000000000000000001000100000
1 0.0004 10000000000000000001000100000
1 0.0004 10000000000000000001000100000
1 0.0747 01011000000000000111001000000
1 0.0722 01011000000000010011001000000
1 0.0095 10000000000000000001010000000
1 0.0004 10000000000000000001000100000
1 0.0095 10000000000000000001010000000
1 0.0749 01001010000000000111001000000
1 0.0766 01001000000000000111001000000
1 0.0692 01001000000000110011001000000
1 0.0004 10000000000000000011000100000
1 0.0004 10000000000000000001000100000
1 0.0095 10000000000000000001010000000
1 0.0095 10000000000000000011010000000
1 0.0095 10000000000000000001010000000
1 0.0095 10000000000000000011010000000
1 0.0004 10000000000000000001000100000
1 0.0095 10000000010000000001010000000
1 0.0004 10000000000000000001000100000
1 0.072 01011010000000100011001000000
1 0.0004 10000000000000000011000100000
1 0.0095 10000000000000000001010000000
1 0.0815 01011000100000000011001000000
1 0.0004 10000000000000000001000100000
1 0.0722 01011000000000010011001000000
1 0.0004 10000000000000000001000100000
1 0.0722 01011000000000010011001000000
1 0.0004 10000000000000000001000100000
1 0.0945 10000010000001000011000010000
1 0.0004 10000000000000000011000100000
1 0.0004 10000000000000000011000100000
1 0.0095 10000000000000000001010000000
