1 0.0004 10000000000000000001000100000
1 0.0004 10000000000000000001000100000
1 0.0004 10000000000000000001000100000
1 0.0095 10000000000000000001010000000
1 0.0004 10000000000000000001000100000
1 0.0692 01001000000000110011001000000
1 0.0095 10000000000000000001010000000
1 0.0004 10000000000000000011000100000
1 0.0004 10000000000000000001000100000
1 0.0746 01001000000000100111001000000
1 0.0004 10000000000000000011000100000
1 0.0004 10000000000000000001000100000
1 0.0004 10000000000000000011000100000
1 0.0004 10000000000000000011000100000
1 0.0095 10000000000000000001010000000
1 0.0004 10000000000000000011000100000
1 0.0004 10000000000000000001000100000
1 0.0004 10000000000000000011000100000
1 0.0004 10000000000000000011000100000
1 0.0004 10000000000000000001000100000
1 0.0004 10000000000000000011000100000
1 0.0095 10000000000000000001010000000
1 0.0095 10000000000000000001010000000
1 0.0004 10000000000000000011000100000
1 0.0004 10000000000000000001000100000
1 0.0004 10000000000000000011000100000
1 0.0004 10000000000000000001000100000
1 0.0004 10000000000000000011000100000
1 0.0095 10000000000000000011010000000
1 0.0095 10000000000000000001010000000
1 0.0004 10000000000000000001000100000
1 0.0004 10000000000000000001000100000
1 0.0004 10000000000000000011000100000
1 0.0747 01011000000000000111001000000
1 0.0004 10000000000000000001000100000
1 0.0004 10000000000000000001000100000
1 0.0004 10000000000000000011000100000
1 0.0095 10000000000000000011010000000
1 0.0095 10000000000000000001010000000
1 0.0095 10000000000000000001010000000
1 0.0095 10000000000000000001010000000
1 0.07225 01001010000000010011001000000
1 0.0004 10000000000000000001000100000
1 0.0004 10000000000000000011000100000
1 0.0095 10000000000000000001010000000
1 0.0095 10000000000000000011010000000
1 0.0004 10000000000000000001000100000
1 0.0004 10000000000000000001000100000
1 0.0004 10000000000000000001000100000
1 0.0004 10000000000000000011000100000
1 0.0004 10000000000000000001000100000
1 0.0004 10000000000000000001000100000
1 0.0004 10000000000000000001000100000
1 0.0004 10000000000000000001000100000
1 0.0004 10000000000000000001000100000
1 0.0004 10000000000000000011000100000
1 0.072 01011010000000100011001000000
1 0.0004 10000000000000000001000100000
1 0.0004 10000000000000000001000100000
1 0.0004 10000000000000000001000100000
1 0.0004 10000000000000000001000100000
1 0.0095 10000000000000000001010000000
1 0.0004 10000000000000000011000100000
1 0.0004 10000000000000000001000100000
1 0.0004 10000000000000000001000100000
1 0.0004 10000000000000000001000100000
1 0.0004 10000000000000000011000100000
1 0.0004 10000000000000000001000100000
1 0.0004 10000000000000000001000100000
1 0.0004 10000000000000000001000100000
1 0.0004 10000000000000000001000100000
1 0.0095 10000000000000000001010000000
1 0.0004 10000000000000000011000100000
1 0.0004 10000000000000000001000100000
1 0.0095 10000000000000000011010000000
1 0.0766 01001000000000000111001000000
1 0.0746 01001000000000100111001000000
1 0.0004 10000000000000000001000100000
1 0.0004 10000000000000000011000100000
1 0.0004 10000000000000000011000100000
1 0.0815 01011000100000000011001000000
1 0.0004 10000000000000000001000100000
1 0.0095 10000000000000000001010000000
1 0.0095 10000000000000000011010000000
1 0.0004 10000000000000000001000100000
1 0.0004 10000000000000000001000100000
1 0.0004 10000000000000000001000100000
1 0.0004 10000000000000000001000100000
1 0.0004 10000000000000000001000100000
1 0.0004 10000000000000000001000100000
1 0.0004 10000000000000000001000100000
1 0.0004 10000000000000000001000100000
1 0.0095 10000000000000000011010000000
1 0.0004 10000000000000000001000100000
1 0.0095 10000000000000000001010000000
1 0.0095 10000000000000000001010000000
1 0.0004 10000000000000000001000100000
1 0.0004 10000000000000000001000100000
1 0.0004 10000000000000000011000100000
1 0.0095 10000000000000000001010000000
