1 0.01915 00100000000000000011100000000
1 0.01915 00000010000000000001100000000
1 0.01915 00100000000000000011100000000
1 0.01915 00100000000000000001100000000
1 0.01915 00000010000000000011100000000
1 0.01915 00100000000000000001100000000
1 0.01915 00000010000000000001100000000
1 0.01915 00100000000000000011100000000
1 0.01915 00000010000000000001100000000
1 0.01915 00100000000000000011100000000
1 0.01915 00100000000000000001100000000
1 0.01915 00100000000000000011100000000
1 0.01915 00100000000000000001100000000
1 0.01915 00000010000000000011100000000
1 0.01915 00100000000000000011100000000
1 0.01915 00000010000000000011100000000
1 0.01915 00000010000000000011100000000
1 0.01915 00100000000000000001100000000
1 0.01915 00100000000000000001100000000
1 0.01915 00000010000000000001100000000
1 0.01915 00000010000000000001100000000
1 0.01915 00100000000000000011100000000
1 0.01915 00000010000000000001100000000
1 0.01915 00100000000000000011100000000
1 0.01915 00100000000000000001100000000
1 0.01915 00100000000000000011100000000
1 0.01915 00100000000000000001100000000
1 0.01915 00100000000000000001100000000
1 0.01915 00100000000000000001100000000
1 0.01915 00100000000000000011100000000
1 0.01915 00000010000000000011100000000
1 0.01915 00000010000000000011100000000
1 0.01915 00100000000000000001100000000
1 0.01915 00100000000000000001100000000
1 0.01915 00000010000000000011100000000
1 0.01915 00100000000000000001100000000
1 0.01915 00100000000000000011100000000
1 0.01915 00100000000000000011100000000
1 0.01915 00100000000000000001100000000
1 0.01915 00100000000000000001100000000
1 0.01915 00000010000000000001100000000
1 0.01915 00000010000000000001100000000
1 0.01915 00100000000000000001100000000
1 0.01915 00000010000000000011100000000
1 0.01915 00100000000000000011100000000
1 0.01915 00000010000000000011100000000
1 0.01915 00000010000000000011100000000
1 0.01915 00000010000000000011100000000
1 0.01915 00000010000000000001100000000
1 0.01915 00000010000000000011100000000
1 0.01915 00100000000000000001100000000
1 0.01915 00000010000000000011100000000
1 0.01915 00100000000000000011100000000
1 0.01915 00100000000000000011100000000
1 0.01915 00000010000000000001100000000
1 0.01915 00000010000000000011100000000
1 0.01915 00100000000000000011100000000
1 0.01915 00100000000000000011100000000
1 0.01915 00100000000000000011100000000
1 0.01915 00000010000000000001100000000
1 0.01915 00000010000000000001100000000
1 0.01915 00000010000000000001100000000
1 0.01915 00100000000000000001100000000
1 0.01915 00100000000000000011100000000
1 0.01915 00100000000000000011100000000
1 0.01915 00100000000000000011100000000
1 0.01915 00000010000000000011100000000
1 0.01915 00100000000000000011100000000
1 0.01915 00100000000000000001100000000
1 0.01915 00000010000000000011100000000
1 0.01915 00000010000000000001100000000
1 0.01915 00100000000000000011100000000
1 0.01915 00100000000000000011100000000
1 0.01915 00100000000000000011100000000
1 0.01915 00100000000000000001100000000
1 0.01915 00100000000000000001100000000
1 0.01915 00100000000000000011100000000
1 0.01915 00100000000000000011100000000
1 0.01915 00000010000000000001100000000
1 0.01915 00000010000000000001100000000
1 0.01915 00000010000000000001100000000
1 0.01915 00100000000000000011100000000
1 0.0303 00000000000010000011100000000
1 0.01915 00100000000000000011100000000
1 0.01915 00100000000000000001100000000
1 0.01915 00100000000000000011100000000
1 0.01915 00000010000000000011100000000
1 0.01915 00000010000000000011100000000
1 0.01915 00100000000000000011100000000
1 0.01915 00100000000000000011100000000
1 0.01915 00100000000000000011100000000
1 0.01915 00000010000000000011100000000
1 0.01915 00100000000000000011100000000
1 0.01915 00000010000000000011100000000
1 0.01915 00000010000000000011100000000
1 0.01915 00000010000000000011100000000
1 0.01915 00000010000000000011100000000
1 0.01915 00000010000000000011100000000
1 0.01915 00100000000000000001100000000
1 0.01915 00000010000000000011100000000
