1 0.0281 00000000000000010111000000001
1 0.03085 00000000100000000111000100000
1 0.03085 00000000100000000111000100000
1 0.0281 00000000000000010111000000001
1 0.03085 00000000100000000111000100000
1 0.02445 00000000100000000111000000001
1 0.03085 00000000100000000111000100000
1 0.03095 01000000100000010011100000000
1 0.03085 00000000100000000111000100000
1 0.03085 00000000100000000111000100000
1 0.03045 00000000000000001111010000000
1 0.02445 00000000100000000111000000001
1 0.03085 00000000100000000111000100000
1 0.02445 00000000100000000111000000001
1 0.0281 00000000000000010111000000001
1 0.03025 00000000000000001111000100000
1 0.0309 01001000000000100101100000000
1 0.02905 00000000000000010111000000100
1 0.02945 00000000000000001111000000001
1 0.02945 00000000000000001111000000001
1 0.03085 00000000100000000111000100000
1 0.0309 01001000000000100101100000000
1 0.03085 00000000100000000111000100000
1 0.0309 01001000000000100101100000000
1 0.03085 00000000100000000111000100000
1 0.0309 01001000000000100101100000000
1 0.0281 00000000000000010111000000001
1 0.03085 00000000100000000111000100000
1 0.02945 00000000000000001111000000001
1 0.02945 00000000000000001111000000001
1 0.03085 00000000100000000111000100000
1 0.03085 00000000100000000111000100000
1 0.03085 00000000100000000111000100000
1 0.03125 00000000100000100011100000000
1 0.0309 01001000000000100101100000000
1 0.03135 01001000000000100101000100000
1 0.0281 00000000000000010111000000001
1 0.03085 00000000100000000111000100000
1 0.0309 01001000000000100101100000000
1 0.03085 00000000100000000111000100000
1 0.02445 00000000100000000111000000001
1 0.02945 00000000000000001111000000001
1 0.03085 00000000100000000111000100000
1 0.02445 00000000100000000111000000001
1 0.02945 00000000000000001111000000001
1 0.02945 00000000000000001111000000001
1 0.0281 00000000000000010111000000001
1 0.03135 01001000000000100101000100000
1 0.03085 00000000100000000111000100000
1 0.02945 00000000000000001111000000001
1 0.03135 01001000000000100101000100000
1 0.03095 01000000100000010011100000000
1 0.02945 00000000000000001111000000001
1 0.0309 01001000000000100101100000000
1 0.0281 00000000000000010111000000001
1 0.03125 00000000100000100011100000000
1 0.02445 00000000100000000111000000001
1 0.03095 01000000100000010011100000000
1 0.02905 00000000000000010111000000100
1 0.03025 00000000000000001111000100000
1 0.0281 00000000000000010111000000001
1 0.03085 00000000100000000111000100000
1 0.0309 01001000000000100101100000000
1 0.03025 00000000000000001111000100000
1 0.0281 00000000000000010111000000001
1 0.03045 00000000000000001111010000000
1 0.02905 00000000000000010111000000100
1 0.03025 00000000000000001111000100000
1 0.0309 01001000000000100101100000000
1 0.0281 00000000000000010111000000001
1 0.03085 00000000100000000111000100000
1 0.0281 00000000000000010111000000001
1 0.03085 00000000100000000111000100000
1 0.02445 00000000100000000111000000001
1 0.02445 00000000100000000111000000001
1 0.03085 00000000100000000111000100000
1 0.02445 00000000100000000111000000001
1 0.02445 00000000100000000111000000001
1 0.02445 00000000100000000111000000001
1 0.03085 00000000100000000111000100000
1 0.03025 00000000000000001111000100000
1 0.03025 00000000000000001111000100000
1 0.03085 00000000100000000111000100000
1 0.03085 00000000100000000111000100000
1 0.02445 00000000100000000111000000001
1 0.02445 00000000100000000111000000001
1 0.0309 01001000000000100101100000000
1 0.0309 01001000000000100101100000000
1 0.02905 00000000000000010111000000100
1 0.02905 00000000000000010111000000100
1 0.0281 00000000000000010111000000001
1 0.02945 00000000000000001111000000001
1 0.03135 00000000000000001111000000100
1 0.03085 00000000100000000111000100000
1 0.03085 00000000100000000111000100000
1 0.03085 00000000100000000111000100000
1 0.03085 00000000100000000111000100000
1 0.0266 00000000100000000111000000100
1 0.03085 00000000100000000111000100000
1 0.03085 00000000100000000111000100000
