183.056  28 0000000000000010001010000000
183.056  28 0000000000000010001010000000
183.056  28 0000000000000010000010000000
183.056  28 0000000000000010001010000000
183.056  28 0000000000000010001010000000
183.056  28 0000000000000010000010000000
183.056  28 0000000000000010001010000000
183.056  28 0000000000000010001010000000
183.056  28 0000000000000010001010000000
183.056  28 0000000000000010000010000000
183.056  28 0000000000000010001010000000
183.056  28 0000000000000010000010000000
183.056  28 0000000000000010000010000000
183.056  28 0000000000000010001010000000
183.056  28 0000000000000010001010000000
183.056  28 0000000000000010001010000000
183.056  28 0000000000000010001010000000
183.056  28 0000000000000010001010000000
183.056  28 0000000000000010001010000000
183.056  28 0000000000000010000010000000
183.056  28 0000000000000010000010000000
183.056  28 0000000000000010001010000000
183.056  28 0000000000000010001010000000
183.056  28 0000000000000010001010000000
183.056  28 0000000000000010001010000000
183.056  28 0000000000000010000010000000
183.056  28 0000000000000010000010000000
183.056  28 0000000000000010000010000000
183.056  28 0000000000000010001010000000
183.056  28 0000000000000010000010000000
183.056  28 0000000000000010001010000000
183.056  28 0000000000000010000010000000
183.056  28 0000000000000010000010000000
183.056  28 0000000000000010001010000000
183.056  28 0000000000000010000010000000
183.056  28 0000000000000010000010000000
183.056  28 0000000000000010000010000000
183.056  28 0000000000000010000010000000
183.056  28 0000000000000010000010000000
183.056  28 0000000000000010001010000000
183.056  28 0000000000000010000010000000
183.056  28 0000000000000010001010000000
183.056  28 0000000000000010000010000000
183.056  28 0000000000000010000010000000
183.056  28 0000000000000010001010000000
183.056  28 0000000000000010000010000000
183.056  28 0000000000000010000010000000
183.056  28 0000000000000010000010000000
183.056  28 0000000000000010001010000000
183.056  28 0000000000000010000010000000
183.056  28 0000000000000010001010000000
183.056  28 0000000000000010000010000000
183.056  28 0000000000000010000010000000
183.056  28 0000000000000010001010000000
183.056  28 0000000000000010001010000000
183.056  28 0000000000000010001010000000
183.056  28 0000000000000010000010000000
183.056  28 0000000000000010000010000000
183.056  28 0000000000000010001010000000
183.056  28 0000000000000010000010000000
183.056  28 0000000000000010000010000000
183.056  28 0000000000000010001010000000
183.056  28 0000000000000010000010000000
183.056  28 0000000000000010000010000000
183.056  28 0000000000000010001010000000
183.056  28 0000000000000010001010000000
183.056  28 0000000000000010000010000000
183.056  28 0000000000000010001010000000
183.056  28 0000000000000010000010000000
183.056  28 0000000000000010001010000000
183.056  28 0000000000000010001010000000
183.056  28 0000000000000010000010000000
183.056  28 0000000000000010001010000000
183.056  28 0000000000000010000010000000
183.056  28 0000000000000010001010000000
183.056  28 0000000000000010000010000000
183.056  28 0000000000000010001010000000
183.056  28 0000000000000010001010000000
183.056  28 0000000000000010001010000000
183.056  28 0000000000000010000010000000
183.056  28 0000000000000010001010000000
183.056  28 0000000000000010000010000000
183.056  28 0000000000000010000010000000
183.056  28 0000000000000010001010000000
183.056  28 0000000000000010001010000000
183.056  28 0000000000000010001010000000
183.056  28 0000000000000010001010000000
183.056  28 0000000000000010001010000000
183.056  28 0000000000000010000010000000
183.056  28 0000000000000010001010000000
183.056  28 0000000000000010000010000000
183.056  28 0000000000000010000010000000
183.056  28 0000000000000010001010000000
183.056  28 0000000000000010000010000000
183.056  28 0000000000000010000010000000
183.056  28 0000000000000010000010000000
183.056  28 0000000000000010000010000000
183.056  28 0000000000000010001010000000
183.056  28 0000000000000010001010000000
183.056  28 0000000000000010001010000000
