1411.06  28 0000000000000010000010000000
1411.06  28 0000000000000010001010000000
1411.06  28 0000000000000010001010000000
1411.06  28 0000000000000010001010000000
1411.06  28 0000000000000010000010000000
1411.06  28 0000000000000010000010000000
1411.06  28 0000000000000010000010000000
1411.06  28 0000000000000010000010000000
1411.06  28 0000000000000010001010000000
1411.06  28 0000000000000010000010000000
1411.06  28 0000000000000010001010000000
1411.06  28 0000000000000010001010000000
1411.06  28 0000000000000010000010000000
1411.06  28 0000000000000010001010000000
1411.06  28 0000000000000010000010000000
1411.06  28 0000000000000010001010000000
1411.06  28 0000000000000010000010000000
1411.06  28 0000000000000010001010000000
1411.06  28 0000000000000010001010000000
1411.06  28 0000000000000010001010000000
1411.06  28 0000000000000010001010000000
1411.06  28 0000000000000010000010000000
1411.06  28 0000000000000010001010000000
1411.06  28 0000000000000010001010000000
1411.06  28 0000000000000010001010000000
1411.06  28 0000000000000010001010000000
1411.06  28 0000000000000010001010000000
1411.06  28 0000000000000010001010000000
1411.06  28 0000000000000010000010000000
1411.06  28 0000000000000010001010000000
1411.06  28 0000000000000010000010000000
1411.06  28 0000000000000010000010000000
1411.06  28 0000000000000010000010000000
1411.06  28 0000000000000010000010000000
1411.06  28 0000000000000010000010000000
1411.06  28 0000000000000010000010000000
1411.06  28 0000000000000010000010000000
1411.06  28 0000000000000010001010000000
1411.06  28 0000000000000010000010000000
1411.06  28 0000000000000010001010000000
1411.06  28 0000000000000010000010000000
1411.06  28 0000000000000010000010000000
1411.06  28 0000000000000010001010000000
1411.06  28 0000000000000010000010000000
1411.06  28 0000000000000010000010000000
1411.06  28 0000000000000010001010000000
1411.06  28 0000000000000010001010000000
1411.06  28 0000000000000010001010000000
1411.06  28 0000000000000010000010000000
1411.06  28 0000000000000010001010000000
1411.06  28 0000000000000010001010000000
1411.06  28 0000000000000010001010000000
1411.06  28 0000000000000010000010000000
1411.06  28 0000000000000010001010000000
1411.06  28 0000000000000010001010000000
1411.06  28 0000000000000010000010000000
1411.06  28 0000000000000010000010000000
1411.06  28 0000000000000010000010000000
1411.06  28 0000000000000010000010000000
1411.06  28 0000000000000010000010000000
1411.06  28 0000000000000010001010000000
1411.06  28 0000000000000010001010000000
1411.06  28 0000000000000010000010000000
1411.06  28 0000000000000010000010000000
1411.06  28 0000000000000010000010000000
1411.06  28 0000000000000010000010000000
1411.06  28 0000000000000010001010000000
1411.06  28 0000000000000010001010000000
1411.06  28 0000000000000010001010000000
1411.06  28 0000000000000010000010000000
1411.06  28 0000000000000010001010000000
1411.06  28 0000000000000010001010000000
1411.06  28 0000000000000010000010000000
1411.06  28 0000000000000010000010000000
1411.06  28 0000000000000010000010000000
1411.06  28 0000000000000010001010000000
1411.06  28 0000000000000010000010000000
1411.06  28 0000000000000010000010000000
1411.06  28 0000000000000010001010000000
1411.06  28 0000000000000010000010000000
1411.06  28 0000000000000010001010000000
1411.06  28 0000000000000010001010000000
1411.06  28 0000000000000010000010000000
1411.06  28 0000000000000010001010000000
1411.06  28 0000000000000010000010000000
1411.06  28 0000000000000010000010000000
1411.06  28 0000000000000010001010000000
1411.06  28 0000000000000010000010000000
1411.06  28 0000000000000010001010000000
1411.06  28 0000000000000010000010000000
1411.06  28 0000000000000010000010000000
1411.06  28 0000000000000010000010000000
1411.06  28 0000000000000010000010000000
1411.06  28 0000000000000010000010000000
1411.06  28 0000000000000010000010000000
1411.06  28 0000000000000010000010000000
1411.06  28 0000000000000010000010000000
1411.06  28 0000000000000010000010000000
1411.06  28 0000000000000010000010000000
1411.06  28 0000000000000010000010000000
