12486.1  28 0000000000000010001000010000
12486.1  28 0000000000000010000000010000
12486.1  28 0000000000000010000000010000
12486.1  28 0000000000000010000000010000
12486.1  28 0000000000000010001000010000
12486.1  28 0000000000000010000000010000
12486.1  28 0000000000000010000000010000
12486.1  28 0000000000000010001000010000
12486.1  28 0000000000000010001000010000
12486.1  28 0000000000000010000000010000
12486.1  28 0000000000000010001000010000
12486.1  28 0000000000000010001000010000
12486.1  28 0000000000000010000000010000
12486.1  28 0000000000000010001000010000
12486.1  28 0000000000000010001000010000
12486.1  28 0000000000000010000000010000
12486.1  28 0000000000000010000000010000
12486.1  28 0000000000000010001000010000
12486.1  28 0000000000000010001000010000
12486.1  28 0000000000000010000000010000
12486.1  28 0000000000000010000000010000
12486.1  28 0000000000000010001000010000
12486.1  28 0000000000000010001000010000
12486.1  28 0000000000000010001000010000
12486.1  28 0000000000000010000000010000
12486.1  28 0000000000000010001000010000
12486.1  28 0000000000000010000000010000
12486.1  28 0000000000000010001000010000
12486.1  28 0000000000000010000000010000
12486.1  28 0000000000000010000000010000
12486.1  28 0000000000000010000000010000
12486.1  28 0000000000000010001000010000
12486.1  28 0000000000000010001000010000
12486.1  28 0000000000000010001000010000
12486.1  28 0000000000000010000000010000
12486.1  28 0000000000000010001000010000
12486.1  28 0000000000000010000000010000
12486.1  28 0000000000000010000000010000
12486.1  28 0000000000000010000000010000
12486.1  28 0000000000000010000000010000
12486.1  28 0000000000000010000000010000
12486.1  28 0000000000000010001000010000
12486.1  28 0000000000000010001000010000
12486.1  28 0000000000000010000000010000
12486.1  28 0000000000000010001000010000
12486.1  28 0000000000000010000000010000
12486.1  28 0000000000000010001000010000
12486.1  28 0000000000000010001000010000
12486.1  28 0000000000000010000000010000
12486.1  28 0000000000000010001000010000
12486.1  28 0000000000000010000000010000
12486.1  28 0000000000000010000000010000
12486.1  28 0000000000000010000000010000
12486.1  28 0000000000000010001000010000
12486.1  28 0000000000000010001000010000
12486.1  28 0000000000000010001000010000
12486.1  28 0000000000000010000000010000
12486.1  28 0000000000000010001000010000
12486.1  28 0000000000000010000000010000
12486.1  28 0000000000000010000000010000
12486.1  28 0000000000000010001000010000
12486.1  28 0000000000000010000000010000
12486.1  28 0000000000000010000000010000
12486.1  28 0000000000000010001000010000
12486.1  28 0000000000000010001000010000
12486.1  28 0000000000000010001000010000
12486.1  28 0000000000000010001000010000
12486.1  28 0000000000000010001000010000
12486.1  28 0000000000000010000000010000
12486.1  28 0000000000000010001000010000
12486.1  28 0000000000000010000000010000
12486.1  28 0000000000000010000000010000
12486.1  28 0000000000000010000000010000
12486.1  28 0000000000000010000000010000
12486.1  28 0000000000000010000000010000
12486.1  28 0000000000000010000000010000
12486.1  28 0000000000000010000000010000
12486.1  28 0000000000000010000000010000
12486.1  28 0000000000000010001000010000
12486.1  28 0000000000000010000000010000
12486.1  28 0000000000000010001000010000
12486.1  28 0000000000000010001000010000
12486.1  28 0000000000000010000000010000
12486.1  28 0000000000000010000000010000
12486.1  28 0000000000000010000000010000
12486.1  28 0000000000000010001000010000
12486.1  28 0000000000000010001000010000
12486.1  28 0000000000000010000000010000
12486.1  28 0000000000000010001000010000
12486.1  28 0000000000000010000000010000
12486.1  28 0000000000000010000000010000
12486.1  28 0000000000000010001000010000
12486.1  28 0000000000000010001000010000
12486.1  28 0000000000000010000000010000
12486.1  28 0000000000000010001000010000
12486.1  28 0000000000000010000000010000
12486.1  28 0000000000000010000000010000
12486.1  28 0000000000000010000000010000
12486.1  28 0000000000000010001000010000
12486.1  28 0000000000000010000000010000
