140.056  28 0000000000000010000010000000
140.056  28 0000000000000010000010000000
140.056  28 0000000000000010001010000000
140.056  28 0000000000000010001010000000
140.056  28 0000000000000010001010000000
140.056  28 0000000000000010000010000000
140.056  28 0000000000000010000010000000
140.056  28 0000000000000010000010000000
140.056  28 0000000000000010001010000000
140.056  28 0000000000000010001010000000
140.056  28 0000000000000010000010000000
140.056  28 0000000000000010001010000000
140.056  28 0000000000000010000010000000
140.056  28 0000000000000010000010000000
140.056  28 0000000000000010001010000000
140.056  28 0000000000000010001010000000
140.056  28 0000000000000010001010000000
140.056  28 0000000000000010001010000000
140.056  28 0000000000000010001010000000
140.056  28 0000000000000010000010000000
140.056  28 0000000000000010001010000000
140.056  28 0000000000000010000010000000
140.056  28 0000000000000010001010000000
140.056  28 0000000000000010000010000000
140.056  28 0000000000000010000010000000
140.056  28 0000000000000010001010000000
140.056  28 0000000000000010001010000000
140.056  28 0000000000000010000010000000
140.056  28 0000000000000010001010000000
140.056  28 0000000000000010000010000000
140.056  28 0000000000000010000010000000
140.056  28 0000000000000010001010000000
140.056  28 0000000000000010000010000000
140.056  28 0000000000000010000010000000
140.056  28 0000000000000010001010000000
140.056  28 0000000000000010001010000000
140.056  28 0000000000000010001010000000
140.056  28 0000000000000010001010000000
140.056  28 0000000000000010000010000000
140.056  28 0000000000000010001010000000
140.056  28 0000000000000010000010000000
140.056  28 0000000000000010000010000000
140.056  28 0000000000000010000010000000
140.056  28 0000000000000010000010000000
140.056  28 0000000000000010000010000000
140.056  28 0000000000000010000010000000
140.056  28 0000000000000010001010000000
140.056  28 0000000000000010000010000000
140.056  28 0000000000000010001010000000
140.056  28 0000000000000010000010000000
140.056  28 0000000000000010001010000000
400.056  28 0000000100000000000000000010
140.056  28 0000000000000010000010000000
140.056  28 0000000000000010000010000000
140.056  28 0000000000000010001010000000
140.056  28 0000000000000010001010000000
140.056  28 0000000000000010001010000000
140.056  28 0000000000000010001010000000
140.056  28 0000000000000010000010000000
140.056  28 0000000000000010000010000000
140.056  28 0000000000000010000010000000
140.056  28 0000000000000010001010000000
140.056  28 0000000000000010000010000000
140.056  28 0000000000000010000010000000
140.056  28 0000000000000010001010000000
140.056  28 0000000000000010000010000000
140.056  28 0000000000000010001010000000
140.056  28 0000000000000010000010000000
140.056  28 0000000000000010001010000000
140.056  28 0000000000000010001010000000
140.056  28 0000000000000010001010000000
140.056  28 0000000000000010000010000000
140.056  28 0000000000000010001010000000
140.056  28 0000000000000010001010000000
140.056  28 0000000000000010001010000000
140.056  28 0000000000000010001010000000
140.056  28 0000000000000010001010000000
140.056  28 0000000000000010001010000000
140.056  28 0000000000000010000010000000
140.056  28 0000000000000010001010000000
140.056  28 0000000000000010001010000000
140.056  28 0000000000000010000010000000
140.056  28 0000000000000010000010000000
140.056  28 0000000000000010000010000000
140.056  28 0000000000000010001010000000
140.056  28 0000000000000010000010000000
140.056  28 0000000000000010000010000000
140.056  28 0000000000000010000010000000
140.056  28 0000000000000010001010000000
140.056  28 0000000000000010000010000000
140.056  28 0000000000000010000010000000
140.056  28 0000000000000010000010000000
140.056  28 0000000000000010001010000000
140.056  28 0000000000000010001010000000
140.056  28 0000000000000010001010000000
140.056  28 0000000000000010001010000000
140.056  28 0000000000000010000010000000
140.056  28 0000000000000010000010000000
140.056  28 0000000000000010001010000000
140.056  28 0000000000000010000010000000
