129.056  28 0000000000000010001010000000
137.056  28 0000000000000010000010000000
143.056  28 0000000000000010000010000000
148.056  28 0000000000000010000010000000
161.056  28 0000000000000010001010000000
159.056  28 0000000000000010001010000000
144.056  28 0000000000000010001010000000
136.056  28 0000000000000010001010000000
144.056  28 0000000000000010000010000000
154.056  28 0000000000000010000010000000
127.056  28 0000000000000010001010000000
139.056  28 0000000000000010000010000000
150.056  28 0000000000000010000010000000
171.056  28 0000000000000010000010000000
157.056  28 0000000000000010001010000000
158.056  28 0000000000000010001010000000
132.056  28 0000000000000010000010000000
125.056  28 0000000000000010000010000000
150.056  28 0000000000000010000010000000
145.056  28 0000000000000010000010000000
141.056  28 0000000000000010001010000000
126.056  28 0000000000000010000010000000
149.056  28 0000000000000010000010000000
146.056  28 0000000000000010001010000000
149.056  28 0000000000000010000010000000
150.056  28 0000000000000010000010000000
143.056  28 0000000000000010001010000000
152.056  28 0000000000000010001010000000
137.056  28 0000000000000010001010000000
147.056  28 0000000000000010000010000000
137.056  28 0000000000000010001010000000
155.056  28 0000000000000010000010000000
150.056  28 0000000000000010000010000000
159.056  28 0000000000000010000010000000
118.056  28 0000000000000010001010000000
134.056  28 0000000000000010000010000000
158.056  28 0000000000000010000010000000
161.056  28 0000000000000010001010000000
132.056  28 0000000000000010000010000000
157.056  28 0000000000000010001010000000
135.056  28 0000000000000010000010000000
145.056  28 0000000000000010001010000000
150.056  28 0000000000000010001010000000
155.056  28 0000000000000010001010000000
139.056  28 0000000000000010001010000000
156.056  28 0000000000000010001010000000
142.056  28 0000000000000010000010000000
133.056  28 0000000000000010001010000000
153.056  28 0000000000000010001010000000
135.056  28 0000000000000010000010000000
158.056  28 0000000000000010001010000000
163.056  28 0000000000000010000010000000
167.056  28 0000000000000010001010000000
145.056  28 0000000000000010000010000000
162.056  28 0000000000000010000010000000
127.056  28 0000000000000010001010000000
144.056  28 0000000000000010000010000000
130.056  28 0000000000000010000010000000
136.056  28 0000000000000010001010000000
145.056  28 0000000000000010001010000000
166.056  28 0000000000000010000010000000
143.056  28 0000000000000010000010000000
152.056  28 0000000000000010000010000000
132.056  28 0000000000000010000010000000
161.056  28 0000000000000010001010000000
128.056  28 0000000000000010000010000000
146.056  28 0000000000000010000010000000
160.056  28 0000000000000010001010000000
135.056  28 0000000000000010000010000000
151.056  28 0000000000000010001010000000
132.056  28 0000000000000010000010000000
162.056  28 0000000000000010001010000000
140.056  28 0000000000000010001010000000
145.056  28 0000000000000010000010000000
148.056  28 0000000000000010000010000000
124.056  28 0000000000000010000010000000
148.056  28 0000000000000010001010000000
161.056  28 0000000000000010001010000000
179.056  28 0000000000000010001010000000
145.056  28 0000000000000010001010000000
175.056  28 0000000000000010001010000000
159.056  28 0000000000000010000010000000
137.056  28 0000000000000010001010000000
163.056  28 0000000000000010001010000000
146.056  28 0000000000000010001010000000
180.056  28 0000000000000010001010000000
142.056  28 0000000000000010000010000000
157.056  28 0000000000000010001010000000
156.056  28 0000000000000010001010000000
151.056  28 0000000000000010001010000000
154.056  28 0000000000000010000010000000
145.056  28 0000000000000010000010000000
159.056  28 0000000000000010000010000000
132.056  28 0000000000000010000010000000
153.056  28 0000000000000010000010000000
125.056  28 0000000000000010000010000000
142.056  28 0000000000000010000010000000
144.056  28 0000000000000010000010000000
160.056  28 0000000000000010001010000000
153.056  28 0000000000000010001010000000
