1598.06  28 0000000000000010001010000000
1598.06  28 0000000000000010001010000000
1598.06  28 0000000000000010000010000000
1598.06  28 0000000000000010000010000000
1598.06  28 0000000000000010000010000000
1598.06  28 0000000000000010001010000000
1598.06  28 0000000000000010001010000000
1598.06  28 0000000000000010000010000000
1598.06  28 0000000000000010000010000000
1598.06  28 0000000000000010001010000000
1598.06  28 0000000000000010001010000000
1598.06  28 0000000000000010000010000000
1598.06  28 0000000000000010001010000000
1598.06  28 0000000000000010000010000000
1598.06  28 0000000000000010001010000000
1598.06  28 0000000000000010000010000000
1598.06  28 0000000000000010001010000000
1598.06  28 0000000000000010001010000000
1598.06  28 0000000000000010000010000000
1598.06  28 0000000000000010000010000000
1598.06  28 0000000000000010001010000000
1598.06  28 0000000000000010001010000000
1598.06  28 0000000000000010000010000000
1598.06  28 0000000000000010000010000000
1598.06  28 0000000000000010001010000000
1598.06  28 0000000000000010001010000000
1598.06  28 0000000000000010001010000000
1598.06  28 0000000000000010001010000000
1598.06  28 0000000000000010001010000000
1598.06  28 0000000000000010000010000000
1598.06  28 0000000000000010001010000000
1598.06  28 0000000000000010001010000000
1598.06  28 0000000000000010000010000000
1598.06  28 0000000000000010000010000000
1598.06  28 0000000000000010001010000000
1598.06  28 0000000000000010001010000000
1598.06  28 0000000000000010001010000000
1598.06  28 0000000000000010000010000000
1598.06  28 0000000000000010001010000000
1598.06  28 0000000000000010001010000000
1598.06  28 0000000000000010000010000000
1598.06  28 0000000000000010000010000000
1598.06  28 0000000000000010000010000000
1598.06  28 0000000000000010001010000000
1598.06  28 0000000000000010001010000000
1598.06  28 0000000000000010001010000000
1598.06  28 0000000000000010000010000000
1598.06  28 0000000000000010001010000000
1598.06  28 0000000000000010000010000000
1598.06  28 0000000000000010000010000000
1598.06  28 0000000000000010000010000000
1598.06  28 0000000000000010001010000000
1598.06  28 0000000000000010000010000000
1598.06  28 0000000000000010000010000000
1598.06  28 0000000000000010000010000000
1598.06  28 0000000000000010001010000000
1598.06  28 0000000000000010000010000000
1598.06  28 0000000000000010000010000000
1598.06  28 0000000000000010001010000000
1598.06  28 0000000000000010000010000000
1598.06  28 0000000000000010001010000000
1598.06  28 0000000000000010000010000000
1598.06  28 0000000000000010000010000000
1598.06  28 0000000000000010001010000000
1598.06  28 0000000000000010001010000000
1598.06  28 0000000000000010001010000000
1598.06  28 0000000000000010000010000000
1598.06  28 0000000000000010001010000000
1598.06  28 0000000000000010001010000000
1598.06  28 0000000000000010000010000000
1598.06  28 0000000000000010001010000000
1598.06  28 0000000000000010000010000000
1598.06  28 0000000000000010000010000000
1598.06  28 0000000000000010000010000000
1598.06  28 0000000000000010001010000000
1598.06  28 0000000000000010001010000000
1598.06  28 0000000000000010000010000000
1598.06  28 0000000000000010001010000000
1598.06  28 0000000000000010001010000000
1598.06  28 0000000000000010000010000000
1598.06  28 0000000000000010000010000000
1598.06  28 0000000000000010000010000000
1598.06  28 0000000000000010000010000000
1598.06  28 0000000000000010000010000000
1598.06  28 0000000000000010001010000000
1598.06  28 0000000000000010001010000000
1598.06  28 0000000000000010001010000000
1598.06  28 0000000000000010001010000000
1598.06  28 0000000000000010001010000000
1598.06  28 0000000000000010001010000000
1598.06  28 0000000000000010000010000000
1598.06  28 0000000000000010001010000000
1598.06  28 0000000000000010000010000000
1598.06  28 0000000000000010000010000000
1598.06  28 0000000000000010001010000000
1598.06  28 0000000000000010000010000000
1598.06  28 0000000000000010000010000000
1598.06  28 0000000000000010000010000000
1598.06  28 0000000000000010000010000000
1598.06  28 0000000000000010000010000000
