13.0556  28 0100000000000000001010000000
13.0556  28 0100000000000000000010000000
13.0556  28 0100000000000000001010000000
13.0556  28 0000100000000000001010000000
13.0556  28 0100000000000000000010000000
13.0556  28 0100000000000000000010000000
13.0556  28 0100000000000000001010000000
13.0556  28 0000100000000000000010000000
13.0556  28 0100000000000000001010000000
13.0556  28 0100000000000000001010000000
13.0556  28 0000100000000000000010000000
13.0556  28 0000100000000000000010000000
13.0556  28 0000100000000000001010000000
13.0556  28 0100000000000000001010000000
13.0556  28 0100000000000000000010000000
1054.11  28 0000000100001000000000000100
13.0556  28 0100000000000000001010000000
13.0556  28 0100000000000000001010000000
13.0556  28 0100000000000000000010000000
13.0556  28 0000100000000000000010000000
1054.11  28 0000000100001000000000000010
13.0556  28 0000100000000000000010000000
13.0556  28 0000100000000000001010000000
13.0556  28 0000100000000000001010000000
13.0556  28 0000100000000000001010000000
13.0556  28 0000100000000000000010000000
13.0556  28 0000100000000000001010000000
13.0556  28 0000100000000000000010000000
13.0556  28 0000100000000000000010000000
13.0556  28 0100000000000000001010000000
13.0556  28 0000100000000000000010000000
13.0556  28 0100000000000000001010000000
13.0556  28 0000100000000000000010000000
13.0556  28 0000100000000000001010000000
1054.11  28 0000000100001000000000000010
13.0556  28 0000100000000000000010000000
13.0556  28 0100000000000000001010000000
13.0556  28 0000100000000000000010000000
13.0556  28 0000100000000000001010000000
13.0556  28 0000100000000000001010000000
13.0556  28 0100000000000000000010000000
13.0556  28 0100000000000000000010000000
13.0556  28 0100000000000000000010000000
13.0556  28 0000100000000000001010000000
13.0556  28 0000100000000000001010000000
13.0556  28 0000100000000000001010000000
13.0556  28 0100000000000000001010000000
13.0556  28 0000100000000000001010000000
13.0556  28 0100000000000000001010000000
13.0556  28 0000100000000000000010000000
13.0556  28 0100000000000000000010000000
13.0556  28 0100000000000000000010000000
13.0556  28 0100000000000000001010000000
13.0556  28 0100000000000000001010000000
13.0556  28 0100000000000000001010000000
13.0556  28 0100000000000000000010000000
13.0556  28 0100000000000000001010000000
13.0556  28 0100000000000000000010000000
13.0556  28 0100000000000000000010000000
1054.11  28 0000000100001000000000000100
13.0556  28 0000100000000000001010000000
13.0556  28 0000100000000000000010000000
13.0556  28 0100000000000000000010000000
13.0556  28 0000100000000000000010000000
13.0556  28 0000100000000000001010000000
13.0556  28 0000100000000000000010000000
13.0556  28 0000100000000000001010000000
13.0556  28 0100000000000000000010000000
13.0556  28 0100000000000000001010000000
13.0556  28 0000100000000000000010000000
13.0556  28 0100000000000000000010000000
13.0556  28 0100000000000000000010000000
13.0556  28 0000100000000000001010000000
13.0556  28 0000100000000000001010000000
13.0556  28 0100000000000000001010000000
13.0556  28 0000100000000000000010000000
13.0556  28 0100000000000000000010000000
13.0556  28 0100000000000000001010000000
13.0556  28 0100000000000000001010000000
13.0556  28 0000100000000000001010000000
13.0556  28 0100000000000000000010000000
13.0556  28 0100000000000000000010000000
13.0556  28 0000100000000000001010000000
13.0556  28 0100000000000000000010000000
13.0556  28 0000100000000000001010000000
13.0556  28 0000100000000000000010000000
13.0556  28 0000100000000000000010000000
13.0556  28 0100000000000000000010000000
13.0556  28 0000100000000000000010000000
13.0556  28 0000100000000000000010000000
13.0556  28 0000100000000000000010000000
13.0556  28 0000100000000000001010000000
13.0556  28 0100000000000000001010000000
13.0556  28 0000100000000000000010000000
13.0556  28 0100000000000000000010000000
13.0556  28 0100000000000000000010000000
13.0556  28 0000100000000000000010000000
13.0556  28 0000100000000000000010000000
13.0556  28 0100000000000000000010000000
13.0556  28 0000100000000000001010000000
