123.111  28 0000000100001000000000000100
50.0556  28 0100000000000000000010000000
48.0556  28 0100000000000000001010000000
50.0556  28 0100000000000000001010000000
42.0556  28 0000100000000000000010000000
41.0556  28 0000100000000000001010000000
32.0556  28 0100000000000000001010000000
45.0556  28 0000100000000000001010000000
41.0556  28 0100000000000000001010000000
50.0556  28 0100000000000000000010000000
52.0556  28 0100000000000000000010000000
190.222  28 0010010101000000001100100000
158.111  28 0000000100001000000000000100
48.0556  28 0000100000000000001010000000
46.0556  28 0000100000000000000010000000
42.0556  28 0100000000000000000010000000
44.0556  28 0100000000000000000010000000
41.0556  28 0100000000000000000010000000
45.0556  28 0100000000000000000010000000
125.111  28 0000000100001000000000000100
44.0556  28 0100000000000000000010000000
136.111  28 0000000100001000000000000100
51.0556  28 0100000000000000001010000000
48.0556  28 0000100000000000000010000000
43.0556  28 0100000000000000000010000000
42.0556  28 0000100000000000000010000000
48.0556  28 0100000000000000000010000000
45.0556  28 0100000000000000001010000000
176.222  28 0000000101000100101100100000
51.0556  28 0100000000000000001010000000
31.0556  28 0100000000000000000010000000
46.0556  28 0100000000000000000010000000
179.222  28 0000000101000100101000100000
77.0556  28 0000000000000010000000010000
45.0556  28 0100000000000000001010000000
134.111  28 0000000100001000000000000010
139.111  28 0000000100001000000000000100
128.111  28 0000000100001000000000000010
46.0556  28 0100000000000000001010000000
36.0556  28 0000100000000000001010000000
55.0556  28 0000100000000000000010000000
39.0556  28 0100000000000000000010000000
125.111  28 0000000100001000000000000010
39.0556  28 0100000000000000000010000000
40.0556  28 0000100000000000001010000000
36.0556  28 0000100000000000000010000000
48.0556  28 0100000000000000001010000000
41.0556  28 0000100000000000001010000000
34.0556  28 0000100000000000001010000000
45.0556  28 0100000000000000001010000000
112.111  28 0000000100001000000000000010
34.0556  28 0000100000000000000010000000
40.0556  28 0100000000000000001010000000
57.0556  28 0100000000000000000010000000
40.0556  28 0100000000000000000010000000
55.0556  28 0000100000000000000010000000
47.0556  28 0100000000000000000010000000
47.0556  28 0100000000000000000010000000
51.0556  28 0100000000000000000010000000
37.0556  28 0100000000000000001010000000
43.0556  28 0000100000000000000010000000
47.0556  28 0100000000000000001010000000
137.111  28 0000000100001000000000000010
45.0556  28 0100000000000000000010000000
44.0556  28 0000100000000000000010000000
45.0556  28 0100000000000000000010000000
46.0556  28 0000100000000000001010000000
49.0556  28 0000100000000000000010000000
44.0556  28 0000100000000000000010000000
134.111  28 0000000100001000000000000010
46.0556  28 0100000000000000001010000000
46.0556  28 0100000000000000001010000000
49.0556  28 0000100000000000000010000000
34.0556  28 0000100000000000001010000000
50.0556  28 0000100000000000001010000000
45.0556  28 0100000000000000001010000000
36.0556  28 0000100000000000001010000000
39.0556  28 0000100000000000001010000000
51.0556  28 0100000000000000000010000000
48.0556  28 0100000000000000000010000000
45.0556  28 0100000000000000000010000000
42.0556  28 0100000000000000001010000000
40.0556  28 0100000000000000000010000000
46.0556  28 0000100000000000001010000000
34.0556  28 0000100000000000000010000000
45.0556  28 0100000000000000001010000000
43.0556  28 0000100000000000000010000000
33.0556  28 0000100000000000000010000000
183.167  28 0000010101000000001000100000
43.0556  28 0000100000000000001010000000
39.0556  28 0000100000000000000010000000
42.0556  28 0100000000000000000010000000
49.0556  28 0100000000000000001010000000
133.111  28 0000000100001000000000000010
44.0556  28 0100000000000000001010000000
42.0556  28 0100000000000000000010000000
128.111  28 0000000100001000000000000010
38.0556  28 0100000000000000000010000000
41.0556  28 0000100000000000000010000000
166.167  28 0000000101000000101100000010
