41.0556  28 0100000000000000001010000000
41.0556  28 0000100000000000001010000000
41.0556  28 0100000000000000000010000000
41.0556  28 0000100000000000001010000000
41.0556  28 0100000000000000001010000000
41.0556  28 0100000000000000000010000000
41.0556  28 0000100000000000000010000000
41.0556  28 0100000000000000001010000000
41.0556  28 0000100000000000001010000000
41.0556  28 0000100000000000000010000000
41.0556  28 0000100000000000000010000000
140.111  28 0000000100001000000000000010
41.0556  28 0000100000000000001010000000
140.111  28 0000000100001000000000000010
41.0556  28 0100000000000000000010000000
41.0556  28 0000100000000000001010000000
41.0556  28 0000100000000000000010000000
41.0556  28 0000100000000000001010000000
41.0556  28 0000100000000000001010000000
41.0556  28 0000100000000000001010000000
187.167  28 0000010101000000001100100000
140.111  28 0000000100001000000000000100
41.0556  28 0100000000000000001010000000
41.0556  28 0000100000000000001010000000
41.0556  28 0000100000000000001010000000
41.0556  28 0100000000000000000010000000
41.0556  28 0100000000000000000010000000
140.111  28 0000000100001000000000000100
41.0556  28 0000100000000000000010000000
41.0556  28 0000100000000000000010000000
41.0556  28 0100000000000000001010000000
41.0556  28 0100000000000000001010000000
41.0556  28 0100000000000000000010000000
41.0556  28 0100000000000000000010000000
41.0556  28 0000100000000000001010000000
41.0556  28 0000100000000000001010000000
140.111  28 0000000100001000000000000100
41.0556  28 0100000000000000001010000000
41.0556  28 0000100000000000000010000000
41.0556  28 0000100000000000000010000000
41.0556  28 0100000000000000000010000000
41.0556  28 0100000000000000001010000000
41.0556  28 0100000000000000000010000000
140.111  28 0000000100001000000000000010
41.0556  28 0100000000000000000010000000
41.0556  28 0100000000000000000010000000
41.0556  28 0100000000000000000010000000
41.0556  28 0000100000000000000010000000
41.0556  28 0000100000000000001010000000
41.0556  28 0100000000000000001010000000
41.0556  28 0100000000000000001010000000
41.0556  28 0000100000000000000010000000
41.0556  28 0000100000000000001010000000
140.111  28 0000000100001000000000000010
41.0556  28 0100000000000000000010000000
140.111  28 0000000100001000000000000010
41.0556  28 0000100000000000001010000000
140.111  28 0000000100001000000000000100
140.111  28 0000000100001000000000000010
41.0556  28 0000100000000000000010000000
41.0556  28 0000100000000000001010000000
41.0556  28 0000100000000000000010000000
41.0556  28 0100000000000000001010000000
41.0556  28 0100000000000000001010000000
41.0556  28 0100000000000000000010000000
41.0556  28 0100000000000000000010000000
41.0556  28 0100000000000000001010000000
41.0556  28 0000100000000000000010000000
41.0556  28 0000100000000000000010000000
41.0556  28 0000100000000000000010000000
41.0556  28 0000100000000000000010000000
140.111  28 0000000100001000000000000010
41.0556  28 0100000000000000001010000000
41.0556  28 0100000000000000001010000000
41.0556  28 0100000000000000000010000000
41.0556  28 0000100000000000001010000000
41.0556  28 0000100000000000001010000000
187.167  28 0000010101000000001000100000
41.0556  28 0100000000000000001010000000
41.0556  28 0100000000000000001010000000
41.0556  28 0000100000000000000010000000
41.0556  28 0000100000000000001010000000
41.0556  28 0100000000000000001010000000
41.0556  28 0000100000000000001010000000
41.0556  28 0000100000000000001010000000
41.0556  28 0100000000000000001010000000
41.0556  28 0100000000000000000010000000
41.0556  28 0100000000000000001010000000
41.0556  28 0000100000000000000010000000
41.0556  28 0000100000000000001010000000
41.0556  28 0100000000000000000010000000
41.0556  28 0100000000000000000010000000
41.0556  28 0000100000000000000010000000
41.0556  28 0100000000000000001010000000
41.0556  28 0000100000000000000010000000
41.0556  28 0100000000000000001010000000
41.0556  28 0000100000000000000010000000
41.0556  28 0100000000000000000010000000
41.0556  28 0000100000000000000010000000
41.0556  28 0000100000000000001010000000
