1107.06  28 0000000000000010001000010000
1107.06  28 0000000000000010001000010000
1107.06  28 0000000000000010001000010000
1107.06  28 0000000000000010000000010000
1107.06  28 0000000000000010000000010000
1107.06  28 0000000000000010001000010000
1107.06  28 0000000000000010000000010000
1107.06  28 0000000000000010000000010000
1107.06  28 0000000000000010000000010000
1107.06  28 0000000000000010000000010000
1107.06  28 0000000000000010000000010000
1107.06  28 0000000000000010000000010000
1107.06  28 0000000000000010000000010000
1107.06  28 0000000000000010001000010000
1107.06  28 0000000000000010001000010000
1107.06  28 0000000000000010000000010000
1107.06  28 0000000000000010000000010000
1107.06  28 0000000000000010000000010000
1107.06  28 0000000000000010000000010000
1107.06  28 0000000000000010001000010000
1107.06  28 0000000000000010001000010000
1107.06  28 0000000000000010000000010000
1107.06  28 0000000000000010000000010000
1107.06  28 0000000000000010000000010000
1107.06  28 0000000000000010001000010000
1107.06  28 0000000000000010001000010000
2335.11  28 0000000100001000000000000100
1107.06  28 0000000000000010001000010000
1107.06  28 0000000000000010000000010000
1107.06  28 0000000000000010000000010000
1107.06  28 0000000000000010001000010000
1107.06  28 0000000000000010000000010000
1107.06  28 0000000000000010001000010000
1107.06  28 0000000000000010000000010000
1107.06  28 0000000000000010001000010000
1107.06  28 0000000000000010000000010000
1107.06  28 0000000000000010001000010000
1107.06  28 0000000000000010000000010000
1107.06  28 0000000000000010001000010000
1107.06  28 0000000000000010001000010000
1107.06  28 0000000000000010000000010000
1107.06  28 0000000000000010000000010000
1107.06  28 0000000000000010000000010000
1107.06  28 0000000000000010001000010000
1107.06  28 0000000000000010001000010000
1107.06  28 0000000000000010001000010000
1107.06  28 0000000000000010001000010000
1107.06  28 0000000000000010000000010000
1107.06  28 0000000000000010001000010000
1107.06  28 0000000000000010001000010000
2335.11  28 0000000100001000000000000010
1107.06  28 0000000000000010000000010000
1107.06  28 0000000000000010001000010000
1107.06  28 0000000000000010000000010000
1107.06  28 0000000000000010001000010000
1107.06  28 0000000000000010000000010000
1107.06  28 0000000000000010000000010000
1107.06  28 0000000000000010000000010000
1107.06  28 0000000000000010000000010000
1107.06  28 0000000000000010000000010000
1107.06  28 0000000000000010000000010000
1107.06  28 0000000000000010001000010000
1107.06  28 0000000000000010000000010000
1107.06  28 0000000000000010000000010000
1107.06  28 0000000000000010000000010000
1107.06  28 0000000000000010000000010000
1107.06  28 0000000000000010001000010000
1107.06  28 0000000000000010001000010000
1107.06  28 0000000000000010001000010000
1107.06  28 0000000000000010000000010000
1107.06  28 0000000000000010000000010000
1107.06  28 0000000000000010000000010000
1107.06  28 0000000000000010000000010000
1107.06  28 0000000000000010001000010000
1107.06  28 0000000000000010001000010000
1107.06  28 0000000000000010001000010000
1107.06  28 0000000000000010000000010000
1107.06  28 0000000000000010000000010000
1107.06  28 0000000000000010001000010000
1107.06  28 0000000000000010000000010000
1107.06  28 0000000000000010000000010000
1107.06  28 0000000000000010000000010000
1107.06  28 0000000000000010001000010000
1107.06  28 0000000000000010000000010000
1107.06  28 0000000000000010001000010000
1107.06  28 0000000000000010000000010000
1107.06  28 0000000000000010000000010000
1107.06  28 0000000000000010000000010000
1107.06  28 0000000000000010000000010000
1107.06  28 0000000000000010001000010000
1107.06  28 0000000000000010000000010000
1107.06  28 0000000000000010000000010000
1107.06  28 0000000000000010001000010000
1107.06  28 0000000000000010000000010000
1107.06  28 0000000000000010001000010000
1107.06  28 0000000000000010001000010000
1107.06  28 0000000000000010000000010000
1107.06  28 0000000000000010001000010000
1107.06  28 0000000000000010000000010000
1107.06  28 0000000000000010000000010000
