114.056  28 0000000000000010000000010000
95.0556  28 0000000000000010000000010000
134.056  28 0000000000000010001000010000
109.056  28 0000000000000010001010000000
131.056  28 0000000000000010001000010000
131.056  28 0000000000000010000010000000
124.056  28 0000000000000010001010000000
116.056  28 0000000000000010001010000000
133.056  28 0000000000000010001010000000
122.111  28 0000000000100010001010000000
110.056  28 0000000000000010001010000000
127.056  28 0000000000000010001010000000
124.056  28 0000000000000010000010000000
123.056  28 0000000000000010000000010000
115.056  28 0000000000000010001000010000
122.111  28 0000000000000011001010000000
129.056  28 0000000000000010001010000000
121.056  28 0000000000000010000010000000
122.056  28 0000000000000010001010000000
118.056  28 0000000000000010001010000000
117.056  28 0000000000000010001010000000
108.056  28 0000000000000010000000010000
115.056  28 0000000000000010001010000000
109.056  28 0000000000000010001000010000
115.056  28 0000000000000010001010000000
116.056  28 0000000000000010000010000000
117.056  28 0000000000000010000010000000
125.111  28 0000000000000010101010000000
134.056  28 0000000000000010000010000000
132.056  28 0000000000000010000010000000
123.056  28 0000000000000010001010000000
110.111  28 0000000000000011001010000000
121.056  28 0000000000000010000010000000
110.056  28 0000000000000010001000010000
121.056  28 0000000000000010001010000000
123.056  28 0000000000000010001010000000
112.056  28 0000000000000010001010000000
116.056  28 0000000000000010001000010000
111.056  28 0000000000000010000010000000
132.056  28 0000000000000010001010000000
114.056  28 0000000000000010001010000000
128.056  28 0000000000000010001000010000
100.056  28 0000000000000010001010000000
115.056  28 0000000000000010001010000000
121.056  28 0000000000000010000000010000
122.056  28 0000000000000010000010000000
133.056  28 0000000000000010001010000000
100.056  28 0000000000000010001010000000
106.056  28 0000000000000010001010000000
110.056  28 0000000000000010000010000000
113.056  28 0000000000000010001010000000
124.056  28 0000000000000010000010000000
117.111  28 0000000000000011001010000000
131.111  28 0000000000000010101010000000
121.111  28 0000000000100010001010000000
115.056  28 0000000000000010001000010000
118.111  28 0000000000000010101010000000
113.056  28 0000000000000010000010000000
112.111  28 0000000000000010101010000000
111.056  28 0000000000000010001010000000
110.056  28 0000000000000010001010000000
112.056  28 0000000000000010001010000000
117.056  28 0000000000000010000010000000
125.056  28 0000000000000010001000010000
107.056  28 0000000000000010001010000000
128.111  28 0000000000000011001010000000
124.056  28 0000000000000010000010000000
108.056  28 0000000000000010001010000000
123.056  28 0000000000000010001010000000
117.111  28 0000000000000010101010000000
110.056  28 0000000000000010001010000000
125.056  28 0000000000000010000010000000
125.056  28 0000000000000010000010000000
109.056  28 0000000000000010001010000000
104.111  28 0000000000000010101010000000
125.111  28 0000000000000010101010000000
113.056  28 0000000000000010000010000000
115.056  28 0000000000000010000010000000
126.056  28 0000000000000010000010000000
125.056  28 0000000000000010001010000000
114.056  28 0000000000000010001010000000
120.056  28 0000000000000010000010000000
100.056  28 0000000000000010001010000000
126.111  28 0000000000100010001010000000
126.111  28 0000000000000011001010000000
127.056  28 0000000000000010001010000000
117.056  28 0000000000000010000010000000
106.056  28 0000000000000010001010000000
123.056  28 0000000000000010001010000000
118.056  28 0000000000000010001000010000
112.056  28 0000000000000010001000010000
112.056  28 0000000000000010000000010000
119.056  28 0000000000000010000010000000
131.056  28 0000000000000010001010000000
115.056  28 0000000000000010000010000000
119.056  28 0000000000000010001000010000
111.056  28 0000000000000010001010000000
119.056  28 0000000000000010000000010000
111.056  28 0000000000000010001010000000
118.056  28 0000000000000010000000010000
