141.111  28 0000000000000010101010000000
141.111  28 0000000000100010001010000000
141.111  28 0000000000100010001010000000
141.111  28 0000000000000010101010000000
141.111  28 0000000000000010101010000000
141.111  28 0000000000100010001010000000
141.111  28 0000000000100010001010000000
141.111  28 0000000000000010101010000000
141.111  28 0000000000100010001010000000
141.111  28 0000000000100010001010000000
141.111  28 0000000000000010101010000000
141.111  28 0000000000000010101010000000
141.111  28 0000000000000010101010000000
141.111  28 0000000000100010001010000000
141.111  28 0000000000000010101010000000
141.111  28 0000000000000010101010000000
141.111  28 0000000000100010001010000000
141.111  28 0000000000100010001010000000
141.111  28 0000000000000010101010000000
141.111  28 0000000000000010101010000000
141.111  28 0000000000100010001010000000
141.111  28 0000000000100010001010000000
141.111  28 0000000000100010001010000000
141.111  28 0000000000000010101010000000
141.111  28 0000000000100010001010000000
141.111  28 0000000000100010001010000000
141.111  28 0000000000000010101010000000
141.111  28 0000000000100010001010000000
141.111  28 0000000000000010101010000000
141.111  28 0000000000100010001010000000
141.111  28 0000000000000010101010000000
141.111  28 0000000000100010001010000000
141.111  28 0000000000000010101010000000
141.111  28 0000000000000010101010000000
141.111  28 0000000000000010101010000000
141.111  28 0000000000000010101010000000
141.111  28 0000000000100010001010000000
141.111  28 0000000000100010001010000000
141.111  28 0000000000000010101010000000
141.111  28 0000000000000010101010000000
141.111  28 0000000000100010001010000000
141.111  28 0000000000000010101010000000
141.111  28 0000000000100010001010000000
141.111  28 0000000000000010101010000000
141.111  28 0000000000100010001010000000
141.111  28 0000000000000010101010000000
141.111  28 0000000000100010001010000000
141.111  28 0000000000100010001010000000
141.111  28 0000000000100010001010000000
141.111  28 0000000000000010101010000000
141.111  28 0000000000100010001010000000
141.111  28 0000000000100010001010000000
141.111  28 0000000000100010001010000000
141.111  28 0000000000100010001010000000
141.111  28 0000000000000010101010000000
141.111  28 0000000000000010101010000000
141.111  28 0000000000000010101010000000
141.111  28 0000000000000010101010000000
141.111  28 0000000000000010101010000000
141.111  28 0000000000000010101010000000
141.111  28 0000000000100010001010000000
141.111  28 0000000000000010101010000000
141.111  28 0000000000000010101010000000
141.111  28 0000000000000010101010000000
141.111  28 0000000000100010001010000000
141.111  28 0000000000000010101010000000
141.111  28 0000000000100010001010000000
141.111  28 0000000000000010101010000000
141.111  28 0000000000000010101010000000
141.111  28 0000000000000010101010000000
141.111  28 0000000000000010101010000000
141.111  28 0000000000000010101010000000
141.111  28 0000000000000010101010000000
141.111  28 0000000000100010001010000000
141.111  28 0000000000000010101010000000
141.111  28 0000000000100010001010000000
141.111  28 0000000000100010001010000000
141.111  28 0000000000100010001010000000
141.111  28 0000000000000010101010000000
141.111  28 0000000000000010101010000000
141.111  28 0000000000100010001010000000
141.111  28 0000000000100010001010000000
141.111  28 0000000000100010001010000000
141.111  28 0000000000000010101010000000
141.111  28 0000000000000010101010000000
141.111  28 0000000000000010101010000000
141.111  28 0000000000100010001010000000
141.111  28 0000000000100010001010000000
141.111  28 0000000000100010001010000000
141.111  28 0000000000100010001010000000
141.111  28 0000000000000010101010000000
141.111  28 0000000000100010001010000000
141.111  28 0000000000000010101010000000
141.111  28 0000000000000010101010000000
141.111  28 0000000000100010001010000000
141.111  28 0000000000000010101010000000
141.111  28 0000000000100010001010000000
141.111  28 0000000000000010101010000000
141.111  28 0000000000100010001010000000
141.111  28 0000000000000010101010000000
