642.056  28 0000000000100000001000000100
642.056  28 0000000000100000001000000100
642.056  28 0000000000100000000000000100
704.167  28 0000100001100000001100000010
438.111  28 1000000000010000001110000000
527.167  28 0000000001010000011100001000
642.056  28 0000000000100000000000000010
642.056  28 0000000000100000001000000010
438.111  28 1000000000010000001110000000
704.167  28 0000100001100000001100000010
438.111  28 1000000000010000001110000000
719.278  28 0000101001100100001100100000
719.278  28 0000101001100100001100100000
438.111  28 1000000000010000001110000000
699.222  28 0001100000100010001100000010
719.278  28 0000101001100100001100100000
642.056  28 0000000000100000001000000010
438.111  28 1000000000010000001110000000
719.278  28 0000101001100100001100100000
704.167  28 0000100001100000001100000010
719.278  28 0000101001100100001100100000
699.222  28 0001100000100010001100000010
642.056  28 0000000000100000000000000010
719.278  28 0000101001100100001100100000
642.056  28 0000000000100000001000000100
438.111  28 1000000000010000001110000000
719.278  28 0000101001100100001100100000
438.111  28 1000000000010000001110000000
642.056  28 0000000000100000001000000100
719.278  28 0000101001100100001100100000
438.111  28 1000000000010000001110000000
699.222  28 0001100000100010001100000010
642.056  28 0000000000100000001000000100
719.278  28 0000101001100100001100100000
438.111  28 1000000000010000001110000000
642.056  28 0000000000100000001000000100
719.278  28 0000101001100100001100100000
642.056  28 0000000000100000001000000010
642.056  28 0000000000100000001000000100
642.056  28 0000000000100000001000000100
438.111  28 1000000000010000001110000000
642.056  28 0000000000100000001000000010
699.222  28 0001100000100010001100000010
699.222  28 0001100000100010001100000010
642.056  28 0000000000100000001000000010
438.111  28 1000000000010000001110000000
642.056  28 0000000000100000001000000010
719.278  28 0000101001100100001100100000
699.222  28 0001100000100010001100000010
642.056  28 0000000000100000000000000100
719.278  28 0000101001100100001100100000
642.056  28 0000000000100000001000000010
642.056  28 0000000000100000000000000010
438.111  28 1000000000010000001110000000
719.278  28 0000101001100100001100100000
438.111  28 1000000000010000001110000000
719.278  28 0000101001100100001100100000
642.056  28 0000000000100000000000000010
642.056  28 0000000000100000000000000010
719.278  28 0000101001100100001100100000
699.222  28 0001100000100010001100000010
527.167  28 0000000001010000011100001000
438.111  28 1000000000010000001110000000
527.167  28 0000000001010000011100001000
438.111  28 1000000000010000001110000000
642.056  28 0000000000100000001000000010
642.056  28 0000000000100000000000000010
642.056  28 0000000000100000000000000100
719.278  28 0000101001100100001100100000
642.056  28 0000000000100000001000000010
719.278  28 0000101001100100001100100000
642.056  28 0000000000100000001000000100
438.111  28 1000000000010000001110000000
642.056  28 0000000000100000000000000010
719.278  28 0000101001100100001100100000
527.167  28 0000000001010000011100001000
438.111  28 1000000000010000001110000000
642.056  28 0000000000100000001000000010
719.278  28 0000101001100100001100100000
642.056  28 0000000000100000000000000100
719.278  28 0000101001100100001100100000
642.056  28 0000000000100000000000000010
438.111  28 1000000000010000001110000000
480.222  28 1001001000010000001100001000
719.278  28 0000101001100100001100100000
704.167  28 0000100001100000001100000010
642.056  28 0000000000100000001000000010
438.111  28 1000000000010000001110000000
642.056  28 0000000000100000001000000010
642.056  28 0000000000100000000000000100
642.056  28 0000000000100000000000000100
438.111  28 1000000000010000001110000000
642.056  28 0000000000100000001000000010
438.111  28 1000000000010000001110000000
642.056  28 0000000000100000001000000100
719.278  28 0000101001100100001100100000
642.056  28 0000000000100000000000000010
699.222  28 0001100000100010001100000010
642.056  28 0000000000100000000000000100
642.056  28 0000000000100000000000000010
