377.222  28 0001101000100000001100000010
417.278  28 0000101000100110001100100000
364.111  28 0000000000100000011000000010
299.056  28 0000000000010000000010000000
377.222  28 0001101000100000001100000010
299.056  28 0000000000010000000010000000
299.056  28 0000000000010000000010000000
377.222  28 0001101000100000001100000010
299.056  28 0000000000010000000010000000
299.056  28 0000000000010000001010000000
299.056  28 0000000000010000000010000000
377.222  28 0001101000100000001100000010
299.056  28 0000000000010000001010000000
377.222  28 0001101000100000001100000010
377.222  28 0001101000100000001100000010
299.056  28 0000000000010000000010000000
299.056  28 0000000000010000000010000000
377.222  28 0001101000100000001100000010
299.056  28 0000000000010000001010000000
364.111  28 0000000000100000011000000100
299.056  28 0000000000010000000010000000
299.056  28 0000000000010000001010000000
299.056  28 0000000000010000000010000000
299.056  28 0000000000010000001010000000
417.278  28 0000101000100110001100100000
377.222  28 0001101000100000001100000010
299.056  28 0000000000010000000010000000
299.056  28 0000000000010000001010000000
299.056  28 0000000000010000000010000000
377.222  28 0001101000100000001100000010
299.056  28 0000000000010000001010000000
299.056  28 0000000000010000001010000000
377.222  28 0001101000100000001100000010
377.222  28 0001101000100000001100000010
299.056  28 0000000000010000000010000000
377.222  28 0001101000100000001100000010
377.222  28 0001101000100000001100000010
299.056  28 0000000000010000001010000000
299.056  28 0000000000010000000010000000
377.222  28 0001101000100000001100000010
377.222  28 0001101000100000001100000010
377.222  28 0001101000100000001100000010
294.111  28 0000000001000000011100001000
299.056  28 0000000000010000000010000000
377.222  28 0001101000100000001100000010
299.056  28 0000000000010000001010000000
299.056  28 0000000000010000000010000000
299.056  28 0000000000010000001010000000
377.222  28 0001101000100000001100000010
299.056  28 0000000000010000001010000000
377.222  28 0001101000100000001100000010
417.278  28 0000101000100110001100100000
377.222  28 0001101000100000001100000010
377.222  28 0001101000100000001100000010
377.222  28 0001101000100000001100000010
417.278  28 0000101000100110001100100000
417.278  28 0000101000100110001100100000
299.056  28 0000000000010000001010000000
377.222  28 0001101000100000001100000010
299.056  28 0000000000010000000010000000
385.278  28 0001101000100010001100000010
299.056  28 0000000000010000000010000000
417.278  28 0000101000100110001100100000
417.278  28 0000101000100110001100100000
299.056  28 0000000000010000001010000000
299.056  28 0000000000010000001010000000
377.222  28 0001101000100000001100000010
299.056  28 0000000000010000000010000000
299.056  28 0000000000010000001010000000
377.222  28 0001101000100000001100000010
377.222  28 0001101000100000001100000010
377.222  28 0001101000100000001100000010
377.222  28 0001101000100000001100000010
299.056  28 0000000000010000001010000000
364.111  28 0000000000100000011000000010
299.056  28 0000000000010000000010000000
377.222  28 0001101000100000001100000010
377.222  28 0001101000100000001100000010
299.056  28 0000000000010000000010000000
299.056  28 0000000000010000000010000000
299.056  28 0000000000010000001010000000
299.056  28 0000000000010000001010000000
377.222  28 0001101000100000001100000010
299.056  28 0000000000010000000010000000
377.222  28 0001101000100000001100000010
299.056  28 0000000000010000001010000000
377.222  28 0001101000100000001100000010
299.056  28 0000000000010000000010000000
299.056  28 0000000000010000000010000000
299.056  28 0000000000010000000010000000
299.056  28 0000000000010000001010000000
377.222  28 0001101000100000001100000010
377.222  28 0001101000100000001100000010
299.056  28 0000000000010000000010000000
377.222  28 0001101000100000001100000010
299.056  28 0000000000010000001010000000
299.056  28 0000000000010000000010000000
377.222  28 0001101000100000001100000010
299.056  28 0000000000010000001010000000
299.056  28 0000000000010000000010000000
