2045.06  28 0000000000010000000010000000
3586.22  28 0000001000100110001100100000
2045.06  28 0000000000010000000010000000
2045.06  28 0000000000010000001010000000
2045.06  28 0000000000010000001010000000
2045.06  28 0000000000010000001010000000
2045.06  28 0000000000010000000010000000
3586.22  28 0000001000100110001100100000
2045.06  28 0000000000010000000010000000
2045.06  28 0000000000010000001010000000
2045.06  28 0000000000010000001010000000
3586.22  28 0000001000100110001100100000
3586.22  28 0000001000100110001100100000
2045.06  28 0000000000010000001010000000
3586.22  28 0000001000100110001100100000
2045.06  28 0000000000010000000010000000
2045.06  28 0000000000010000000010000000
2045.06  28 0000000000010000000010000000
2045.06  28 0000000000010000000010000000
3586.22  28 0000001000100110001100100000
3064.06  28 0000000000100000001000000100
3586.22  28 0000001000100110001100100000
2045.06  28 0000000000010000000010000000
3064.06  28 0000000000100000001000000010
2045.06  28 0000000000010000000010000000
3586.22  28 0000001000100110001100100000
3703.22  28 0100100000100001001100100000
2045.06  28 0000000000010000000010000000
2045.06  28 0000000000010000000010000000
3586.22  28 0000001000100110001100100000
3586.22  28 0000001000100110001100100000
2045.06  28 0000000000010000001010000000
2045.06  28 0000000000010000000010000000
2045.06  28 0000000000010000000010000000
3586.22  28 0000001000100110001100100000
3586.22  28 0000001000100110001100100000
2045.06  28 0000000000010000000010000000
3586.22  28 0000001000100110001100100000
3586.22  28 0000001000100110001100100000
3586.22  28 0000001000100110001100100000
3586.22  28 0000001000100110001100100000
3586.22  28 0000001000100110001100100000
2045.06  28 0000000000010000001010000000
3586.22  28 0000001000100110001100100000
3586.22  28 0000001000100110001100100000
3703.22  28 0100100000100001001100100000
2045.06  28 0000000000010000000010000000
2045.06  28 0000000000010000001010000000
2045.06  28 0000000000010000000010000000
3586.22  28 0000001000100110001100100000
2045.06  28 0000000000010000000010000000
3064.06  28 0000000000100000000000000010
3703.22  28 0100100000100001001100100000
3586.22  28 0000001000100110001100100000
3586.22  28 0000001000100110001100100000
2045.06  28 0000000000010000000010000000
3586.22  28 0000001000100110001100100000
2045.06  28 0000000000010000000010000000
2045.06  28 0000000000010000001010000000
2045.06  28 0000000000010000001010000000
3586.22  28 0000001000100110001100100000
2045.06  28 0000000000010000001010000000
2045.06  28 0000000000010000001010000000
3064.06  28 0000000000100000001000000010
2045.06  28 0000000000010000000010000000
2045.06  28 0000000000010000001010000000
3586.22  28 0000001000100110001100100000
3586.22  28 0000001000100110001100100000
2045.06  28 0000000000010000000010000000
2045.06  28 0000000000010000001010000000
3586.22  28 0000001000100110001100100000
3586.22  28 0000001000100110001100100000
2045.06  28 0000000000010000000010000000
2045.06  28 0000000000010000001010000000
2045.06  28 0000000000010000001010000000
2045.06  28 0000000000010000000010000000
2045.06  28 0000000000010000001010000000
2045.06  28 0000000000010000000010000000
3586.22  28 0000001000100110001100100000
3586.22  28 0000001000100110001100100000
2045.06  28 0000000000010000000010000000
2045.06  28 0000000000010000000010000000
2045.06  28 0000000000010000001010000000
3586.22  28 0000001000100110001100100000
2045.06  28 0000000000010000001010000000
3586.22  28 0000001000100110001100100000
2045.06  28 0000000000010000000010000000
3586.22  28 0000001000100110001100100000
2045.06  28 0000000000010000001010000000
3703.22  28 0100100000100001001100100000
3586.22  28 0000001000100110001100100000
3064.06  28 0000000000100000001000000010
3586.22  28 0000001000100110001100100000
2045.06  28 0000000000010000001010000000
3586.22  28 0000001000100110001100100000
2045.06  28 0000000000010000000010000000
2045.06  28 0000000000010000001010000000
2045.06  28 0000000000010000001010000000
2045.06  28 0000000000010000000010000000
3586.22  28 0000001000100110001100100000
