6725.28  28 0100000100100100011100100000
6725.28  28 0101000100100100001100100000
6725.28  28 0100000100100100011100100000
5386.17  28 0001000001010000001100001000
6143.11  28 0000000000100000011000000100
6721.22  28 0100000110010000001110000000
6725.28  28 0100000100100101001100100000
5258.11  28 0000001000010000001110000000
6725.28  28 0100000100100100011100100000
6143.11  28 0000000000100000011000000010
6725.28  28 0101000100100100001100100000
6725.28  28 0101000100100100001100100000
6725.28  28 0100000110100100001100100000
5258.11  28 0000001000010000001110000000
6725.28  28 1100000100100100001100100000
5258.11  28 0000001000010000001110000000
6725.28  28 1100000100100100001100100000
6143.11  28 0000000000100000011000000010
5258.11  28 0000001000010000001110000000
6143.11  28 0000000000100000011000000010
6725.28  28 1100000100100100001100100000
6143.11  28 0000000000100000011000000010
6725.28  28 0100000110100100001100100000
6725.28  28 0100000110100100001100100000
5258.11  28 0000001000010000001110000000
5258.11  28 0000001000010000001110000000
6725.28  28 0101000100100100001100100000
5258.11  28 0000001000010000001110000000
5258.11  28 0000001000010000001110000000
6725.28  28 1100000100100100001100100000
6725.28  28 0100000110100100001100100000
5258.11  28 0000001000010000001110000000
6725.28  28 0100000100100100011100100000
6725.28  28 1100000100100100001100100000
5258.11  28 0000001000010000001110000000
6143.11  28 0000000000100000011000000010
6725.28  28 0101000100100100001100100000
5386.17  28 0001000001010000001100001000
6143.11  28 0000000000100000011000000100
6143.11  28 0000000000100000011000000010
5386.22  28 1001000001010000001100001000
6725.28  28 0100000110100100001100100000
6725.28  28 0100000100100101001100100000
6143.11  28 0000000000100000011000000010
6725.28  28 0100000100100100011100100000
6143.11  28 0000000000100000011000000100
6725.28  28 0100000100100101001100100000
5386.17  28 0001000001010000001100001000
6725.28  28 0100000100100100011100100000
6725.28  28 0100000110100100001100100000
6725.28  28 0100000100100100011100100000
5258.11  28 0000001000010000001110000000
6725.28  28 1100000100100100001100100000
5258.11  28 0000001000010000001110000000
6725.28  28 0100000100100101001100100000
5258.11  28 0000001000010000001110000000
6725.28  28 0100000110100100001100100000
5258.11  28 0000001000010000001110000000
6725.28  28 0100000110100100001100100000
5258.11  28 0000001000010000001110000000
5258.11  28 0000001000010000001110000000
6725.28  28 0100000110100100001100100000
6725.28  28 0100000100100100011100100000
5386.17  28 0001000001010000001100001000
6725.28  28 0100000110100100001100100000
5258.11  28 0000001000010000001110000000
6725.28  28 0101000100100100001100100000
6725.28  28 0100000100100100011100100000
6725.28  28 1100000100100100001100100000
6725.28  28 0100000100100100011100100000
6725.28  28 0100000100100100011100100000
6725.28  28 1100000100100100001100100000
6725.28  28 1100000100100100001100100000
6725.28  28 0100000100100100011100100000
5258.11  28 0000001000010000001110000000
6725.28  28 0100000100100101001100100000
6725.28  28 0100000110100100001100100000
6725.28  28 0100000110100100001100100000
6725.28  28 0101000100100100001100100000
6725.28  28 0101000100100100001100100000
6725.28  28 0100000100100101001100100000
5258.11  28 0000001000010000001110000000
6725.28  28 0100000100100100011100100000
6725.28  28 0100000110100100001100100000
5258.11  28 0000001000010000001110000000
6725.28  28 1100000100100100001100100000
6725.28  28 0101000100100100001100100000
5258.11  28 0000001000010000001110000000
6725.28  28 0100000110100100001100100000
6143.11  28 0000000000100000011000000100
6725.28  28 0100000100100101001100100000
6725.28  28 0101000100100100001100100000
6143.11  28 0000000000100000011000000100
6725.28  28 0100000100100100011100100000
6725.28  28 1100000100100100001100100000
6725.28  28 1100000100100100001100100000
5258.11  28 0000001000010000001110000000
5258.11  28 0000001000010000001110000000
5258.11  28 0000001000010000001110000000
6725.28  28 0100000100100101001100100000
