357.167  28 0101000000100000001100000010
288.056  28 0000000000010000001010000000
354.111  28 0000000000100000011000000010
449.278  28 0101001000100100001100100000
398.167  28 0000101000100000001100000010
318.056  28 0000000000010000001010000000
424.167  28 0000101000100000001100000010
413.278  28 0101000000100110001100100000
291.056  28 0000000000010000000010000000
313.056  28 0000000000010000001010000000
388.056  28 0000000000100000000000000010
413.222  28 0100100000100001001100100000
289.056  28 0000000000010000000010000000
396.278  28 0000001000100110011100100000
303.056  28 0000000000010000000010000000
291.056  28 0000000000010000001010000000
296.056  28 0000000000010000000010000000
291.056  28 0000000000010000001010000000
307.056  28 0000000000010000001010000000
372.056  28 0000000000100000001000000010
286.056  28 0000000000010000001010000000
308.056  28 0000000000010000001010000000
416.222  28 0000101000100100001100100000
290.056  28 0000000000010000001010000000
341.111  28 0000000000100000011000000100
424.167  28 0101000000100000001100000010
295.056  28 0000000000010000001010000000
290.056  28 0000000000010000000010000000
306.056  28 0000000000010000000010000000
353.056  28 0000000000100000001000000100
406.222  28 0000001000100110001100100000
292.056  28 0000000000010000000010000000
425.278  28 0100101000100001001100100000
289.056  28 0000000000010000000010000000
424.278  28 0001100000100110001100100000
310.056  28 0000000000010000001010000000
406.056  28 0000000000100000001000000100
379.278  28 0001101000100010001100000010
281.056  28 0000000000010000001010000000
288.056  28 0000000000010000001010000000
300.056  28 0000000000010000001010000000
307.111  28 0000000001000000011100001000
295.056  28 0000000000010000001010000000
368.111  28 0000000000100000011000000010
308.056  28 0000000000010000001010000000
345.167  28 0101000000100000001100000010
384.056  28 0000000000100000001000000100
425.167  28 0000101000100000001100000010
392.222  28 0000001000100110001100100000
353.056  28 0000000000100000000000000100
422.111  28 0000000000100000011000000100
342.111  28 0000000000100000011000000010
305.056  28 0000000000010000000010000000
332.056  28 0000000000010000001010000000
367.111  28 0000000000100000011000000100
266.056  28 0000000000010000001010000000
313.056  28 0000000000010000000010000000
315.056  28 0000000000010000000010000000
282.056  28 0000000000010000001010000000
302.056  28 0000000000010000000010000000
289.056  28 0000000000010000000010000000
308.056  28 0000000000010000001010000000
419.222  28 0000001000100110001100100000
300.056  28 0000000000010000001010000000
401.167  28 0101000000100000001100000010
292.056  28 0000000000010000001010000000
280.056  28 0000000000010000001010000000
431.278  28 0001101000100100001100100000
301.056  28 0000000000010000000010000000
290.056  28 0000000000010000001010000000
299.056  28 0000000000010000000010000000
295.056  28 0000000000010000000010000000
303.056  28 0000000000010000000010000000
296.056  28 0000000000010000000010000000
296.056  28 0000000000010000001010000000
472.278  28 0101100000100001001100100000
411.222  28 0101000000100100001100100000
395.111  28 0000000000100000011000000100
432.167  28 0000100000100010001100000010
398.222  28 0000001000100110001100100000
284.111  28 0000000001000000011100001000
299.056  28 0000000000010000001010000000
311.056  28 0000000000010000000010000000
291.056  28 0000000000010000001010000000
443.278  28 0000101000100110001100100000
306.056  28 0000000000010000000010000000
311.056  28 0000000000010000001010000000
393.222  28 0001001000100010001100000010
385.111  28 0000000000100000011000000100
323.056  28 0000000000010000001010000000
361.056  28 0000000000100000001000000100
307.056  28 0000000000010000001010000000
412.278  28 1100101000100000001100100000
297.056  28 0000000000010000001010000000
296.056  28 0000000000010000000010000000
425.278  28 0101001000100100001100100000
353.111  28 0000000000100000011000000010
294.056  28 0000000000010000001010000000
428.222  28 0000001000100110001100100000
308.056  28 0000000000010000000010000000
