725.111  28 0000000000100010001000000100
687.111  28 0000000000100000011000000100
764.333  28 0101011100100000001100100000
715.167  28 0000000000100001011000000010
595.111  28 0000000001010000001100010000
733.222  28 0001000000000010111010000000
755.111  28 0000000000100000011000000010
755.278  28 0000101101000100001100100000
767.278  28 0000001100100110001100100000
568.111  28 0000000000010100001110000000
705.111  28 0000000010100000001000000100
679.111  28 0000000000100000011000000010
722.167  28 1000100100000000001100000010
759.278  28 0110001100100000001100100000
726.167  28 0000000000100110001100000010
720.111  28 0000000000100010001000000100
591.111  28 0000001000010000001110000000
765.389  28 0000101101100100101100100000
572.111  28 0000001000010000001110000000
714.222  28 0100000100100010001100000010
753.278  28 0001000101101000001100100000
549.167  28 0001000001010000001100001000
760.333  28 0101101000100000101100100000
736.278  28 0001101000100000011100000010
705.167  28 0000000010100000011000000100
719.167  28 0000000000100001011000000100
759.222  28 0000001010100000011000000100
763.278  28 0100100111000000001100100000
522.111  28 0000000000010100001110000000
599.111  28 0001000000010000001110000000
610.167  28 0001000001010000001100001000
768.278  28 0010001100100100001100100000
757.278  28 0101001000101000001100100000
764.278  28 0001101100100000001000100000
567.111  28 0000001000010000001110000000
735.222  28 0000100100100100001100100000
776.278  28 0100010100101000001100100000
550.111  28 0000000000010100001110000000
560.111  28 0000001000010000001110000000
514.111  28 0000001000010000001110000000
546.111  28 0000001000010000001110000000
722.111  28 0001000000100000001000000010
695.111  28 0000000000100001001000000100
571.111  28 0001000000010000001110000000
755.222  28 0100001000100100001100100000
752.278  28 0000100100100101001100100000
715.111  28 0000001000100000001000000100
569.111  28 0000001000010000001110000000
703.167  28 0000000000100001011000000100
750.222  28 0100000001100100001100100000
762.222  28 0100001100000100001100100000
546.111  28 0000000000010100001110000000
758.222  28 0100001100100000001000100000
770.278  28 0000100110100100001100100000
703.167  28 0000000000100001011000000010
687.111  28 0000000000100001001000000010
721.111  28 0001000000100000001000000100
554.111  28 0000000001010000001100010000
596.167  28 0000001001010000001100001000
567.111  28 0000000000010100001110000000
535.111  28 0001000000010000001110000000
685.167  28 0000000000100001011000000010
705.111  28 0000001000100000001000000010
727.167  28 0001010001000000001010000000
677.111  28 0000000000100000011000000100
547.111  28 0000001000010000001110000000
698.111  28 0000000000100000011000000010
754.222  28 0101110000000000001100100000
751.333  28 0011111000100000001100100000
769.278  28 0001100101100000001100100000
700.111  28 0000000000100000011000000100
732.222  28 0010001000000010011010000000
552.111  28 0000000000010100001110000000
717.111  28 0000000000100000011000000100
753.278  28 0000101100101000001100100000
704.167  28 0000100000100010001100000010
775.333  28 0001011100001010001100100000
506.111  28 0001000000010000001110000000
597.167  28 0000000001010001001100001000
774.222  28 0100000100100100001100100000
604.111  28 0001000000010000001110000000
718.111  28 0000000000100000011000000010
535.111  28 0001000000010000001110000000
709.111  28 0000000000100000011000000010
752.111  28 0010000100000000001001000000
714.167  28 0000000000100110001100000010
759.333  28 0010110101100000001100100000
772.278  28 0000101100100100001100100000
709.111  28 0000000001100000001000000100
571.111  28 0000000000010100001110000000
766.333  28 0000001101100110001100100000
756.333  28 0000101101100100001100100000
729.111  28 0000000000100000011000000100
564.111  28 0000000000010100001110000000
748.389  28 0000011101100110001100100000
607.167  28 0001000001010000001100001000
727.111  28 0000000000100000011000000010
768.333  28 0100100001100100101100100000
767.278  28 0100100001100100001100100000
776.167  28 0000100100001000001100100000
