471.111  28 1000000000010000001110000000
660.167  28 0000000101100000001100000010
432.111  28 1000000000010000001110000000
731.222  28 0000000101100100001000100000
592.111  28 0000000000100000011000000100
610.167  28 0001000000100000011000000010
598.111  28 0000000000100000011000000100
606.111  28 0000000000100000011000000100
420.111  28 1000000000010000001110000000
600.111  28 0000000000100000011000000100
432.111  28 1000000000010000001110000000
639.111  28 0000000000100000011000000100
645.056  28 0000000000100000001000000100
602.111  28 0000000000100000011000000010
398.111  28 1000000000010000001110000000
604.111  28 0000000000100000011000000010
698.278  28 0100001100100100001100100000
416.111  28 1000000000010000001110000000
449.111  28 1000000000010000001110000000
642.111  28 0000000000100000011000000010
628.111  28 0000000000100000011000000010
403.111  28 1000000000010000001110000000
718.222  28 0100000100100100001100100000
616.167  28 0000000000100001011000000100
462.111  28 1000000000010000001110000000
439.111  28 1000000000010000001110000000
723.222  28 0100001000100100001100100000
427.111  28 1000000000010000001110000000
414.111  28 1000000000010000001110000000
577.167  28 0000000000100001011000000100
436.111  28 1000000000010000001110000000
406.111  28 1000000000010000001110000000
432.111  28 1000000000010000001110000000
440.111  28 1000000000010000001110000000
531.167  28 0000000001010000011100001000
568.167  28 0001000000010100001100001000
681.222  28 0100001000100010001100000010
424.111  28 1000000000010000001110000000
617.111  28 0000000000100000011000000010
603.111  28 0000000000100000011000000010
415.111  28 1000000000010000001110000000
424.111  28 1000000000010000001110000000
517.167  28 0000000001010000011100001000
606.111  28 0000000000100000011000000100
419.111  28 1000000000010000001110000000
565.111  28 0000000000100000011000000010
456.111  28 1000000000010000001110000000
739.278  28 0000000110101010001100100000
722.278  28 0000101000100100011100100000
422.111  28 1000000000010000001110000000
429.111  28 1000000000010000001110000000
701.333  28 0000101101100100001100100000
659.222  28 0001100000100010001100000010
689.222  28 0000000100100110001100100000
721.333  28 0000001101100110001100100000
594.167  28 0000000010100000011000000010
728.278  28 0000001100100110001100100000
645.111  28 0000000000100000011000000010
619.111  28 0000000000100000011000000100
602.111  28 0000000000100000011000000100
727.333  28 0000001001100110101100100000
438.111  28 1000000000010000001110000000
643.167  28 0000100001100000001100000010
615.111  28 0000000000100000011000000010
631.111  28 0000000000100001001000000010
577.167  28 0001100000100000001100000010
708.333  28 0000001101100110001100100000
405.111  28 1000000000010000001110000000
586.111  28 0000000000100000011000000010
633.111  28 0000000000100000011000000100
520.167  28 0000000001010000011100001000
610.111  28 0000000000100000011000000100
584.111  28 0000000000100000011000000010
620.167  28 0100001000100000001100000010
625.167  28 0100001000100000001100000010
380.111  28 1000000000010000001110000000
492.111  28 1000000000010000001110000000
725.278  28 0100001001100100001100100000
420.111  28 1000000000010000001110000000
414.111  28 1000000000010000001110000000
665.167  28 0100001000100000001100000010
590.111  28 0000000000100000011000000010
610.167  28 0000000000100001011000000010
609.111  28 0000000000100000011000000100
610.167  28 0000000010100000011000000010
413.111  28 1000000000010000001110000000
698.278  28 0100000101100100001100100000
588.111  28 0000000000100000011000000100
652.167  28 0000000010100000011000000010
609.111  28 0000000000100000011000000010
646.111  28 0000000000100000011000000100
394.111  28 1000000000010000001110000000
711.278  28 0100000101100100001100100000
728.278  28 0000101001100100001100100000
632.111  28 0000000000100000011000000010
411.111  28 1000000000010000001110000000
438.111  28 1000000000010000001110000000
710.278  28 0000100101100100001100100000
666.222  28 0000001000100110001100000010
722.222  28 0000100100100100001100100000
