3373.11  28 1000000000010000001110000000
5252.11  28 0000000000100000011000000010
5252.11  28 0000000000100000011000000010
6346.28  28 0100001000100101001100100000
3373.11  28 1000000000010000001110000000
6346.28  28 0100001010100100001100100000
3373.11  28 1000000000010000001110000000
3983.22  28 1001001000010000001100001000
6346.28  28 0101001000100100001100100000
6346.28  28 0100001010100100001100100000
3373.11  28 1000000000010000001110000000
4938.17  28 0000000001010000011100001000
6346.28  28 0101001000100100001100100000
6346.28  28 0100001000100100011100100000
6346.28  28 0100001000100100011100100000
3373.11  28 1000000000010000001110000000
3373.11  28 1000000000010000001110000000
6346.28  28 0101001000100100001100100000
6346.28  28 1100001000100100001100100000
6346.28  28 0100001000100101001100100000
3373.11  28 1000000000010000001110000000
3373.11  28 1000000000010000001110000000
6346.28  28 1100001000100100001100100000
6346.28  28 0101001000100100001100100000
6326.28  28 1100001000010100001100001000
3373.11  28 1000000000010000001110000000
3373.11  28 1000000000010000001110000000
6346.28  28 0100001000100100011100100000
3373.11  28 1000000000010000001110000000
3373.11  28 1000000000010000001110000000
3373.11  28 1000000000010000001110000000
3373.11  28 1000000000010000001110000000
3373.11  28 1000000000010000001110000000
6346.28  28 0101001000100100001100100000
6346.28  28 0101001000100100001100100000
3373.11  28 1000000000010000001110000000
6346.28  28 0101001000100100001100100000
6346.28  28 0100001010100100001100100000
3373.11  28 1000000000010000001110000000
3373.11  28 1000000000010000001110000000
5252.11  28 0000000000100000011000000100
5252.11  28 0000000000100000011000000010
4112.06  28 0000000000010000001110000000
5252.11  28 0000000000100000011000000100
5252.11  28 0000000000100000011000000100
3373.11  28 1000000000010000001110000000
6346.28  28 0100001010100100001100100000
6346.28  28 1100001000100100001100100000
3373.11  28 1000000000010000001110000000
3983.22  28 1001001000010000001100001000
6346.28  28 0100001010100100001100100000
5252.11  28 0000000000100000011000000100
3373.11  28 1000000000010000001110000000
3373.11  28 1000000000010000001110000000
5252.11  28 0000000000100000011000000100
6346.28  28 0100001010100100001100100000
5252.11  28 0000000000100000011000000010
3373.11  28 1000000000010000001110000000
6346.28  28 0100001010100100001100100000
6346.28  28 0101001000100100001100100000
3373.11  28 1000000000010000001110000000
3373.11  28 1000000000010000001110000000
6346.28  28 0101001000100100001100100000
6346.28  28 0100001000100101001100100000
6346.28  28 0100001000100101001100100000
5252.11  28 0000000000100000011000000100
6346.28  28 0100001000100101001100100000
3373.11  28 1000000000010000001110000000
6346.28  28 0101001000100100001100100000
3373.11  28 1000000000010000001110000000
5252.11  28 0000000000100000011000000100
3373.11  28 1000000000010000001110000000
6346.28  28 0100001000100100011100100000
5252.11  28 0000000000100000011000000100
5252.11  28 0000000000100000011000000010
6346.28  28 1100001000100100001100100000
5252.11  28 0000000000100000011000000100
5252.11  28 0000000000100000011000000010
5252.11  28 0000000000100000011000000100
3373.11  28 1000000000010000001110000000
6235.17  28 0000100000100010001100000010
6346.28  28 0100001000100101001100100000
6346.28  28 0100001000100101001100100000
3373.11  28 1000000000010000001110000000
3373.11  28 1000000000010000001110000000
3373.11  28 1000000000010000001110000000
3373.11  28 1000000000010000001110000000
6346.28  28 1100001000100100001100100000
6346.28  28 1100001000100100001100100000
3373.11  28 1000000000010000001110000000
3373.11  28 1000000000010000001110000000
3373.11  28 1000000000010000001110000000
6346.28  28 0100001000100101001100100000
3373.11  28 1000000000010000001110000000
3373.11  28 1000000000010000001110000000
3983.22  28 1001001000010000001100001000
3373.11  28 1000000000010000001110000000
3373.11  28 1000000000010000001110000000
6346.28  28 0101001000100100001100100000
6346.28  28 0101001000100100001100100000
