770.278  29 00000101011001000010001000000
765.389  29 00011111011000000011001000000
765.389  29 00011111011000000011001000000
515.167  29 00010000010100000011000001000
515.167  29 00010000010100000011000001000
515.167  29 00010000010100000011000001000
765.389  29 00011111011000000011001000000
515.167  29 00010000010100000011000001000
515.167  29 00010000010100000011000001000
515.167  29 00010000010100000011000001000
515.167  29 00010000010100000011000001000
765.389  29 00011111011000000011001000000
770.278  29 00000101011001000010001000000
765.389  29 00011111011000000011001000000
515.167  29 00010000010100000011000001000
765.389  29 00011111011000000011001000000
770.278  29 00000101011001000010001000000
770.278  29 00000101011001000010001000000
515.167  29 00010000010100000011000001000
515.167  29 00010000010100000011000001000
515.167  29 00010000010100000011000001000
770.278  29 00000101011001000010001000000
765.389  29 00011111011000000011001000000
765.389  29 00011111011000000011001000000
765.389  29 00011111011000000011001000000
515.167  29 00010000010100000011000001000
515.167  29 00010000010100000011000001000
765.389  29 00011111011000000011001000000
765.389  29 00011111011000000011001000000
765.389  29 00011111011000000011001000000
765.389  29 00011111011000000011001000000
515.167  29 00010000010100000011000001000
515.167  29 00010000010100000011000001000
515.167  29 00010000010100000011000001000
515.167  29 00010000010100000011000001000
515.167  29 00010000010100000011000001000
515.167  29 00010000010100000011000001000
515.167  29 00010000010100000011000001000
515.167  29 00010000010100000011000001000
515.167  29 00010000010100000011000001000
770.278  29 00000101011001000010001000000
515.167  29 00010000010100000011000001000
765.389  29 00011111011000000011001000000
515.167  29 00010000010100000011000001000
515.167  29 00010000010100000011000001000
765.389  29 00011111011000000011001000000
765.389  29 00011111011000000011001000000
515.167  29 00010000010100000011000001000
770.278  29 00000101011001000010001000000
770.278  29 00000101011001000010001000000
515.167  29 00010000010100000011000001000
765.389  29 00011111011000000011001000000
765.389  29 00011111011000000011001000000
515.167  29 00010000010100000011000001000
515.167  29 00010000010100000011000001000
696.167  29 00000000001000010110000000010
515.167  29 00010000010100000011000001000
515.167  29 00010000010100000011000001000
515.167  29 00010000010100000011000001000
515.167  29 00010000010100000011000001000
515.167  29 00010000010100000011000001000
770.278  29 00000101011001000010001000000
765.389  29 00011111011000000011001000000
515.167  29 00010000010100000011000001000
765.389  29 00011111011000000011001000000
515.167  29 00010000010100000011000001000
765.389  29 00011111011000000011001000000
515.167  29 00010000010100000011000001000
515.167  29 00010000010100000011000001000
515.167  29 00010000010100000011000001000
770.278  29 00000101011001000010001000000
696.167  29 00000000001000010110000000100
515.167  29 00010000010100000011000001000
515.167  29 00010000010100000011000001000
770.278  29 00000101011001000010001000000
515.167  29 00010000010100000011000001000
765.389  29 00011111011000000011001000000
765.389  29 00011111011000000011001000000
515.167  29 00010000010100000011000001000
696.167  29 00000000001000010110000000010
765.389  29 00011111011000000011001000000
515.167  29 00010000010100000011000001000
765.389  29 00011111011000000011001000000
515.167  29 00010000010100000011000001000
765.389  29 00011111011000000011001000000
730.111  29 00000010001000000010000000010
765.389  29 00011111011000000011001000000
515.167  29 00010000010100000011000001000
515.167  29 00010000010100000011000001000
770.278  29 00000101011001000010001000000
765.389  29 00011111011000000011001000000
765.389  29 00011111011000000011001000000
515.167  29 00010000010100000011000001000
770.278  29 00000101011001000010001000000
515.167  29 00010000010100000011000001000
770.278  29 00000101011001000010001000000
515.167  29 00010000010100000011000001000
515.167  29 00010000010100000011000001000
765.389  29 00011111011000000011001000000
515.167  29 00010000010100000011000001000
