70.0556  28 0000000000010000000010000000
70.0556  28 0000000000010000001010000000
70.0556  28 0000000000010000000010000000
70.0556  28 0000000000010000000010000000
70.0556  28 0000000000010000001010000000
70.0556  28 0000000000010000001010000000
70.0556  28 0000000000010000001010000000
70.0556  28 0000000000010000000010000000
70.0556  28 0000000000010000001010000000
70.0556  28 0000000000010000001010000000
70.0556  28 0000000000010000000010000000
70.0556  28 0000000000010000001010000000
186.111  28 0000100000100000000000000010
70.0556  28 0000000000010000001010000000
70.0556  28 0000000000010000001010000000
70.0556  28 0000000000010000000010000000
193.111  28 0000000000100010001000100000
70.0556  28 0000000000010000000010000000
70.0556  28 0000000000010000001010000000
70.0556  28 0000000000010000000010000000
70.0556  28 0000000000010000000010000000
70.0556  28 0000000000010000000010000000
70.0556  28 0000000000010000001010000000
70.0556  28 0000000000010000001010000000
70.0556  28 0000000000010000001010000000
70.0556  28 0000000000010000001010000000
70.0556  28 0000000000010000001010000000
70.0556  28 0000000000010000001010000000
70.0556  28 0000000000010000001010000000
70.0556  28 0000000000010000001010000000
70.0556  28 0000000000010000000010000000
186.111  28 0100000000100000000000000100
70.0556  28 0000000000010000001010000000
70.0556  28 0000000000010000000010000000
70.0556  28 0000000000010000000010000000
186.111  28 0100000000100000000000000010
70.0556  28 0000000000010000001010000000
70.0556  28 0000000000010000001010000000
70.0556  28 0000000000010000000010000000
193.111  28 0000000000100010001000100000
70.0556  28 0000000000010000001010000000
70.0556  28 0000000000010000000010000000
70.0556  28 0000000000010000001010000000
186.111  28 0100000000100000000000000100
186.111  28 0000100000100000000000000010
70.0556  28 0000000000010000000010000000
70.0556  28 0000000000010000001010000000
70.0556  28 0000000000010000001010000000
70.0556  28 0000000000010000001010000000
70.0556  28 0000000000010000000010000000
70.0556  28 0000000000010000001010000000
70.0556  28 0000000000010000000010000000
70.0556  28 0000000000010000000010000000
70.0556  28 0000000000010000000010000000
70.0556  28 0000000000010000001010000000
70.0556  28 0000000000010000001010000000
70.0556  28 0000000000010000001010000000
70.0556  28 0000000000010000000010000000
70.0556  28 0000000000010000001010000000
70.0556  28 0000000000010000000010000000
70.0556  28 0000000000010000001010000000
70.0556  28 0000000000010000000010000000
70.0556  28 0000000000010000001010000000
70.0556  28 0000000000010000000010000000
70.0556  28 0000000000010000000010000000
70.0556  28 0000000000010000001010000000
70.0556  28 0000000000010000001010000000
70.0556  28 0000000000010000000010000000
70.0556  28 0000000000010000000010000000
70.0556  28 0000000000010000001010000000
186.111  28 0000100000100000000000000010
70.0556  28 0000000000010000000010000000
70.0556  28 0000000000010000001010000000
70.0556  28 0000000000010000000010000000
70.0556  28 0000000000010000000010000000
70.0556  28 0000000000010000000010000000
70.0556  28 0000000000010000000010000000
70.0556  28 0000000000010000000010000000
70.0556  28 0000000000010000000010000000
70.0556  28 0000000000010000001010000000
70.0556  28 0000000000010000001010000000
70.0556  28 0000000000010000000010000000
70.0556  28 0000000000010000001010000000
70.0556  28 0000000000010000001010000000
70.0556  28 0000000000010000000010000000
70.0556  28 0000000000010000001010000000
70.0556  28 0000000000010000001010000000
70.0556  28 0000000000010000000010000000
70.0556  28 0000000000010000000010000000
70.0556  28 0000000000010000001010000000
70.0556  28 0000000000010000001010000000
70.0556  28 0000000000010000000010000000
70.0556  28 0000000000010000000010000000
70.0556  28 0000000000010000001010000000
70.0556  28 0000000000010000001010000000
70.0556  28 0000000000010000001010000000
70.0556  28 0000000000010000001010000000
70.0556  28 0000000000010000001010000000
70.0556  28 0000000000010000000010000000
70.0556  28 0000000000010000000010000000
