223.222  28 0010000001000100011001000000
218.167  28 0000100001000100001100100000
213.111  28 0001100000000000001000100000
208.167  28 0001000100000010001010000000
221.167  28 0111000000000000001100100000
221.167  28 0000000001001000011000001000
216.222  28 0100001000011000000000000100
213.167  28 0001000000001000011010000000
222.222  28 0001100100100000001000100000
212.167  28 0000001100000000101001000000
217.167  28 0100001100000000001100100000
222.056  28 0000000000000100000000010000
218.167  28 0010010000000000011001000000
222.167  28 0100011000000000001000001000
211.111  28 0000010001000000001001000000
217.167  28 0100000000001001001000100000
191.167  28 0100000100100000001010000000
219.222  28 0000001010000100011010000000
206.222  28 0010011100000000001100100000
208.278  28 0000001110100100001000100000
215.167  28 0000000100000110001001000000
220.111  28 0100000000000100001001000000
206.167  28 0000000000001011001000100000
214.222  28 0100100000100001001000001000
214.278  28 0001001001000010101010000000
209.111  28 0110000000000000001001000000
210.167  28 0010000000000100011001000000
212.222  28 0110010010000000001010000000
219.111  28 0001000000100000000000000010
227.167  28 0000101000100000001001000000
208.278  28 0000001101100100001000001000
217.222  28 0000000001000110101100100000
207.111  28 0000101000000000001001000000
205.111  28 0000010000000001001000010000
222.222  28 0001000001001000011100100000
227.111  28 0100001000000000001001000000
219.167  28 0000000000001001011000100000
214.167  28 0000010100000010001100100000
214.111  28 0001000000001000001100100000
218.222  28 0100000100100100001000100000
227.222  28 0010011000100000001010000000
196.111  28 0000010000000100001001000000
215.167  28 0000101000100000001010000000
213.222  28 0101010000010000000000000100
206.167  28 0000101000000100001000100000
211.278  28 0001000111100000001010000000
212.167  28 0010101000000000001000100000
196.167  28 0000100000100001001010000000
217.167  28 0000101000100000001001000000
222.111  28 0010000100000000001000100000
224.167  28 0101000000100000001010000000
203.222  28 0101001001000000001100100000
219.167  28 0101000000100000001010000000
219.167  28 0000011000000100001100100000
211.222  28 0000011000010010000000000100
210.167  28 0100000100000100001010000000
217.167  28 0000000001000100101000100000
216.167  28 0000011001000000001100100000
207.111  28 0100000000001000001001000000
204.222  28 0011000100000010001100100000
214.167  28 0011000000000010001000001000
216.167  28 0000000000001011001100100000
223.167  28 0110000000100000001010000000
209.167  28 0000100000100100001000001000
210.111  28 0000011000000000001000010000
218.167  28 0000001100001000001010000000
220.167  28 0100100000100000001100100000
216.222  28 0000000111000100001001000000
212.222  28 0000110000010100000000000010
213.167  28 0010000000100100001010000000
206.167  28 0000010000001010001000100000
206.167  28 0100000101000000001000100000
215.222  28 0000100101100000001000100000
220.222  28 0000111100000000001010000000
222.167  28 0011000001000000001000001000
216.222  28 0000001101000000101000001000
208.167  28 0000000000100110001010000000
201.167  28 0000001000001000011010000000
222.167  28 0110010000000000001000001000
228.167  28 0100000001100000001001000000
218.111  28 0000100100000000001000001000
208.222  28 0000010000000110011010000000
218.222  28 0010000001000110001000100000
223.167  28 0000000001001000011100100000
203.111  28 0000010100000000001001000000
218.167  28 0000110000000001001000100000
216.222  28 0100001101000000001000100000
218.111  28 0000010000001000001001000000
213.111  28 0100000000000100001001000000
195.167  28 0000000001000010101000010000
218.167  28 0000101100000000001010000000
211.111  28 0000100000001000001100100000
201.222  28 0000001001000110001010000000
206.111  28 0100000000000000101001000000
210.167  28 0100001001000000001001000000
225.222  28 0000001000100110001000100000
209.222  28 0010010000100010001010000000
217.167  28 0100001000100000001001000000
221.111  28 0000000000000110001001000000
209.167  28 0000001000001000011001000000
210.167  28 0010010000000001001000100000
205.167  28 0001010000000000011000001000
218.111  28 0100000001000000001000001000
222.167  28 0010001100000000001000100000
228.111  28 0100100000000000001101000000
210.111  28 0000000100001000001010000000
208.111  28 0000000000000100101001000000
214.167  28 0000011100000000001100100000
210.111  28 0000010000000100001100100000
224.222  28 0000000101100010001000100000
208.222  28 0000011000100010001010000000
218.167  28 0010010000000010001100100000
202.222  28 0000001000100110001100100000
219.111  28 0000001000001000001100100000
209.222  28 0001001100000000101001000000
213.167  28 0000110000001000001001000000
206.111  28 0010000000000000010000000010
222.111  28 0000100000000100001100100000
213.111  28 0100000000001000001000100000
215.167  28 0001010001000000001001000000
211.222  28 0000001001000010101010000000
209.056  28 0100000000000000000100001000
204.167  28 0010010001000000001010000000
223.278  28 0001000101100010001010000000
222.167  28 0010001100000000001001000000
204.222  28 0000010010001010001010000000
225.167  28 0011000001000000001001000000
230.222  28 0001100000000000111010000000
225.167  28 0000001001000100001001000000
213.167  28 0000000001001100000000000010
217.167  28 0000000100000100101000100000
210.111  28 0000010001000000000000000010
210.222  28 0001001101000000001000100000
210.111  28 0100010000000000001001000000
208.167  28 0010100000000000011010000000
223.167  28 0100000000100001001000010000
219.111  28 0010100000000000001001000000
218.222  28 0100100101000000001110000000
218.222  28 0001000001000010101000100000
219.111  28 0000010100000000001000010000
226.167  28 0000000100000100101010000000
203.167  28 0000000000101010001010000000
207.111  28 0000010001000000001000100000
213.167  28 0100000001100000001010000000
228.111  28 0000110000000000001000001000
228.167  28 0000100000001001001001000000
208.222  28 0000001001000100101010000000
213.111  28 0100001000000000001000100000
222.222  28 0010001100000010001000100000
233.167  28 0100001100000000001100100000
225.167  28 0001100000100000001000100000
221.278  28 0000001001100100011010000000
212.222  28 0000000100000110101010000000
197.167  28 0000100100000000101010000000
209.167  28 0000000100000100101100100000
220.111  28 0000000001001000001100100000
227.222  28 0011000001000000011001000000
222.167  28 0100000101000000001100100000
220.222  28 0001101001000000001000001000
213.222  28 0011000001000000011001000000
206.167  28 0000000111000000001100100000
215.222  28 0000111100000000001100100000
215.222  28 0000000100000110101100100000
207.278  28 0000001101100010001010000000
232.167  28 0000000101001000001100100000
213.222  28 0001100100100000001001000000
206.222  28 0001000101000000101100100000
211.222  28 0011001000000000011000100000
212.111  28 0000000100100000000000000010
216.111  28 0000000000001001001001000000
219.167  28 0000100001001000000000000010
215.278  28 0001000101000010101010000000
214.111  28 0010000000000100001000100000
209.056  28 0000000010000000000000000010
211.167  28 0000001001100000001001000000
214.167  28 0001100001000000001001000000
219.167  28 0000100000100001001001000000
220.167  28 0000010100000010001010000000
218.111  28 0000100000001000001000001000
221.167  28 0000010101000000001000100000
204.111  28 0011000000000000001001000000
225.111  28 0000010000000001001000010000
220.167  28 0100010001000000001010000000
212.167  28 0010010100000000001100100000
214.111  28 0100000000100000001000010000
215.111  28 0010001000000000001001000000
205.222  28 0000001101000000101010000000
221.167  28 0100001001000000001000100000
226.222  28 0001001100000010001010000000
226.167  28 0100010000001000001000100000
220.167  28 0010000000000100011010000000
220.167  28 0001000100000010001100100000
208.222  28 0101000101000000001001000000
220.111  28 0100001000000000001001000000
221.167  28 0010001001000000001010000000
215.167  28 0100000000001001001000100000
207.167  28 0000001010000100001001000000
212.167  28 0000000001000100101010000000
229.167  28 0010000001000010001000010000
212.222  28 0000101001000000101100100000
