1465.28  28 0000111001001000000000000010
1453.28  28 0001101001000000101010000000
1453.28  28 0001101001000000101010000000
1453.28  28 0001101001000000101010000000
1458.28  28 0001000101000010101000010000
1453.28  28 0001101001000000101010000000
1453.28  28 0001101001000000101010000000
1466.17  28 0100000001001000001010000000
1453.28  28 0001101001000000101010000000
1453.28  28 0001101001000000101010000000
1453.28  28 0001101001000000101010000000
1453.28  28 0001101001000000101010000000
1466.17  28 0100000001001000001010000000
1453.28  28 0001101001000000101010000000
1458.28  28 0000011001000110001010000000
1453.28  28 0001101001000000101010000000
1453.28  28 0001101001000000101010000000
1453.28  28 0001101001000000101010000000
1453.28  28 0001101001000000101010000000
1453.28  28 0001101001000000101010000000
1453.28  28 0001101001000000101010000000
1453.28  28 0001101001000000101010000000
1453.28  28 0001101001000000101010000000
1453.28  28 0001101001000000101010000000
1453.28  28 0001101001000000101010000000
1465.17  28 0000001000100100001000010000
1466.17  28 0100000001001000001010000000
1453.28  28 0001101001000000101010000000
1453.28  28 0001101001000000101010000000
1453.28  28 0001101001000000101010000000
1461.28  28 0000101000100100101010000000
1453.28  28 0001101001000000101010000000
1453.28  28 0001101001000000101010000000
1453.28  28 0001101001000000101010000000
1465.28  28 0000111001001000000000000100
1453.28  28 0001101001000000101010000000
1453.28  28 0001101001000000101010000000
1465.28  28 0000111001001000000000000100
1453.28  28 0001101001000000101010000000
1453.28  28 0001101001000000101010000000
1453.28  28 0001101001000000101010000000
1458.28  28 0001000101000010101000010000
1453.28  28 0001101001000000101010000000
1453.28  28 0001101001000000101010000000
1453.28  28 0001101001000000101010000000
1453.28  28 0001101001000000101010000000
1453.28  28 0001101001000000101010000000
1458.28  28 0001000101000010101000010000
1453.28  28 0001101001000000101010000000
1453.28  28 0001101001000000101010000000
1453.28  28 0001101001000000101010000000
1453.28  28 0001101001000000101010000000
1453.28  28 0001101001000000101010000000
1458.28  28 0001000101000010101000010000
1466.17  28 0100000001001000001010000000
1466.17  28 0100000001001000001010000000
1453.28  28 0001101001000000101010000000
1453.28  28 0001101001000000101010000000
1453.28  28 0001101001000000101010000000
1453.28  28 0001101001000000101010000000
1453.28  28 0001101001000000101010000000
1466.17  28 0100000001001000001010000000
1453.28  28 0001101001000000101010000000
1453.28  28 0001101001000000101010000000
1453.28  28 0001101001000000101010000000
1453.28  28 0001101001000000101010000000
1465.28  28 0000111001001000000000000100
1453.28  28 0001101001000000101010000000
1458.28  28 0001000101000010101000010000
1453.28  28 0001101001000000101010000000
1453.28  28 0001101001000000101010000000
1453.28  28 0001101001000000101010000000
1453.28  28 0001101001000000101010000000
1453.28  28 0001101001000000101010000000
1453.28  28 0001101001000000101010000000
1453.28  28 0001101001000000101010000000
1453.28  28 0001101001000000101010000000
1453.28  28 0001101001000000101010000000
1453.28  28 0001101001000000101010000000
1466.22  28 0000101100001000001010000000
1453.28  28 0001101001000000101010000000
1453.28  28 0001101001000000101010000000
1453.28  28 0001101001000000101010000000
1458.28  28 0001000101000010101000010000
1453.28  28 0001101001000000101010000000
1453.28  28 0001101001000000101010000000
1453.28  28 0001101001000000101010000000
1456.11  28 0000000000001000011000001000
1458.28  28 0001000101000010101000010000
1453.28  28 0001101001000000101010000000
1466.22  28 0000101100001000001010000000
1453.28  28 0001101001000000101010000000
1453.28  28 0001101001000000101010000000
1453.28  28 0001101001000000101010000000
1453.28  28 0001101001000000101010000000
1458.28  28 0001000101000010101000010000
1453.28  28 0001101001000000101010000000
1453.28  28 0001101001000000101010000000
1466.17  28 0100000001001000001010000000
1453.28  28 0001101001000000101010000000
