65.0556  29 00000000000100000000100000000
53.0556  29 00000000000100000010100000000
51.1111  29 00000000000100010011000001000
50.0556  29 00000000000100000010100000000
55.1111  29 00000000000100010011000001000
62.0556  29 00000000000100000000100000000
57.0556  29 00000000000100000010100000000
64.1111  29 00000000000100010011000001000
51.0556  29 00000000000100000010100000000
57.0556  29 00000000000100000010100000000
60.0556  29 00000000000100000010100000000
67.0556  29 00000000000100000010100000000
51.0556  29 00000000000100000010100000000
62.0556  29 00000000000100000010100000000
66.0556  29 00000000000100000000100000000
62.0556  29 00000000000100000010100000000
57.0556  29 00000000000100000010100000000
49.1111  29 00000000000100010011000001000
59.0556  29 00000000000100000000100000000
49.0556  29 00000000000100000010100000000
53.0556  29 00000000000100000010100000000
61.1111  29 00000000000100010011000001000
55.0556  29 00000000000100000010100000000
54.1111  29 00000000000100010011000001000
67.0556  29 00000000000100000000100000000
55.0556  29 00000000000100000000100000000
61.0556  29 00000000000100000010100000000
57.0556  29 00000000000100000010100000000
61.0556  29 00000000000100000010100000000
61.0556  29 00000000000100000010100000000
66.0556  29 00000000000100000010100000000
46.0556  29 00000000000100000010100000000
42.0556  29 00000000000100000010100000000
56.0556  29 00000000000100000010100000000
60.1111  29 00000000000100010011000001000
59.1111  29 00000000000100010011000001000
51.1111  29 00000000000100010011000001000
67.0556  29 00000000000100000000100000000
59.0556  29 00000000000100000000100000000
67.0556  29 00000000000100000010100000000
72.0556  29 00000000000100000000100000000
57.0556  29 00000000000100000000100000000
69.0556  29 00000000000100000010100000000
66.0556  29 00000000000100000010100000000
51.0556  29 00000000000100000000100000000
64.0556  29 00000000000100000000100000000
57.0556  29 00000000000100000000100000000
56.0556  29 00000000000100000010100000000
55.1111  29 00000000000100010011000001000
49.0556  29 00000000000100000010100000000
55.0556  29 00000000000100000000100000000
66.1111  29 00000000000100010011000001000
55.0556  29 00000000000100000000100000000
58.0556  29 00000000000100000010100000000
66.0556  29 00000000000100000010100000000
61.0556  29 00000000000100000000100000000
58.0556  29 00000000000100000000100000000
57.0556  29 00000000000100000010100000000
59.0556  29 00000000000100000010100000000
57.0556  29 00000000000100000000100000000
56.1111  29 00000000000100010011000001000
49.0556  29 00000000000100000010100000000
57.0556  29 00000000000100000000100000000
60.1111  29 00000000000100010011000001000
63.0556  29 00000000000100000000100000000
59.0556  29 00000000000100000010100000000
158.111  29 00000000001000010011001000000
53.0556  29 00000000000100000010100000000
62.0556  29 00000000000100000010100000000
52.0556  29 00000000000100000000100000000
61.1111  29 00000000000100010011000001000
67.0556  29 00000000000100000010100000000
56.0556  29 00000000000100000010100000000
58.0556  29 00000000000100000010100000000
58.0556  29 00000000000100000000100000000
71.1111  29 00000000000100010011000001000
48.0556  29 00000000000100000010100000000
64.0556  29 00000000000100000010100000000
69.1111  29 00000000000100010011000001000
62.0556  29 00000000000100000000100000000
61.0556  29 00000000000100000010100000000
62.1111  29 00000000000100010011000001000
60.0556  29 00000000000100000010100000000
58.1111  29 00000000000100010011000001000
54.0556  29 00000000000100000000100000000
60.0556  29 00000000000100000010100000000
54.0556  29 00000000000100000000100000000
61.0556  29 00000000000100000000100000000
57.1111  29 00000000000100010011000001000
61.0556  29 00000000000100000010100000000
60.0556  29 00000000000100000010100000000
57.0556  29 00000000000100000000100000000
56.0556  29 00000000000100000010100000000
61.0556  29 00000000000100000000100000000
67.1111  29 00000000000100010011000001000
61.1111  29 00000000000100010011000001000
47.0556  29 00000000000100000010100000000
57.0556  29 00000000000100000010100000000
66.0556  29 00000000000100000000100000000
64.0556  29 00000000000100000010100000000
