119.056  28 0000000000010000000010000000
119.056  28 0000000000010000001010000000
119.056  28 0000000000010000001010000000
119.056  28 0000000000010000001010000000
119.056  28 0000000000010000000010000000
119.056  28 0000000000010000001010000000
119.056  28 0000000000010000000010000000
119.056  28 0000000000010000001010000000
119.056  28 0000000000010000000010000000
119.056  28 0000000000010000001010000000
119.056  28 0000000000010000000010000000
119.056  28 0000000000010000001010000000
119.056  28 0000000000010000000010000000
119.056  28 0000000000010000000010000000
119.056  28 0000000000010000000010000000
1551.11  28 0000000000100001001100100000
119.056  28 0000000000010000000010000000
119.056  28 0000000000010000000010000000
1615.11  28 0000000100100000000000000010
119.056  28 0000000000010000000010000000
119.056  28 0000000000010000001010000000
119.056  28 0000000000010000000010000000
119.056  28 0000000000010000001010000000
119.056  28 0000000000010000001010000000
1615.11  28 0000000100100000000000000100
119.056  28 0000000000010000001010000000
119.056  28 0000000000010000001010000000
1615.11  28 0000000100100000000000000010
119.056  28 0000000000010000000010000000
119.056  28 0000000000010000001010000000
119.056  28 0000000000010000001010000000
119.056  28 0000000000010000000010000000
119.056  28 0000000000010000000010000000
119.056  28 0000000000010000000010000000
119.056  28 0000000000010000001010000000
119.056  28 0000000000010000001010000000
119.056  28 0000000000010000000010000000
119.056  28 0000000000010000001010000000
119.056  28 0000000000010000001010000000
119.056  28 0000000000010000000010000000
119.056  28 0000000000010000000010000000
119.056  28 0000000000010000001010000000
119.056  28 0000000000010000000010000000
119.056  28 0000000000010000001010000000
119.056  28 0000000000010000000010000000
119.056  28 0000000000010000000010000000
119.056  28 0000000000010000000010000000
119.056  28 0000000000010000000010000000
119.056  28 0000000000010000000010000000
119.056  28 0000000000010000000010000000
119.056  28 0000000000010000000010000000
119.056  28 0000000000010000000010000000
119.056  28 0000000000010000000010000000
119.056  28 0000000000010000001010000000
119.056  28 0000000000010000000010000000
119.056  28 0000000000010000001010000000
119.056  28 0000000000010000001010000000
119.056  28 0000000000010000000010000000
119.056  28 0000000000010000001010000000
119.056  28 0000000000010000000010000000
119.056  28 0000000000010000001010000000
1615.11  28 0000000100100000000000000010
119.056  28 0000000000010000000010000000
119.056  28 0000000000010000001010000000
119.056  28 0000000000010000001010000000
119.056  28 0000000000010000000010000000
119.056  28 0000000000010000001010000000
1203.17  28 0000000000010001101100010000
119.056  28 0000000000010000000010000000
119.056  28 0000000000010000000010000000
119.056  28 0000000000010000001010000000
119.056  28 0000000000010000001010000000
119.056  28 0000000000010000000010000000
119.056  28 0000000000010000000010000000
119.056  28 0000000000010000000010000000
119.056  28 0000000000010000000010000000
119.056  28 0000000000010000001010000000
119.056  28 0000000000010000000010000000
119.056  28 0000000000010000000010000000
119.056  28 0000000000010000000010000000
119.056  28 0000000000010000000010000000
1615.11  28 0000000100100000000000000100
119.056  28 0000000000010000001010000000
119.056  28 0000000000010000001010000000
119.056  28 0000000000010000001010000000
119.056  28 0000000000010000000010000000
1615.11  28 0000000100100000000000000100
119.056  28 0000000000010000000010000000
119.056  28 0000000000010000000010000000
119.056  28 0000000000010000001010000000
119.056  28 0000000000010000001010000000
119.056  28 0000000000010000001010000000
119.056  28 0000000000010000000010000000
119.056  28 0000000000010000000010000000
119.056  28 0000000000010000000010000000
119.056  28 0000000000010000000010000000
119.056  28 0000000000010000001010000000
119.056  28 0000000000010000000010000000
119.056  28 0000000000010000001010000000
119.056  28 0000000000010000000010000000
