206.167  28 0100001000100000001000001000
206.167  28 0100001000100000001000001000
206.167  28 0100001000100000001000001000
206.167  28 0100001000100000001001000000
206.167  28 0100001000100000001000001000
206.167  28 0100001000100000001000001000
206.167  28 0100001000100000001001000000
206.167  28 0100001000100000001001000000
206.167  28 0100001000100000001000001000
206.167  28 0100001000100000001000001000
206.167  28 0100001000100000001001000000
206.167  28 0100001000100000001001000000
206.167  28 0100001000100000001001000000
206.167  28 0100001000100000001001000000
206.167  28 0100001000100000001000001000
206.167  28 0100001000100000001001000000
206.167  28 0100001000100000001001000000
206.167  28 0100001000100000001000001000
206.167  28 0100001000100000001000001000
206.167  28 0100001000100000001001000000
206.167  28 0100001000100000001000001000
206.167  28 0100001000100000001001000000
211.222  28 0000100100001100000000000010
206.167  28 0100001000100000001000001000
206.167  28 0100001000100000001001000000
206.167  28 0100001000100000001001000000
206.167  28 0100001000100000001000001000
206.167  28 0100001000100000001001000000
206.167  28 0100001000100000001001000000
206.167  28 0100001000100000001000001000
206.167  28 0100001000100000001001000000
206.167  28 0100001000100000001001000000
206.167  28 0100001000100000001000001000
206.167  28 0100001000100000001000001000
206.167  28 0100001000100000001001000000
206.167  28 0100001000100000001000001000
206.167  28 0100001000100000001000001000
206.167  28 0100001000100000001000001000
206.167  28 0100001000100000001000001000
206.167  28 0100001000100000001000001000
206.167  28 0100001000100000001000001000
206.167  28 0100001000100000001000001000
206.167  28 0100001000100000001000001000
206.167  28 0100001000100000001000001000
206.167  28 0100001000100000001000001000
206.167  28 0100001000100000001001000000
206.167  28 0100001000100000001000001000
206.167  28 0100001000100000001000001000
206.167  28 0100001000100000001000001000
206.167  28 0100001000100000001000001000
206.167  28 0100001000100000001000001000
206.167  28 0100001000100000001001000000
206.167  28 0100001000100000001000001000
206.167  28 0100001000100000001001000000
206.167  28 0100001000100000001000001000
206.167  28 0100001000100000001001000000
206.167  28 0100001000100000001000001000
206.167  28 0100001000100000001000001000
206.167  28 0100001000100000001000001000
211.222  28 0000100100001100000000000100
206.167  28 0100001000100000001001000000
206.167  28 0100001000100000001001000000
206.167  28 0100001000100000001000001000
206.167  28 0100001000100000001000001000
206.167  28 0100001000100000001000001000
206.167  28 0100001000100000001000001000
206.167  28 0100001000100000001000001000
206.167  28 0100001000100000001000001000
206.167  28 0100001000100000001000001000
206.167  28 0100001000100000001000001000
206.167  28 0100001000100000001001000000
206.167  28 0100001000100000001000001000
206.167  28 0100001000100000001001000000
206.167  28 0100001000100000001000001000
206.167  28 0100001000100000001001000000
206.167  28 0100001000100000001000001000
206.167  28 0100001000100000001001000000
206.167  28 0100001000100000001000001000
206.167  28 0100001000100000001000001000
206.167  28 0100001000100000001000001000
211.222  28 0000100100001100000000000100
206.167  28 0100001000100000001001000000
206.167  28 0100001000100000001001000000
206.167  28 0100001000100000001000001000
206.167  28 0100001000100000001000001000
206.167  28 0100001000100000001000001000
206.167  28 0100001000100000001000001000
206.167  28 0100001000100000001000001000
206.167  28 0100001000100000001000001000
206.167  28 0100001000100000001001000000
206.167  28 0100001000100000001001000000
206.167  28 0100001000100000001000001000
206.167  28 0100001000100000001001000000
206.167  28 0100001000100000001001000000
206.167  28 0100001000100000001001000000
206.167  28 0100001000100000001001000000
206.167  28 0100001000100000001000001000
206.167  28 0100001000100000001001000000
206.167  28 0100001000100000001001000000
206.167  28 0100001000100000001000001000
