473.111  28 0000000100000100001010000000
457.167  28 0010001100000000001001000000
463.167  28 0000000101100000001001000000
478.111  28 0010000000000001001000010000
492.222  28 0001000001100010001001000000
473.111  28 0010000100000000000000000010
467.167  28 0010000000000011001001000000
495.222  28 0000001011000100001001000000
480.167  28 0000011001000000001001000000
480.167  28 0000001001001000001001000000
484.167  28 0000000101000010001010000000
498.278  28 0011000101000010001000100000
503.222  28 0100110000000001001000100000
481.111  28 0000000000000110001001000000
488.111  28 0000000000001010001001000000
472.111  28 0000011000000000001000010000
505.333  28 0101101001100000001100100000
481.111  28 0000010000000010001001000000
496.222  28 0110011000000000001001000000
470.167  28 0001001000000000011000010000
499.222  28 0010010001000100001000100000
478.167  28 0000001000001000011010000000
505.222  28 0001010000001010001000100000
500.278  28 0011101001000000001100100000
489.167  28 0100000000000000111010000000
478.222  28 0001011001000000001010000000
470.167  28 0000011000000010001001000000
486.111  28 0000010000000010001000010000
480.111  28 0000000100100000000000000010
469.167  28 0010000100000010001010000000
495.222  28 0001010100001000001000001000
479.111  28 0010001000000000001000010000
488.167  28 0100000100000100001010000000
474.278  28 0101101001000000001100001000
497.167  28 0100000100100000001001000000
468.167  28 0010000000000001011000010000
473.167  28 0011000000000000011000010000
443.222  28 0001000001100010001001000000
460.167  28 0010010000000000011000010000
475.167  28 0000010001000100001010000000
483.167  28 0000001100000010001000010000
466.222  28 0010010001000010001010000000
464.222  28 0000000101000010101010000000
434.222  28 0001000100000010101010000000
482.222  28 0011001000000010001001000000
467.167  28 0000011000000000011001000000
471.222  28 0000000101000010101010000000
478.111  28 0000000000001000011010000000
495.167  28 0000010000001000011001000000
476.167  28 0001000000010010000000000100
505.167  28 0001110000000000001100100000
480.167  28 0000000000100100011010000000
460.222  28 0000000101000010101010000000
493.222  28 0000000001000110101010000000
464.111  28 0000001000000010001000010000
484.167  28 0000000010100100001010000000
476.222  28 0001001010100000001000010000
476.167  28 0010000000000011001001000000
465.111  28 0000010100000000001000010000
477.222  28 0011010001000000001010000000
503.222  28 0000010001001000011001000000
463.167  28 0001010100000000001010000000
491.167  28 0010100000100000001010000000
483.167  28 0010011000000000001001000000
491.111  28 0000001100000000001100000010
494.167  28 0100101000000000001000100000
486.222  28 0001001101000000001001000000
473.222  28 0000101000100000101010000000
487.111  28 0000010000000010001000010000
504.111  28 0010001000000000001000010000
471.167  28 0000000111000000001001000000
464.167  28 0000001101000000001000010000
491.222  28 0000010000100110001010000000
484.111  28 0000010001000000001000010000
477.222  28 0011000100000010001010000000
491.278  28 0011111000000000001001000000
501.167  28 0100010001000000001000100000
490.222  28 0001000100000010101010000000
477.278  28 0001001001000010101001000000
463.222  28 0011001010000000001010000000
463.167  28 0010010001000000001100001000
472.111  28 0000001000000010001001000000
489.167  28 0000000000011010000000000010
469.111  28 0000010000000100001001000000
483.111  28 0000000000000100010000000100
455.222  28 0001000101100000001000010000
489.222  28 0001000100001010001001000000
491.278  28 0001000101001010001100100000
456.111  28 0011000000000000001000010000
486.222  28 0000001001000110001010000000
477.167  28 0010000000000011001001000000
478.278  28 0001001100100010001010000000
464.167  28 0000010010000100001010000000
468.111  28 0010000100000000001001000000
496.167  28 0000101000000100001100001000
474.111  28 0100000000100000001010000000
473.167  28 0000010001000000011000010000
476.167  28 0000000100000110001010000000
483.222  28 0001000100100010001010000000
473.167  28 0000101000100000001010000000
