470.222  28 0000110000100100001100100000
470.222  28 0000110000100100001100100000
470.222  28 0000110000100100001100100000
360.111  28 0000000001010000001100010000
470.222  28 0000110000100100001100100000
470.222  28 0000110000100100001100100000
470.222  28 0000110000100100001100100000
470.222  28 0000110000100100001100100000
476.333  28 0010101101100000001100100000
470.222  28 0000110000100100001100100000
360.111  28 0000000001010000001100010000
470.222  28 0000110000100100001100100000
470.222  28 0000110000100100001100100000
470.222  28 0000110000100100001100100000
470.222  28 0000110000100100001100100000
470.222  28 0000110000100100001100100000
470.222  28 0000110000100100001100100000
470.222  28 0000110000100100001100100000
470.222  28 0000110000100100001100100000
470.222  28 0000110000100100001100100000
470.222  28 0000110000100100001100100000
470.222  28 0000110000100100001100100000
470.222  28 0000110000100100001100100000
470.222  28 0000110000100100001100100000
476.333  28 0010110101100000001100100000
360.111  28 0000000001010000001100010000
470.222  28 0000110000100100001100100000
476.333  28 0010110101100000001100100000
360.111  28 0000000001010000001100010000
470.222  28 0000110000100100001100100000
360.111  28 0000000001010000001100010000
470.222  28 0000110000100100001100100000
470.222  28 0000110000100100001100100000
470.222  28 0000110000100100001100100000
470.222  28 0000110000100100001100100000
470.222  28 0000110000100100001100100000
470.222  28 0000110000100100001100100000
470.222  28 0000110000100100001100100000
465.222  28 0001011100000000001100001000
360.111  28 0000000001010000001100010000
360.111  28 0000000001010000001100010000
360.111  28 0000000001010000001100010000
470.222  28 0000110000100100001100100000
360.111  28 0000000001010000001100010000
470.222  28 0000110000100100001100100000
360.111  28 0000000001010000001100010000
470.222  28 0000110000100100001100100000
470.222  28 0000110000100100001100100000
470.222  28 0000110000100100001100100000
470.222  28 0000110000100100001100100000
470.222  28 0000110000100100001100100000
360.111  28 0000000001010000001100010000
470.222  28 0000110000100100001100100000
470.222  28 0000110000100100001100100000
470.222  28 0000110000100100001100100000
470.222  28 0000110000100100001100100000
470.222  28 0000110000100100001100100000
360.111  28 0000000001010000001100010000
360.111  28 0000000001010000001100010000
360.111  28 0000000001010000001100010000
470.222  28 0000110000100100001100100000
360.111  28 0000000001010000001100010000
470.222  28 0000110000100100001100100000
470.222  28 0000110000100100001100100000
360.111  28 0000000001010000001100010000
360.111  28 0000000001010000001100010000
470.222  28 0000110000100100001100100000
470.222  28 0000110000100100001100100000
470.222  28 0000110000100100001100100000
470.222  28 0000110000100100001100100000
470.222  28 0000110000100100001100100000
470.222  28 0000110000100100001100100000
470.222  28 0000110000100100001100100000
360.111  28 0000000001010000001100010000
360.111  28 0000000001010000001100010000
440.111  28 0000000000100000011000000010
470.222  28 0000110000100100001100100000
470.222  28 0000110000100100001100100000
470.222  28 0000110000100100001100100000
470.222  28 0000110000100100001100100000
470.222  28 0000110000100100001100100000
470.222  28 0000110000100100001100100000
470.222  28 0000110000100100001100100000
476.278  28 0001001100100010001100100000
470.222  28 0000110000100100001100100000
360.111  28 0000000001010000001100010000
440.111  28 0000000000100000011000000100
470.222  28 0000110000100100001100100000
360.111  28 0000000001010000001100010000
470.111  28 0000010100000000001001000000
470.222  28 0000110000100100001100100000
470.222  28 0000110000100100001100100000
476.333  28 0010110101100000001100100000
470.222  28 0000110000100100001100100000
360.111  28 0000000001010000001100010000
360.111  28 0000000001010000001100010000
360.111  28 0000000001010000001100010000
360.111  28 0000000001010000001100010000
360.111  28 0000000001010000001100010000
470.222  28 0000110000100100001100100000
