311.167  28 0000001000100100001100100000
209.056  28 0000000000010000000010000000
342.278  28 0100001000100011001100100000
220.056  28 0000000000010000000110000000
219.056  28 0000000000010000001010000000
214.056  28 0000000000010000001010000000
217.056  28 0000000000010000001010000000
301.056  28 0000000000100000001000000010
212.056  28 0000000000010000001010000000
357.222  28 0001001000100010001100100000
263.056  28 0000000000100000000000000100
220.056  28 0000000000010000001010000000
321.222  28 0000000000100111001100100000
206.056  28 0000000000010000001010000000
220.056  28 0000000000010000000010000000
230.056  28 0000000000010000000010000000
200.056  28 0000000000010000001010000000
300.167  28 0100000000100001001100000010
323.278  28 0001001000100110001100100000
220.056  28 0000000000010000001010000000
220.056  28 0000000000010000001010000000
208.056  28 0000000000010000000010000000
326.222  28 0001001000100010001100100000
205.056  28 0000000000010000000010000000
232.056  28 0000000000010000000010000000
204.111  28 0000000000010001001100001000
332.278  28 0100100000100011001100100000
212.056  28 0000000000010000000010000000
223.056  28 0000000000010000000010000000
211.056  28 0000000000010000000010000000
331.222  28 0100001000100001001100100000
223.056  28 0000000000010000001110000000
323.222  28 0101001000100000001100100000
226.056  28 0000000000010000001010000000
318.222  28 0001001000100010001100100000
329.222  28 0001101000100000001100100000
293.056  28 0000000000100000001000000100
228.056  28 0000000000010000001010000000
285.056  28 0000000000100000001000000100
304.056  28 0000000000100000000000000010
317.222  28 0001101000100000001100100000
220.056  28 0000000000010000001110000000
214.056  28 0000000000010000001010000000
217.056  28 0000000000010000001010000000
222.056  28 0000000000010000000010000000
338.222  28 0001001000100010001100100000
219.056  28 0000000000010000001010000000
235.056  28 0000000000010000001010000000
332.222  28 0101001000100000001100100000
333.222  28 0001001000100010001100100000
351.278  28 0101001000100010001100100000
329.222  28 0000000000100111001100100000
308.222  28 0001101000100000001100100000
331.222  28 0001001000100010001100100000
318.222  28 0001001000100010001100100000
294.222  28 0000000000100111001100100000
231.056  28 0000000000010000001010000000
217.056  28 0000000000010000000110000000
288.056  28 0000000000100000000000000010
360.222  28 0001001000100010001100100000
302.222  28 0000001000100110001100100000
200.056  28 0000000000010000000010000000
347.222  28 0100100000100000011100100000
210.056  28 0000000000010000001010000000
338.278  28 0101000000100110001100100000
353.222  28 0001001000100100001100100000
222.056  28 0000000000010000001010000000
338.222  28 0101001000100000001100100000
211.056  28 0000000000010000001010000000
214.111  28 0000000000010001001100001000
208.056  28 0000000000010000001010000000
256.056  28 0000000000100000000000000100
219.056  28 0000000000010000001010000000
216.056  28 0000000000010000000010000000
292.056  28 0000000000100000001000000100
284.056  28 0000000000100000001000000010
344.222  28 0100001000100001001100100000
265.056  28 0000000000100000001000000100
206.056  28 0000000000010000001010000000
208.056  28 0000000000010000001010000000
264.056  28 0000000000100000001000000100
347.222  28 0001101000100000001100100000
288.222  28 0001101000100000001100100000
217.056  28 0000000000010000001010000000
326.222  28 0001001000100010001100100000
207.056  28 0000000000010000000010000000
338.222  28 0100100000100000011100100000
317.222  28 0001001000100010001100100000
206.056  28 0000000000010000000010000000
308.222  28 0001001000100010001100100000
306.056  28 0000000000100000001000000010
221.056  28 0000000000010000001110000000
337.167  28 0000001000100100001100100000
277.056  28 0000000000100000001000000100
321.222  28 0000001000100110001100100000
204.056  28 0000000000010000000010000000
221.056  28 0000000000010000001010000000
312.222  28 0100100000100000011100100000
210.056  28 0000000000010000000010000000
323.222  28 0101001000100000001100100000
