506.222  28 0001110001000000001000001000
481.167  28 0000000101000000101001000000
481.167  28 0000000101000000101001000000
481.167  28 0000000101000000101001000000
481.167  28 0000000101000000101001000000
481.167  28 0000000101000000101001000000
481.167  28 0000000101000000101001000000
481.167  28 0000000101000000101001000000
481.167  28 0000000101000000101001000000
481.167  28 0000000101000000101001000000
481.167  28 0000000101000000101001000000
481.167  28 0000000101000000101001000000
481.167  28 0000000101000000101001000000
481.167  28 0000000101000000101001000000
481.167  28 0000000101000000101001000000
481.167  28 0000000101000000101001000000
481.167  28 0000000101000000101001000000
481.167  28 0000000101000000101001000000
481.167  28 0000000101000000101001000000
481.167  28 0000000101000000101001000000
496.167  28 0000001001001000001010000000
481.167  28 0000000101000000101001000000
481.167  28 0000000101000000101001000000
506.222  28 0001110001000000001000001000
481.167  28 0000000101000000101001000000
481.167  28 0000000101000000101001000000
481.167  28 0000000101000000101001000000
481.167  28 0000000101000000101001000000
481.167  28 0000000101000000101001000000
481.167  28 0000000101000000101001000000
481.167  28 0000000101000000101001000000
481.167  28 0000000101000000101001000000
506.222  28 0001110001000000001000001000
506.222  28 0001110001000000001000001000
481.167  28 0000000101000000101001000000
481.167  28 0000000101000000101001000000
481.167  28 0000000101000000101001000000
481.167  28 0000000101000000101001000000
481.167  28 0000000101000000101001000000
506.222  28 0001110001000000001000001000
481.167  28 0000000101000000101001000000
481.167  28 0000000101000000101001000000
481.167  28 0000000101000000101001000000
499.167  28 0000010001001000001100001000
481.167  28 0000000101000000101001000000
481.167  28 0000000101000000101001000000
506.222  28 0001110001000000001000001000
481.167  28 0000000101000000101001000000
481.167  28 0000000101000000101001000000
506.222  28 0001110001000000001000001000
481.167  28 0000000101000000101001000000
481.167  28 0000000101000000101001000000
481.167  28 0000000101000000101001000000
481.167  28 0000000101000000101001000000
481.167  28 0000000101000000101001000000
481.167  28 0000000101000000101001000000
481.167  28 0000000101000000101001000000
481.167  28 0000000101000000101001000000
481.167  28 0000000101000000101001000000
481.167  28 0000000101000000101001000000
481.167  28 0000000101000000101001000000
481.167  28 0000000101000000101001000000
481.167  28 0000000101000000101001000000
481.167  28 0000000101000000101001000000
481.167  28 0000000101000000101001000000
481.167  28 0000000101000000101001000000
481.167  28 0000000101000000101001000000
481.167  28 0000000101000000101001000000
481.167  28 0000000101000000101001000000
481.167  28 0000000101000000101001000000
481.167  28 0000000101000000101001000000
481.167  28 0000000101000000101001000000
481.167  28 0000000101000000101001000000
481.167  28 0000000101000000101001000000
481.167  28 0000000101000000101001000000
481.167  28 0000000101000000101001000000
481.167  28 0000000101000000101001000000
506.222  28 0001110001000000001000001000
481.167  28 0000000101000000101001000000
481.167  28 0000000101000000101001000000
481.167  28 0000000101000000101001000000
481.167  28 0000000101000000101001000000
481.167  28 0000000101000000101001000000
506.222  28 0001110001000000001000001000
481.167  28 0000000101000000101001000000
481.167  28 0000000101000000101001000000
481.167  28 0000000101000000101001000000
481.167  28 0000000101000000101001000000
481.167  28 0000000101000000101001000000
481.167  28 0000000101000000101001000000
481.167  28 0000000101000000101001000000
506.222  28 0001110001000000001000001000
481.167  28 0000000101000000101001000000
481.167  28 0000000101000000101001000000
481.167  28 0000000101000000101001000000
481.167  28 0000000101000000101001000000
481.167  28 0000000101000000101001000000
481.167  28 0000000101000000101001000000
481.167  28 0000000101000000101001000000
481.167  28 0000000101000000101001000000
