271.056  28 0000000000100000001000000100
317.278  28 0100000000100111001100100000
301.222  28 0001001000100010001100100000
301.222  28 0001001000100010001100100000
301.222  28 0001001000100010001100100000
203.056  28 0000000000010000001010000000
301.222  28 0001001000100010001100100000
203.056  28 0000000000010000000010000000
301.222  28 0001001000100010001100100000
317.278  28 0100000000100111001100100000
301.222  28 0001001000100010001100100000
203.056  28 0000000000010000000010000000
203.056  28 0000000000010000000010000000
203.056  28 0000000000010000001010000000
203.056  28 0000000000010000001010000000
203.056  28 0000000000010000001010000000
301.222  28 0001001000100010001100100000
301.222  28 0001001000100010001100100000
203.056  28 0000000000010000000010000000
203.056  28 0000000000010000001010000000
203.056  28 0000000000010000001010000000
301.222  28 0001001000100010001100100000
203.056  28 0000000000010000001010000000
203.056  28 0000000000010000001010000000
203.056  28 0000000000010000001010000000
203.056  28 0000000000010000001010000000
203.056  28 0000000000010000001010000000
271.056  28 0000000000100000001000000100
301.222  28 0001001000100010001100100000
204.111  28 0000000000010000011010000000
203.056  28 0000000000010000000010000000
301.222  28 0001001000100010001100100000
203.056  28 0000000000010000001010000000
301.222  28 0001001000100010001100100000
301.222  28 0001001000100010001100100000
301.222  28 0001001000100010001100100000
203.056  28 0000000000010000001010000000
301.222  28 0001001000100010001100100000
271.056  28 0000000000100000001000000100
301.222  28 0001001000100010001100100000
203.056  28 0000000000010000001010000000
203.056  28 0000000000010000000010000000
203.056  28 0000000000010000001010000000
301.222  28 0001001000100010001100100000
301.222  28 0001001000100010001100100000
203.056  28 0000000000010000001010000000
203.056  28 0000000000010000001010000000
203.056  28 0000000000010000000010000000
271.056  28 0000000000100000001000000010
301.222  28 0001001000100010001100100000
203.056  28 0000000000010000001010000000
301.222  28 0001001000100010001100100000
203.056  28 0000000000010000000010000000
203.056  28 0000000000010000001010000000
301.222  28 0001001000100010001100100000
203.056  28 0000000000010000000010000000
203.056  28 0000000000010000001010000000
301.222  28 0001001000100010001100100000
203.056  28 0000000000010000001010000000
203.056  28 0000000000010000000010000000
301.222  28 0001001000100010001100100000
203.056  28 0000000000010000000010000000
301.222  28 0001001000100010001100100000
203.056  28 0000000000010000000010000000
203.056  28 0000000000010000000010000000
301.222  28 0001001000100010001100100000
203.056  28 0000000000010000000010000000
203.056  28 0000000000010000000010000000
203.056  28 0000000000010000000010000000
203.056  28 0000000000010000000010000000
203.056  28 0000000000010000001010000000
301.222  28 0001001000100010001100100000
203.056  28 0000000000010000000010000000
301.222  28 0001001000100010001100100000
271.056  28 0000000000100000001000000100
203.056  28 0000000000010000001010000000
301.222  28 0001001000100010001100100000
203.056  28 0000000000010000001010000000
203.056  28 0000000000010000000010000000
203.056  28 0000000000010000000010000000
301.222  28 0001001000100010001100100000
271.056  28 0000000000100000001000000100
203.056  28 0000000000010000000010000000
271.056  28 0000000000100000001000000100
203.056  28 0000000000010000001010000000
203.056  28 0000000000010000000010000000
203.056  28 0000000000010000001010000000
301.222  28 0001001000100010001100100000
301.222  28 0001001000100010001100100000
301.222  28 0001001000100010001100100000
203.056  28 0000000000010000001010000000
301.222  28 0001001000100010001100100000
203.056  28 0000000000010000001010000000
203.056  28 0000000000010000000010000000
203.056  28 0000000000010000000010000000
203.056  28 0000000000010000000010000000
203.056  28 0000000000010000001010000000
203.056  28 0000000000010000001010000000
203.056  28 0000000000010000000010000000
203.056  28 0000000000010000000010000000
