4042.28  28 0111010100000000001001000000
4031.22  28 0000001000000110101001000000
4022.17  28 0001110000000000001001000000
4022.17  28 0001110000000000001001000000
4022.17  28 0001110000000000001001000000
4031.22  28 0000001000000110101001000000
4031.22  28 0000001000000110101001000000
4031.22  28 0000001000000110101001000000
4022.17  28 0001110000000000001001000000
4033.11  28 0000000100000000100000000010
4022.17  28 0001110000000000001001000000
4022.17  28 0001110000000000001001000000
4022.17  28 0001110000000000001001000000
4031.22  28 0000001000000110101001000000
4022.17  28 0001110000000000001001000000
4022.17  28 0001110000000000001001000000
4022.17  28 0001110000000000001001000000
4031.22  28 0000001000000110101001000000
4022.17  28 0001110000000000001001000000
4031.22  28 0000001000000110101001000000
4022.17  28 0001110000000000001001000000
4022.17  28 0001110000000000001001000000
4022.17  28 0001110000000000001001000000
4022.17  28 0001110000000000001001000000
4022.17  28 0001110000000000001001000000
4031.22  28 0000001000000110101001000000
4022.17  28 0001110000000000001001000000
4042.28  28 0111010100000000001001000000
4022.17  28 0001110000000000001001000000
4031.22  28 0000001000000110101001000000
4052.28  28 0010111001000000001000100000
4033.11  28 0000000100000000100000000010
4042.28  28 0111010100000000001001000000
4022.17  28 0001110000000000001001000000
4022.17  28 0001110000000000001001000000
4022.17  28 0001110000000000001001000000
4052.28  28 0010111001000000001100100000
4022.17  28 0001110000000000001001000000
4022.17  28 0001110000000000001001000000
4022.17  28 0001110000000000001001000000
4031.22  28 0000001000000110101001000000
4022.17  28 0001110000000000001001000000
4022.17  28 0001110000000000001001000000
4031.22  28 0000001000000110101001000000
4022.17  28 0001110000000000001001000000
4022.17  28 0001110000000000001001000000
4022.17  28 0001110000000000001001000000
4022.17  28 0001110000000000001001000000
4022.17  28 0001110000000000001001000000
4031.22  28 0000001000000110101001000000
4031.22  28 0000001000000110101001000000
4022.17  28 0001110000000000001001000000
4022.17  28 0001110000000000001001000000
4022.17  28 0001110000000000001001000000
4022.17  28 0001110000000000001001000000
4022.17  28 0001110000000000001001000000
4037.22  28 0001110000000001001000001000
4050.22  28 0000110000001001001100100000
4022.17  28 0001110000000000001001000000
4022.17  28 0001110000000000001001000000
4022.17  28 0001110000000000001001000000
4022.17  28 0001110000000000001001000000
4022.17  28 0001110000000000001001000000
4022.17  28 0001110000000000001001000000
4022.17  28 0001110000000000001001000000
4022.17  28 0001110000000000001001000000
4031.22  28 0000001000000110101001000000
4022.17  28 0001110000000000001001000000
4031.22  28 0000001000000110101001000000
4042.28  28 0111010100000000001001000000
4022.17  28 0001110000000000001001000000
4022.17  28 0001110000000000001001000000
4022.17  28 0001110000000000001001000000
4022.17  28 0001110000000000001001000000
4022.17  28 0001110000000000001001000000
4031.22  28 0000001000000110101001000000
4022.17  28 0001110000000000001001000000
4022.17  28 0001110000000000001001000000
4022.17  28 0001110000000000001001000000
4022.17  28 0001110000000000001001000000
4022.17  28 0001110000000000001001000000
4022.17  28 0001110000000000001001000000
4050.22  28 0000110000001001001100100000
4033.11  28 0000000100000000100000000010
4022.17  28 0001110000000000001001000000
4022.17  28 0001110000000000001001000000
4022.17  28 0001110000000000001001000000
4022.17  28 0001110000000000001001000000
4022.17  28 0001110000000000001001000000
4022.17  28 0001110000000000001001000000
4022.17  28 0001110000000000001001000000
4052.28  28 0010111001000000001000100000
4022.17  28 0001110000000000001001000000
4022.17  28 0001110000000000001001000000
4022.17  28 0001110000000000001001000000
4031.22  28 0000001000000110101001000000
4022.17  28 0001110000000000001001000000
4022.17  28 0001110000000000001001000000
4022.17  28 0001110000000000001001000000
4022.17  28 0001110000000000001001000000
