3212.11  28 0000001000010000001100010000
3212.11  28 0000001000010000001100010000
3420.06  28 0000000000100000001000000100
3897.22  28 0000001100100100001000100000
3897.22  28 0000001100100100001000100000
3212.11  28 0000001000010000001100010000
3897.22  28 0000001100100100001000100000
3293.06  28 0000000000010000000010000000
3420.06  28 0000000000100000001000000010
3897.22  28 0000001100100100001000100000
3897.22  28 0000001100100100001000100000
3212.11  28 0000001000010000001100010000
3212.11  28 0000001000010000001100010000
3897.22  28 0000001100100100001000100000
3212.11  28 0000001000010000001100010000
3212.11  28 0000001000010000001100010000
3212.11  28 0000001000010000001100010000
3420.06  28 0000000000100000001000000100
3212.11  28 0000001000010000001100010000
3212.11  28 0000001000010000001100010000
3420.06  28 0000000000100000000000000100
3420.06  28 0000000000100000001000000100
3212.11  28 0000001000010000001100010000
3212.11  28 0000001000010000001100010000
3420.06  28 0000000000100000001000000010
3212.11  28 0000001000010000001100010000
3897.22  28 0000001100100100001000100000
3897.22  28 0000001100100100001000100000
3897.22  28 0000001100100100001000100000
3897.22  28 0000001100100100001000100000
3897.22  28 0000001100100100001000100000
3420.06  28 0000000000100000001000000010
3420.06  28 0000000000100000001000000010
3212.11  28 0000001000010000001100010000
3897.22  28 0000001100100100001000100000
3897.22  28 0000001100100100001000100000
3897.22  28 0000001100100100001000100000
3897.22  28 0000001100100100001000100000
3212.11  28 0000001000010000001100010000
3212.11  28 0000001000010000001100010000
3897.22  28 0000001100100100001000100000
3284.11  28 0001000000010000001100010000
3420.06  28 0000000000100000000000000010
3897.22  28 0000001100100100001000100000
3420.06  28 0000000000100000001000000100
3420.06  28 0000000000100000000000000010
3212.11  28 0000001000010000001100010000
3897.22  28 0000001100100100001000100000
3212.11  28 0000001000010000001100010000
3212.11  28 0000001000010000001100010000
3897.22  28 0000001100100100001000100000
3212.11  28 0000001000010000001100010000
3420.06  28 0000000000100000000000000010
3897.22  28 0000001100100100001000100000
3897.22  28 0000001100100100001000100000
3212.11  28 0000001000010000001100010000
3212.11  28 0000001000010000001100010000
3212.11  28 0000001000010000001100010000
3212.11  28 0000001000010000001100010000
3420.06  28 0000000000100000001000000010
3897.22  28 0000001100100100001000100000
3212.11  28 0000001000010000001100010000
3897.22  28 0000001100100100001000100000
3897.22  28 0000001100100100001000100000
3833.22  28 0000001100010100001010000000
3897.22  28 0000001100100100001000100000
3212.11  28 0000001000010000001100010000
3212.11  28 0000001000010000001100010000
3420.06  28 0000000000100000001000000010
3420.06  28 0000000000100000001000000010
3420.06  28 0000000000100000001000000100
3212.11  28 0000001000010000001100010000
3212.11  28 0000001000010000001100010000
3884.28  28 0000001110010100001010000000
3420.06  28 0000000000100000000000000100
3212.11  28 0000001000010000001100010000
3293.06  28 0000000000010000001010000000
3212.11  28 0000001000010000001100010000
3212.11  28 0000001000010000001100010000
3212.11  28 0000001000010000001100010000
3212.11  28 0000001000010000001100010000
3420.06  28 0000000000100000001000000100
3897.22  28 0000001100100100001000100000
3212.11  28 0000001000010000001100010000
3212.11  28 0000001000010000001100010000
3212.11  28 0000001000010000001100010000
3212.11  28 0000001000010000001100010000
3897.22  28 0000001100100100001000100000
3897.22  28 0000001100100100001000100000
3897.22  28 0000001100100100001000100000
3212.11  28 0000001000010000001100010000
3212.11  28 0000001000010000001100010000
3212.11  28 0000001000010000001100010000
3212.11  28 0000001000010000001100010000
3420.06  28 0000000000100000001000000100
3897.22  28 0000001100100100001000100000
3897.22  28 0000001100100100001000100000
3212.11  28 0000001000010000001100010000
3897.22  28 0000001100100100001000100000
3212.11  28 0000001000010000001100010000
