454.278  28 0001101000100100001100100000
413.111  28 0000000000100000011000000010
477.222  28 0000010000100110001100100000
473.222  28 0101001000100000001100100000
468.222  28 0001000101100000001100100000
485.333  28 0001101100100000101100100000
365.111  28 0000000001010000001100010000
472.278  28 0000001001100110001100100000
358.111  28 0000000001010000001100010000
372.111  28 0001000000010000001110000000
396.056  28 0000000000100000001000000100
476.278  28 0001110000100100001100100000
474.278  28 0000001000100110101100100000
337.111  28 0000001000010000001100010000
485.278  28 0011001000100010001100100000
359.111  28 0000001000010000001110000000
385.111  28 0000001000010000001110000000
372.111  28 0000001000010000001100010000
474.278  28 0101001001100000001100100000
449.278  28 0000001001100110001100100000
468.222  28 0000001001100100001000100000
348.111  28 0000000001010000001100010000
466.222  28 0010000000100100011100100000
341.167  28 0000000001010001001100001000
328.111  28 0000001000010000001110000000
443.056  28 0000000000100000001000000010
476.222  28 0000101000100100001100100000
391.111  28 0000000000010100001100010000
342.111  28 0000000000010100001110000000
343.111  28 0000001000010000001110000000
358.111  28 0000000000010000011110000000
457.222  28 0100000000100101001100100000
472.222  28 0100011000100000001100100000
458.278  28 0001111000100000001100100000
470.222  28 0000101000100100001100100000
469.222  28 0100001000100000011100100000
475.278  28 0000001101100100001100100000
468.222  28 0000110000001001001100100000
419.056  28 0000000000100000000000000100
429.056  28 0000000000100000000000000100
483.222  28 0000000101100100001000100000
481.222  28 0100001100000000101100100000
384.111  28 0001000000010000001110000000
471.333  28 1100001100100000101100100000
484.333  28 0000001111100100001100100000
467.222  28 1100000000100100001100100000
464.278  28 0010011100100000001100100000
359.111  28 0000000000010000011110000000
462.333  28 1010001100100100001100100000
468.222  28 0101100000100000001100100000
476.222  28 0000001000101010001100100000
357.111  28 0000000001010000001100010000
455.222  28 0000000101100010001000100000
369.111  28 0000000000010100001110000000
322.111  28 0000000001010000001100010000
470.222  28 0001011000100000001000100000
374.111  28 0001000000010000001110000000
372.111  28 0000000001010000001100010000
474.278  28 0101001100100000001100100000
471.278  28 0000000001100110101100100000
493.222  28 0100100000100001001100100000
463.278  28 0001000101100010001100100000
429.056  28 0000000000100000000000000010
468.278  28 0000010001100100011100100000
453.222  28 0000100010100100001100100000
473.333  28 0000001111100100001100100000
347.111  28 0000000001010000001100010000
461.278  28 0000001101100010001000100000
480.222  28 0101001000100000001000100000
357.111  28 0000000001010000001100010000
336.111  28 0000000001010000001100010000
352.111  28 0000000000010100001110000000
426.056  28 0000000000100000001000000010
458.222  28 0000001000100110001100100000
456.278  28 0110000100100100001100100000
484.222  28 0000011000100100001100100000
461.222  28 0101000000100100001100100000
469.222  28 0001101000100000001100100000
460.222  28 0000000001100110001000100000
473.167  28 0000110000001000001000100000
355.111  28 0000000001010000001100010000
464.278  28 0010001000100100011100100000
457.167  28 0000100000100010001100000010
429.167  28 0100000000100001001100000010
466.222  28 0000100001100100001100100000
345.111  28 0000000001010000001100010000
346.111  28 0000000001010000001100010000
462.222  28 0001101000100000001100100000
471.222  28 0001101000100000001100100000
379.111  28 0000001000010000001110000000
481.278  28 0000000111100100001000100000
459.278  28 0100001010100100001100100000
455.167  28 0100000000100100001100100000
436.111  28 0000000000100000011000000100
461.278  28 0101001000100000101100100000
461.222  28 0100000100100100001100100000
437.056  28 0000000000100000000000000100
468.278  28 0000000101100110001100100000
459.222  28 0000001100100100001100100000
348.111  28 0000000001010000001100010000
