1335.06  28 0000000000010000001010000000
1335.06  28 0000000000010000001010000000
1335.06  28 0000000000010000000010000000
1335.06  28 0000000000010000000010000000
2588.22  28 0001001000100010001100100000
1335.06  28 0000000000010000000010000000
2588.22  28 0001001000100010001100100000
1335.06  28 0000000000010000000010000000
2588.22  28 0001001000100010001100100000
2588.22  28 0001001000100010001100100000
1335.06  28 0000000000010000001010000000
1335.06  28 0000000000010000000010000000
2588.22  28 0001001000100010001100100000
1335.06  28 0000000000010000000010000000
2588.22  28 0001001000100010001100100000
2588.22  28 0001001000100010001100100000
2389.06  28 0000000000100000000000000010
2588.22  28 0001001000100010001100100000
2389.06  28 0000000000100000001000000100
2588.22  28 0001001000100010001100100000
1335.06  28 0000000000010000000010000000
1335.06  28 0000000000010000001010000000
2588.22  28 0001001000100010001100100000
1335.06  28 0000000000010000000010000000
2588.22  28 0001001000100010001100100000
1335.06  28 0000000000010000000010000000
2588.22  28 0001001000100010001100100000
1335.06  28 0000000000010000001010000000
2588.22  28 0001001000100010001100100000
2588.22  28 0001001000100010001100100000
2588.22  28 0001001000100010001100100000
1335.06  28 0000000000010000001010000000
1335.06  28 0000000000010000001010000000
2588.22  28 0001001000100010001100100000
1335.06  28 0000000000010000000010000000
1335.06  28 0000000000010000001010000000
2588.22  28 0001001000100010001100100000
1335.06  28 0000000000010000000010000000
2588.22  28 0001001000100010001100100000
2588.22  28 0001001000100010001100100000
1335.06  28 0000000000010000001010000000
2389.06  28 0000000000100000001000000100
2588.22  28 0001001000100010001100100000
2588.22  28 0001001000100010001100100000
1335.06  28 0000000000010000001010000000
1335.06  28 0000000000010000001010000000
1335.06  28 0000000000010000000010000000
2588.22  28 0001001000100010001100100000
1335.06  28 0000000000010000001010000000
2588.22  28 0001001000100010001100100000
2588.22  28 0001001000100010001100100000
1335.06  28 0000000000010000001010000000
2588.22  28 0001001000100010001100100000
2588.22  28 0001001000100010001100100000
1335.06  28 0000000000010000000010000000
1335.06  28 0000000000010000001010000000
1335.06  28 0000000000010000001010000000
1335.06  28 0000000000010000000010000000
1335.06  28 0000000000010000001010000000
2588.22  28 0001001000100010001100100000
1335.06  28 0000000000010000001010000000
2588.22  28 0001001000100010001100100000
1335.06  28 0000000000010000000010000000
2588.22  28 0001001000100010001100100000
2588.22  28 0001001000100010001100100000
2588.22  28 0001001000100010001100100000
1335.06  28 0000000000010000000010000000
2389.06  28 0000000000100000000000000010
1335.06  28 0000000000010000001010000000
1335.06  28 0000000000010000001010000000
1335.06  28 0000000000010000001010000000
2588.22  28 0001001000100010001100100000
1335.06  28 0000000000010000001010000000
2588.22  28 0001001000100010001100100000
2588.22  28 0001001000100010001100100000
2588.22  28 0001001000100010001100100000
1335.06  28 0000000000010000001010000000
2588.22  28 0001001000100010001100100000
2588.22  28 0001001000100010001100100000
2588.22  28 0001001000100010001100100000
1335.06  28 0000000000010000000010000000
2588.22  28 0001001000100010001100100000
1335.06  28 0000000000010000001010000000
1335.06  28 0000000000010000001010000000
2588.22  28 0001001000100010001100100000
1335.06  28 0000000000010000000010000000
1335.06  28 0000000000010000001010000000
1335.06  28 0000000000010000001010000000
1335.06  28 0000000000010000001010000000
1335.06  28 0000000000010000001010000000
1335.06  28 0000000000010000001010000000
1335.06  28 0000000000010000001010000000
1335.06  28 0000000000010000001010000000
1335.06  28 0000000000010000001010000000
1335.06  28 0000000000010000001010000000
1335.06  28 0000000000010000000010000000
1335.06  28 0000000000010000000010000000
2588.22  28 0001001000100010001100100000
2588.22  28 0001001000100010001100100000
1335.06  28 0000000000010000001010000000
