174.167  28 0000000101000000101100001000
0.0555556  28 0000100000000000000010000000
0.0555556  28 0000100000000000000010000000
0.0555556  28 0100000000000000000010000000
0.0555556  28 0100000000000000001010000000
0.0555556  28 0100000000000000001010000000
0.0555556  28 0100000000000000000010000000
0.0555556  28 0100000000000000001010000000
0.0555556  28 0000100000000000001010000000
0.0555556  28 0000100000000000000010000000
174.167  28 0000000101000000101100001000
0.0555556  28 0000100000000000001010000000
0.0555556  28 0000100000000000001010000000
60.1111  28 0000000000000010011000010000
174.167  28 0000000101000000101101000000
0.0555556  28 0000100000000000001010000000
174.167  28 0000000101000000101100001000
0.0555556  28 0100000000000000000010000000
0.0555556  28 0000100000000000000010000000
0.0555556  28 0100000000000000000010000000
174.167  28 0000000101000000101000100000
0.0555556  28 0000100000000000001010000000
174.167  28 0000000101000000101000001000
0.0555556  28 0000100000000000000010000000
174.167  28 0000000101000000101000100000
0.0555556  28 0000100000000000000010000000
0.0555556  28 0000100000000000001010000000
0.0555556  28 0000100000000000001010000000
0.0555556  28 0100000000000000000010000000
0.0555556  28 0000100000000000000010000000
174.167  28 0000000101000000101000001000
0.0555556  28 0000100000000000001010000000
0.0555556  28 0000100000000000000010000000
174.167  28 0000000101000000101100001000
174.167  28 0000000101000000101100001000
0.0555556  28 0100000000000000000010000000
174.167  28 0000000101000000101100100000
0.0555556  28 0000100000000000001010000000
174.167  28 0000000101000000101100100000
174.167  28 0000000101000000101000001000
0.0555556  28 0000100000000000001010000000
0.0555556  28 0000100000000000001010000000
0.0555556  28 0100000000000000001010000000
150.167  28 0000000011000000011001000000
174.167  28 0000000101000000101000001000
0.0555556  28 0100000000000000000010000000
174.167  28 0000000101000000101000100000
0.0555556  28 0100000000000000000010000000
0.0555556  28 0100000000000000001010000000
0.0555556  28 0100000000000000000010000000
0.0555556  28 0000100000000000000010000000
0.0555556  28 0100000000000000001010000000
174.167  28 0000000101000000101100100000
0.0555556  28 0100000000000000001010000000
0.0555556  28 0100000000000000000010000000
150.167  28 0000000011000000011001000000
0.0555556  28 0100000000000000001010000000
0.0555556  28 0100000000000000000010000000
0.0555556  28 0100000000000000000010000000
0.0555556  28 0000100000000000000010000000
174.167  28 0000000101000000101101000000
174.167  28 0000000101000000101000100000
0.0555556  28 0000100000000000001010000000
0.0555556  28 0100000000000000000010000000
174.167  28 0000000101000000101000001000
0.0555556  28 0100000000000000000010000000
0.0555556  28 0100000000000000000010000000
0.0555556  28 0000100000000000001010000000
0.0555556  28 0000100000000000000010000000
0.0555556  28 0100000000000000001010000000
174.167  28 0000000101000000101100100000
174.167  28 0000000101000000101000100000
0.0555556  28 0100000000000000001010000000
0.0555556  28 0000100000000000001010000000
0.0555556  28 0100000000000000001010000000
0.0555556  28 0100000000000000000010000000
174.167  28 0000000101000000101000001000
0.0555556  28 0000100000000000001010000000
0.0555556  28 0000100000000000001010000000
0.0555556  28 0000100000000000001010000000
0.0555556  28 0100000000000000001010000000
174.167  28 0000000101000000101100001000
0.0555556  28 0100000000000000001010000000
174.167  28 0000000101000000101000001000
174.167  28 0000000101000000101100001000
0.0555556  28 0100000000000000000010000000
0.166667  28 0000100010000000011010000000
174.167  28 0000000101000000101000001000
0.0555556  28 0000100000000000000010000000
174.167  28 0000000101000000101100100000
0.0555556  28 0000100000000000001010000000
0.0555556  28 0000100000000000001010000000
0.0555556  28 0000100000000000001010000000
0.0555556  28 0000100000000000001010000000
174.167  28 0000000101000000101001000000
0.0555556  28 0100000000000000000010000000
0.0555556  28 0000100000000000000010000000
0.0555556  28 0000100000000000000010000000
0.0555556  28 0000100000000000000010000000
0.0555556  28 0000100000000000001010000000
