60.1111  28 0000000010000000010100001000
60.1111  28 0000000010000000010100001000
60.1111  28 0000000010000000010100001000
60.1111  28 0000000010000000010100001000
60.1667  28 0100000100000000010100001000
91.1667  28 0000000101000001001100001000
60.1667  28 0000000010000010100100001000
60.1667  28 0000000010000010100100001000
60.1667  28 0100000100000000010100001000
60.1111  28 0000000010000000010100001000
60.1111  28 0000000010000000010100001000
60.1111  28 0000000010000000010100001000
60.1111  28 0000000010000000010100001000
96.1111  28 0000000000000001100001000000
96.1111  28 0000000000000001100001000000
60.1111  28 0000000010000000010100001000
60.1111  28 0000000010000000010100001000
60.1667  28 0000000010000011000100001000
60.1111  28 0000000010000000010100001000
60.1111  28 0000000010000000010100001000
60.1111  28 0000000010000000010100001000
60.1111  28 0000000010000000010100001000
97.1111  28 0000000100001000001100001000
97.1111  28 0000000001001000001100001000
60.1111  28 0000000010000000010100001000
97.1111  28 0000000100001000001100001000
60.1111  28 0000000010000000010100001000
60.1667  28 0000000010000010100100001000
91.1667  28 0000000101000001001100001000
60.1111  28 0000000010000000010100001000
96.1111  28 0000000000000001100001000000
96.1111  28 0000000000000001100001000000
60.1111  28 0000000010000000010100001000
60.1111  28 0000000010000000010100001000
60.1667  28 0100000100000000010100001000
60.1111  28 0000000010000000010100001000
96.1111  28 0000000000000001100001000000
60.1667  28 0100000010000010000100001000
60.1111  28 0000000010000000010100001000
60.1667  28 0000100010000000100100001000
96.1111  28 0000000000000001100001000000
91.1667  28 0000000101000001001100001000
73.1111  28 0000000101000000000100000100
60.1111  28 0000000010000000010100001000
60.1111  28 0000000010000000010100001000
96.1111  28 0000000000000001100001000000
60.1111  28 0000000010000000010100001000
60.1667  28 0000100010000001000100001000
60.1667  28 0100000010000010000100001000
73.1111  28 0000000101000000000100000010
60.1667  28 0000100010000000100100001000
97.1111  28 0000000001001000001100001000
96.1111  28 0000000000000001100001000000
60.1111  28 0000000010000000010100001000
60.1667  28 0100000010000000100100001000
60.1667  28 0100000010000000100100001000
96.1111  28 0000000000000001100001000000
60.1667  28 0100000100000000010100001000
60.1111  28 0000000010000000010100001000
97.1111  28 0000000001001000001100001000
73.1111  28 0000000101000000000100000010
73.1111  28 0000000101000000000100000010
60.1667  28 0000100010000010000100001000
60.1667  28 0000100010000001000100001000
60.1111  28 0000000010000000010100001000
60.1111  28 0000000010000000010100001000
60.1667  28 0100000100000000010100001000
96.1111  28 0000000000000001100001000000
60.1111  28 0000000010000000010100001000
60.1667  28 0000100010000010000100001000
96.1111  28 0000000000000001100001000000
91.1667  28 0000000101000001001100001000
60.1667  28 0000000010000010100100001000
73.1111  28 0000000101000000000100000010
96.1111  28 0000000000000001100001000000
73.1111  28 0000000101000000000100000010
60.1111  28 0000000010000000010100001000
97.1111  28 0000000001001000001100001000
91.1667  28 0000000101000001001100001000
60.1111  28 0000000010000000010100001000
60.1111  28 0000000010000000010100001000
73.1111  28 0000000101000000000100000010
60.1667  28 0000100100000000010100001000
73.1111  28 0000000101000000000100000010
60.1667  28 0100000010000001000100001000
60.1667  28 0000100010000001000100001000
73.1111  28 0000000101000000000100000010
60.1667  28 0000100010000010000100001000
73.1111  28 0000000101000000000100000010
73.1111  28 0000000101000000000100000100
96.1111  28 0000000000000001100001000000
91.1667  28 0000000101000001001100001000
96.1111  28 0000000000000001100001000000
60.1111  28 0000000010000000010100001000
96.1111  28 0000000000000001100001000000
60.1111  28 0000000010000000010100001000
60.1111  28 0000000010000000010100001000
60.1667  28 0000100100000000010100001000
96.1111  28 0000000000000001100001000000
73.1111  28 0000000101000000000100000100
