7.05556  28 1000000000000000001100001000
7.05556  28 1000000000000000000100001000
7.05556  28 1000000000000000001100001000
7.05556  28 1000000000000000000100001000
92.0556  28 0000000010000000000100001000
7.05556  28 1000000000000000001100001000
92.0556  28 0000000010000000000100001000
92.0556  28 0000000010000000000100001000
7.05556  28 1000000000000000001100001000
7.05556  28 1000000000000000000100001000
92.0556  28 0000000010000000001100001000
7.05556  28 1000000000000000001100001000
92.1667  28 0000100100000001000000000010
92.0556  28 0000000010000000001100001000
7.05556  28 1000000000000000000100001000
7.05556  28 1000000000000000001100001000
7.05556  28 1000000000000000001100001000
7.05556  28 1000000000000000001100001000
7.05556  28 1000000000000000000100001000
7.05556  28 1000000000000000001100001000
7.05556  28 1000000000000000000100001000
92.0556  28 0000000010000000000100001000
7.05556  28 1000000000000000001100001000
92.0556  28 0000000010000000001100001000
92.0556  28 0000000010000000001100001000
7.05556  28 1000000000000000000100001000
7.05556  28 1000000000000000000100001000
92.0556  28 0000000010000000001100001000
92.1667  28 0100000001000000100000000100
92.0556  28 0000000010000000000100001000
7.05556  28 1000000000000000000100001000
92.1667  28 0000100000100001000000000010
92.0556  28 0000000010000000001100001000
7.05556  28 1000000000000000001100001000
7.05556  28 1000000000000000001100001000
7.05556  28 1000000000000000001100001000
92.0556  28 0000000010000000001100001000
7.05556  28 1000000000000000001100001000
7.05556  28 1000000000000000001100001000
7.05556  28 1000000000000000001100001000
92.0556  28 0000000010000000000100001000
92.0556  28 0000000010000000000100001000
92.1667  28 0100000100000001000000000100
7.05556  28 1000000000000000001100001000
92.0556  28 0000000010000000000100001000
7.05556  28 1000000000000000000100001000
7.05556  28 1000000000000000001100001000
92.0556  28 0000000010000000000100001000
7.05556  28 1000000000000000001100001000
92.0556  28 0000000010000000001100001000
7.05556  28 1000000000000000000100001000
7.05556  28 1000000000000000001100001000
7.05556  28 1000000000000000001100001000
7.05556  28 1000000000000000000100001000
7.05556  28 1000000000000000001100001000
7.05556  28 1000000000000000001100001000
7.05556  28 1000000000000000001100001000
92.1667  28 0100000100000000100000000010
92.0556  28 0000000010000000001100001000
92.0556  28 0000000010000000001100001000
7.05556  28 1000000000000000000100001000
7.05556  28 1000000000000000001100001000
7.05556  28 1000000000000000001100001000
92.0556  28 0000000010000000000100001000
7.05556  28 1000000000000000000100001000
7.05556  28 1000000000000000000100001000
7.05556  28 1000000000000000001100001000
92.0556  28 0000000010000000000100001000
7.05556  28 1000000000000000000100001000
7.05556  28 1000000000000000001100001000
92.0556  28 0000000010000000001100001000
92.1667  28 0100000000100001000000000010
7.05556  28 1000000000000000001100001000
92.0556  28 0000000010000000001100001000
7.05556  28 1000000000000000000100001000
92.0556  28 0000000010000000000100001000
7.05556  28 1000000000000000000100001000
7.05556  28 1000000000000000000100001000
92.0556  28 0000000010000000001100001000
92.0556  28 0000000010000000000100001000
92.0556  28 0000000010000000001100001000
92.1667  28 0000100100000000100000000010
92.0556  28 0000000010000000001100001000
7.05556  28 1000000000000000001100001000
92.1667  28 0100000100000001000000000100
7.05556  28 1000000000000000001100001000
7.05556  28 1000000000000000001100001000
7.05556  28 1000000000000000001100001000
7.05556  28 1000000000000000000100001000
7.05556  28 1000000000000000001100001000
7.05556  28 1000000000000000001100001000
7.05556  28 1000000000000000001100001000
92.0556  28 0000000010000000000100001000
7.05556  28 1000000000000000000100001000
7.05556  28 1000000000000000000100001000
92.0556  28 0000000010000000001100001000
7.05556  28 1000000000000000000100001000
92.0556  28 0000000010000000001100001000
7.05556  28 1000000000000000000100001000
92.0556  28 0000000010000000001100001000
