86.0556  28 0000000010000000000100000100
86.1111  28 0000000101000000000100000100
140.167  28 0000000101000001001100001000
86.1111  28 0000000101000000000100000100
140.167  28 0000000101000001001100001000
161.111  28 0000000010100000000000001000
120.167  28 0000000010000011000100001000
86.0556  28 0000000010000000000100000100
86.1111  28 0000000101000000000100000100
86.0556  28 0000000010000000000100000100
161.111  28 0000000010100000000001000000
86.1111  28 0000000101000000000100000010
86.0556  28 0000000010000000001100000100
86.0556  28 0000000010000000001100000001
161.111  28 0000000010100000000000010000
86.0556  28 0000000010000000000100000100
140.167  28 0000000101000001001100001000
120.222  28 0011000010000010000100001000
158.111  28 0000000001001000001100001000
86.0556  28 0000000010000000001100000001
86.0556  28 0000000010000000001100000100
161.111  28 0000000010100000000001000000
86.1111  28 0000000101000000000100000100
90.1667  28 0000000100000010010100001000
140.167  28 0000000101000001001100001000
86.0556  28 0000000010000000001100000001
86.1667  28 0000000101000010000100000100
86.1111  28 0000000101000000000100000100
86.0556  28 0000000010000000000100000001
158.111  28 0000000001001000001100001000
86.0556  28 0000000010000000000100000001
86.0556  28 0000000010000000001100000100
86.0556  28 0000000010000000001100000100
86.1111  28 0000000101000000000100000010
90.1667  28 0000000100000010010100001000
86.0556  28 0000000010000000000100000100
86.0556  28 0000000010000000001100000100
86.1111  28 0000000101000000000100000100
86.0556  28 0000000010000000001100000001
86.0556  28 0000000010000000001100000001
86.1111  28 0000000101000000000100000100
140.167  28 0000000101000001001100001000
86.0556  28 0000000010000000001100000001
86.1111  28 0000000101000000000100000100
90.1667  28 0000000100000010010100001000
86.0556  28 0000000010000000001100000001
86.1667  28 0000000101000010000100000100
140.167  28 0000000101000001001100001000
158.111  28 0000000001001000001100001000
161.111  28 0000000010100000000000010000
86.0556  28 0000000010000000001100000100
86.0556  28 0000000010000000001100000100
86.0556  28 0000000010000000001100000001
90.1667  28 0000000100000010010100001000
86.0556  28 0000000010000000001100000001
86.1111  28 0000000101000000000100000100
86.1111  28 0000000101000000000100000100
86.0556  28 0000000010000000000100000100
86.0556  28 0000000010000000000100000100
140.167  28 0000000101000001001100001000
90.1667  28 0000000100000010010100001000
86.0556  28 0000000010000000001100000001
86.1111  28 0000000101000000000100000010
90.1667  28 0000000100000010010100001000
86.1111  28 0000000101000000000100000010
86.0556  28 0000000010000000000100000100
86.0556  28 0000000010000000001100000100
86.1111  28 0000000101000000000100000100
90.1667  28 0000000100000010010100001000
86.0556  28 0000000010000000001100000100
86.0556  28 0000000010000000001100000001
86.1111  28 0000000101000000000100000010
140.167  28 0000000101000001001100001000
86.0556  28 0000000010000000001100000100
86.1111  28 0000000101000000000100000010
158.111  28 0000000001001000001100001000
86.1111  28 0000000101000000000100000100
86.0556  28 0000000010000000001100000100
140.167  28 0000000101000001001100001000
86.0556  28 0000000010000000000100000001
140.167  28 0000000101000001001100001000
86.0556  28 0000000010000000000100000001
86.0556  28 0000000010000000000100000001
86.0556  28 0000000010000000000100000100
86.0556  28 0000000010000000001100000100
161.111  28 0000000010100000000001000000
86.0556  28 0000000010000000000100000001
86.0556  28 0000000010000000000100000001
86.0556  28 0000000010000000001100000001
86.1111  28 0000000101000000000100000100
86.0556  28 0000000010000000001100000100
86.0556  28 0000000010000000001100000001
86.0556  28 0000000010000000000100000001
86.0556  28 0000000010000000001100000100
90.1667  28 0000000100000010010100001000
86.1111  28 0000000101000000000100000010
86.0556  28 0000000010000000000100000001
86.0556  28 0000000010000000000100000100
86.0556  28 0000000010000000001100000001
86.0556  28 0000000010000000001100000001
