0.0555556  28 0000100000000000000010000000
80.1111  28 0000000011000000001100001000
80.1111  28 0000000011000000001100001000
0.0555556  28 0100000000000000000010000000
0.0555556  28 0000100000000000000010000000
80.1111  28 0000000011000000001100001000
80.1111  28 0000000011000000001100001000
80.1111  28 0000000011000000001100001000
80.1111  28 0000000011000000001100001000
0.111111  28 0000100000000010001010000000
60.0556  28 0000000000000010001100001000
0.0555556  28 0000100000000000001010000000
0.0555556  28 0100000000000000001010000000
80.1111  28 0000000011000000001100001000
0.0555556  28 0100000000000000001010000000
0.0555556  28 0000100000000000000010000000
0.0555556  28 0000100000000000000010000000
36.0556  28 0000000000000010000000010000
0.0555556  28 0100000000000000000010000000
0.0555556  28 0000100000000000000010000000
0.0555556  28 0000100000000000001010000000
0.0555556  28 0000100000000000000010000000
0.0555556  28 0000100000000000001010000000
0.111111  28 0100000000000010001010000000
0.0555556  28 0100000000000000001010000000
80.1111  28 0000000011000000001100001000
0.0555556  28 0100000000000000000010000000
0.0555556  28 0100000000000000000010000000
80.1111  28 0000000011000000001100001000
0.0555556  28 0000100000000000001010000000
80.1111  28 0000000011000000001100001000
80.1111  28 0000000011000000001100001000
36.0556  28 0000000000000010001000010000
80.1111  28 0000000011000000001100001000
0.0555556  28 0100000000000000001010000000
0.0555556  28 0100000000000000000010000000
0.0555556  28 0000100000000000001010000000
0.0555556  28 0100000000000000000010000000
0.0555556  28 0000100000000000000010000000
0.0555556  28 0100000000000000001010000000
0.0555556  28 0100000000000000000010000000
0.0555556  28 0100000000000000000010000000
80.1111  28 0000000011000000001100001000
0.0555556  28 0100000000000000001010000000
0.0555556  28 0100000000000000000010000000
0.0555556  28 0100000000000000001010000000
0.0555556  28 0100000000000000001010000000
0.0555556  28 0100000000000000000010000000
0.0555556  28 0000100000000000001010000000
0.0555556  28 0100000000000000000010000000
0.0555556  28 0100000000000000001010000000
80.1111  28 0000000011000000001100001000
0.0555556  28 0000100000000000000010000000
0.0555556  28 0100000000000000000010000000
80.1111  28 0000000011000000001100001000
0.0555556  28 0000100000000000001010000000
0.0555556  28 0100000000000000001010000000
0.0555556  28 0100000000000000001010000000
0.0555556  28 0100000000000000000010000000
0.0555556  28 0100000000000000000010000000
0.0555556  28 0000100000000000001010000000
80.1111  28 0000000011000000001100001000
0.0555556  28 0100000000000000001010000000
0.0555556  28 0000100000000000000010000000
80.1111  28 0000000011000000001100001000
0.0555556  28 0100000000000000000010000000
0.0555556  28 0100000000000000001010000000
0.0555556  28 0100000000000000000010000000
0.0555556  28 0000100000000000001010000000
0.0555556  28 0100000000000000000010000000
80.1111  28 0000000011000000001100001000
0.0555556  28 0100000000000000000010000000
0.0555556  28 0000100000000000000010000000
0.0555556  28 0000100000000000001010000000
0.0555556  28 0100000000000000000010000000
0.0555556  28 0100000000000000001010000000
0.0555556  28 0100000000000000000010000000
0.0555556  28 0100000000000000001010000000
80.1111  28 0000000011000000001100001000
0.0555556  28 0100000000000000001010000000
0.0555556  28 0100000000000000000010000000
80.1111  28 0000000011000000001100001000
80.1111  28 0000000011000000001100001000
0.111111  28 0100000000000010001010000000
0.0555556  28 0100000000000000001010000000
0.0555556  28 0100000000000000001010000000
0.0555556  28 0000100000000000000010000000
0.0555556  28 0000100000000000000010000000
0.0555556  28 0100000000000000000010000000
0.0555556  28 0000100000000000000010000000
0.0555556  28 0000100000000000000010000000
0.0555556  28 0000100000000000000010000000
0.0555556  28 0100000000000000000010000000
0.111111  28 0100000000000010001010000000
0.0555556  28 0100000000000000001010000000
0.0555556  28 0100000000000000001010000000
0.0555556  28 0000100000000000000010000000
0.0555556  28 0000100000000000001010000000
80.1111  28 0000000011000000001100001000
0.0555556  28 0000100000000000001010000000
