0.0555556  28 0000000000010000000010000000
0.0555556  28 0000000000010000001010000000
276.111  28 0000000000010000100100001000
276.111  28 0000000000010000100100001000
0.0555556  28 0000000000010000000010000000
0.0555556  28 0000000000010000001010000000
235.167  28 1000000010010000001100001000
0.0555556  28 0000000000010000000010000000
0.0555556  28 0000000000010000001010000000
0.0555556  28 0000000000010000001010000000
0.0555556  28 0000000000010000001010000000
0.0555556  28 0000000000010000001010000000
0.0555556  28 0000000000010000000010000000
0.0555556  28 0000000000010000001010000000
0.0555556  28 0000000000010000001010000000
276.111  28 0000000000010000100100001000
0.0555556  28 0000000000010000001010000000
276.111  28 0000000000010000100100001000
276.111  28 0000000000010000100100001000
0.0555556  28 0000000000010000000010000000
0.0555556  28 0000000000010000001010000000
0.0555556  28 0000000000010000001010000000
0.0555556  28 0000000000010000000010000000
0.0555556  28 0000000000010000000010000000
0.0555556  28 0000000000010000000010000000
0.0555556  28 0000000000010000001010000000
276.111  28 0000000000010000100100001000
0.0555556  28 0000000000010000000010000000
0.0555556  28 0000000000010000001010000000
0.0555556  28 0000000000010000001010000000
0.0555556  28 0000000000010000000010000000
0.0555556  28 0000000000010000001010000000
276.111  28 0000000000010000100100001000
0.0555556  28 0000000000010000000010000000
0.0555556  28 0000000000010000000010000000
276.111  28 0000000000010000100100001000
0.0555556  28 0000000000010000000010000000
0.0555556  28 0000000000010000000010000000
0.0555556  28 0000000000010000001010000000
0.0555556  28 0000000000010000001010000000
0.0555556  28 0000000000010000000010000000
0.0555556  28 0000000000010000000010000000
0.0555556  28 0000000000010000001010000000
0.0555556  28 0000000000010000001010000000
0.0555556  28 0000000000010000001010000000
0.0555556  28 0000000000010000001010000000
0.0555556  28 0000000000010000001010000000
0.0555556  28 0000000000010000000010000000
0.0555556  28 0000000000010000001010000000
0.0555556  28 0000000000010000000010000000
0.0555556  28 0000000000010000000010000000
276.111  28 0000000000010000100100001000
276.111  28 0000000000010000100100001000
0.0555556  28 0000000000010000001010000000
0.0555556  28 0000000000010000000010000000
276.111  28 0000000000010000100100001000
276.111  28 0000000000010000100100001000
0.0555556  28 0000000000010000000010000000
0.0555556  28 0000000000010000000010000000
0.0555556  28 0000000000010000001010000000
243.167  28 1000000000010001001100001000
0.0555556  28 0000000000010000001010000000
0.0555556  28 0000000000010000001010000000
0.0555556  28 0000000000010000001010000000
276.111  28 0000000000010000100100001000
0.0555556  28 0000000000010000000010000000
0.0555556  28 0000000000010000000010000000
0.0555556  28 0000000000010000001010000000
0.0555556  28 0000000000010000000010000000
0.0555556  28 0000000000010000000010000000
0.0555556  28 0000000000010000001010000000
0.0555556  28 0000000000010000000010000000
0.0555556  28 0000000000010000001010000000
0.0555556  28 0000000000010000000010000000
0.0555556  28 0000000000010000000010000000
276.167  28 0010010000010000000100001000
276.111  28 0000000000010000100100001000
0.0555556  28 0000000000010000000010000000
0.0555556  28 0000000000010000001010000000
0.0555556  28 0000000000010000000010000000
0.0555556  28 0000000000010000001010000000
0.0555556  28 0000000000010000001010000000
0.0555556  28 0000000000010000001010000000
276.167  28 0010010000010000000100001000
0.0555556  28 0000000000010000001010000000
0.0555556  28 0000000000010000000010000000
0.0555556  28 0000000000010000000010000000
0.0555556  28 0000000000010000000010000000
0.0555556  28 0000000000010000001010000000
0.0555556  28 0000000000010000000010000000
0.0555556  28 0000000000010000001010000000
352.111  28 0000000000100000100000000010
276.111  28 0000000000010000100100001000
0.0555556  28 0000000000010000000010000000
276.111  28 0000000000010000100100001000
0.0555556  28 0000000000010000001010000000
0.0555556  28 0000000000010000001010000000
0.0555556  28 0000000000010000000010000000
0.0555556  28 0000000000010000001010000000
0.0555556  28 0000000000010000000010000000
