170.222  28 0110000010000000010100001000
228.056  28 0000000000000001000001000000
228.056  28 0000000000000001001001000000
170.222  28 0000101010000000010100001000
218.111  28 0000000000001100000001000000
170.222  28 0100010010000000010100001000
170.222  28 0110000010000000010100001000
170.222  28 0110000010000000010100001000
170.222  28 0100001010000000010100001000
170.222  28 0100010010000000010100001000
170.222  28 0101000010000000010100001000
170.222  28 0100001010000000010100001000
170.222  28 0100010010000000010100001000
170.222  28 0001100010000000010100001000
170.222  28 0010100010000000010100001000
170.222  28 0110000010000000010100001000
170.222  28 0100010010000000010100001000
170.222  28 0000110010000000010100001000
228.056  28 0000000000000001000000100000
170.222  28 0110000010000000010100001000
170.222  28 0100001010000000010100001000
170.222  28 0101000010000000010100001000
170.222  28 0001100010000000010100001000
170.222  28 0000101010000000010100001000
170.222  28 0101000010000000010100001000
170.222  28 0001100010000000010100001000
170.222  28 0101000010000000010100001000
170.222  28 0000101010000000010100001000
170.222  28 0100001010000000010100001000
170.222  28 0001100010000000010100001000
170.222  28 0100001010000000010100001000
170.222  28 0010100010000000010100001000
170.222  28 0110000010000000010100001000
170.222  28 0010100010000000010100001000
228.056  28 0000000000000001000001000000
170.222  28 0100010010000000010100001000
170.222  28 0001100010000000010100001000
170.222  28 0000101010000000010100001000
170.222  28 0001100010000000010100001000
170.278  28 0100001010000011000100001000
170.222  28 0010100010000000010100001000
170.278  28 0100001010000011000100001000
170.222  28 0000101010000000010100001000
170.222  28 0100001010000000010100001000
170.222  28 0101000010000000010100001000
170.278  28 0101000010000011000100001000
170.222  28 0001100010000000010100001000
170.222  28 0000110010000000010100001000
170.222  28 0001100010000000010100001000
170.222  28 0000101010000000010100001000
170.278  28 0001100010000011000100001000
170.222  28 0001100010000000010100001000
239.111  28 1000000000000010001100001000
170.222  28 0100010010000000010100001000
170.222  28 0000110010000000010100001000
223.222  28 0000001101000100000000100000
228.056  28 0000000000000001000001000000
170.222  28 0100001010000000010100001000
170.222  28 0000101010000000010100001000
228.056  28 0000000000000001000000100000
228.056  28 0000000000000000101000100000
170.222  28 0100010010000000010100001000
170.222  28 0101000010000000010100001000
170.222  28 0101000010000000010100001000
170.222  28 0010100010000000010100001000
170.222  28 0100010010000000010100001000
170.278  28 0101000010000010100100001000
170.222  28 0101000010000000010100001000
170.222  28 0001100010000000010100001000
170.222  28 0110000010000000010100001000
170.222  28 0010100010000000010100001000
170.222  28 0110000010000000010100001000
170.222  28 0000101010000000010100001000
170.222  28 0110000010000000010100001000
228.056  28 0000000000000001000001000000
170.222  28 0101000010000000010100001000
170.222  28 0100010010000000010100001000
170.278  28 0001100010000011000100001000
170.222  28 0101000010000000010100001000
170.278  28 0101000010000011000100001000
170.222  28 0000110010000000010100001000
228.056  28 0000000000000000101001000000
170.222  28 0100010010000000010100001000
228.056  28 0000000000000001000001000000
170.222  28 0000101010000000010100001000
170.222  28 0100010010000000010100001000
170.278  28 0101000010000011000100001000
170.222  28 0110000010000000010100001000
170.222  28 0000101010000000010100001000
170.222  28 0010100010000000010100001000
170.222  28 0000110010000000010100001000
170.222  28 0000110010000000010100001000
170.222  28 0101000010000000010100001000
170.222  28 0110000010000000010100001000
170.222  28 0001100010000000010100001000
228.056  28 0000000000000001001001000000
170.278  28 0100010010000011000100001000
228.056  28 0000000000000000101000100000
170.222  28 0000110010000000010100001000
228.056  28 0000000000000001000001000000
