155.111  28 0010001000000000000100001000
50.0556  28 0000000000001000001010000000
155.111  28 0010001000000000000100001000
155.111  28 0010001000000000000100001000
155.111  28 0010001000000000000100001000
200.056  28 0000001000000000001010000000
155.111  28 0010001000000000000100001000
200.056  28 0000001000000000000010000000
155.111  28 0010001000000000000100001000
155.111  28 0010001000000000000100001000
50.0556  28 0000000000001000001010000000
155.111  28 0010001000000000000100001000
155.111  28 0010001000000000000100001000
50.0556  28 0000000000001000000010000000
155.111  28 0010001000000000000100001000
155.111  28 0010001000000000000100001000
245.167  28 0000001010000001001100001000
50.0556  28 0000000000001000000010000000
155.111  28 0010001000000000000100001000
155.111  28 0010001000000000000100001000
155.111  28 0010001000000000000100001000
50.0556  28 0000000000001000001010000000
155.111  28 0010001000000000000100001000
155.111  28 0010001000000000000100001000
155.111  28 0010001000000000000100001000
155.111  28 0010001000000000000100001000
50.0556  28 0000000000001000000010000000
155.111  28 0010001000000000000100001000
155.111  28 0010001000000000000100001000
155.111  28 0010001000000000000100001000
155.111  28 0010001000000000000100001000
245.167  28 0000001010000001001100001000
155.111  28 0010001000000000000100001000
50.0556  28 0000000000001000000010000000
155.111  28 0010001000000000000100001000
155.111  28 0010001000000000000100001000
50.0556  28 0000000000001000001010000000
155.111  28 0010001000000000000100001000
50.0556  28 0000000000001000000010000000
50.0556  28 0000000000001000001010000000
155.111  28 0010001000000000000100001000
155.111  28 0010001000000000000100001000
155.111  28 0010001000000000000100001000
155.111  28 0010001000000000000100001000
50.0556  28 0000000000001000000010000000
155.111  28 0010001000000000000100001000
155.111  28 0010001000000000000100001000
245.167  28 0000001010000001001100001000
155.111  28 0010001000000000000100001000
50.0556  28 0000000000001000000010000000
50.0556  28 0000000000001000001010000000
155.111  28 0010001000000000000100001000
155.111  28 0010001000000000000100001000
50.0556  28 0000000000001000001010000000
155.111  28 0010001000000000000100001000
155.111  28 0010001000000000000100001000
50.0556  28 0000000000001000001010000000
50.0556  28 0000000000001000001010000000
245.167  28 0000001010000001001100001000
155.111  28 0010001000000000000100001000
155.111  28 0010001000000000000100001000
155.111  28 0010001000000000000100001000
50.0556  28 0000000000001000000010000000
50.0556  28 0000000000001000000010000000
50.0556  28 0000000000001000000010000000
155.111  28 0010001000000000000100001000
50.0556  28 0000000000001000000010000000
245.167  28 0000001010000001001100001000
155.111  28 0010001000000000000100001000
50.0556  28 0000000000001000001010000000
200.056  28 0000001000000000000010000000
245.167  28 0000001010000001001100001000
155.111  28 0010001000000000000100001000
155.111  28 0010001000000000000100001000
155.111  28 0010001000000000000100001000
155.111  28 0010001000000000000100001000
245.167  28 0000001010000001001100001000
50.0556  28 0000000000001000000010000000
155.111  28 0010001000000000000100001000
155.111  28 0010001000000000000100001000
155.111  28 0010001000000000000100001000
155.111  28 0010001000000000000100001000
155.111  28 0010001000000000000100001000
155.111  28 0010001000000000000100001000
155.111  28 0010001000000000000100001000
155.111  28 0010001000000000000100001000
50.0556  28 0000000000001000000010000000
50.0556  28 0000000000001000000010000000
50.0556  28 0000000000001000000010000000
155.111  28 0010001000000000000100001000
200.056  28 0000001000000000001010000000
155.111  28 0010001000000000000100001000
200.056  28 0000001000000000000010000000
155.111  28 0010001000000000000100001000
155.111  28 0010001000000000000100001000
200.056  28 0000001000000000000010000000
155.111  28 0010001000000000000100001000
155.111  28 0010001000000000000100001000
155.111  28 0010001000000000000100001000
155.111  28 0010001000000000000100001000
