6717.11  28 0000000000000000111000000100
6717.11  28 0000000000000000111000000010
5467.06  28 1000000000000000000100001000
6792.11  28 0000000100000000100000000100
6819.22  28 0000001100000110000000000010
6705.17  28 0001100000000000011010000000
6717.11  28 0000000000000000111000000010
6717.11  28 0000000000000000111000000010
6717.11  28 0000000000000000111000000010
5467.06  28 1000000000000000001100001000
6717.11  28 0000000000000000111000000010
6705.17  28 0001100010000000001010000000
6819.22  28 0000001000100110000000000100
6717.11  28 0000000000000000111000000010
6705.17  28 0001100000010000001010000000
6705.17  28 0001100000000000011010000000
5467.06  28 1000000000000000000100001000
6792.11  28 0000000100000000100000000010
6750.17  28 0000000010000110001010000000
5467.06  28 1000000000000000000100001000
6705.17  28 0001100000000000011010000000
5467.06  28 1000000000000000000100001000
6717.11  28 0000000000000000111000000100
6705.17  28 0001100000010000001010000000
6705.17  28 0001100000010000001010000000
6819.22  28 0000001100000110000000000010
6717.11  28 0000000000000000111000000100
6717.11  28 0000000000000000111000000100
6705.17  28 0001100000000000011010000000
6819.22  28 0000001100000110000000000100
6717.11  28 0000000000000000111000000010
6819.22  28 0000001001000110000000000100
5467.06  28 1000000000000000001100001000
6792.11  28 0000000001000000100000000100
6705.17  28 0001100000000000011010000000
6705.17  28 0001100010000000001010000000
6705.17  28 0001100000000000011010000000
6705.17  28 0001100000000000011010000000
6717.11  28 0000000000000000111000000010
6705.17  28 0001100000010000001010000000
5467.06  28 1000000000000000000100001000
6717.11  28 0000000000000000111000000100
6819.22  28 0000001000100110000000000010
6717.11  28 0000000000000000111000000100
6705.17  28 0001100010000000001010000000
5467.06  28 1000000000000000001100001000
6705.17  28 0001100000010000001010000000
6705.17  28 0001100000000000011010000000
6717.11  28 0000000000000000111000000100
6705.17  28 0001100010000000001010000000
5467.06  28 1000000000000000000100001000
6717.11  28 0000000000000000111000000010
6705.17  28 0001100000000000011010000000
6717.11  28 0000000000000000111000000010
6717.11  28 0000000000000000111000000010
6792.11  28 0000000000100000100000000100
6792.11  28 0000000000100000100000000100
6705.17  28 0001100000000000011010000000
6717.11  28 0000000000000000111000000010
6717.11  28 0000000000000000111000000010
6744.33  28 0001101000010011001010000000
6717.11  28 0000000000000000111000000010
5467.06  28 1000000000000000000100001000
6819.22  28 0000001100000110000000000010
6705.17  28 0001100010000000001010000000
6792.11  28 0000000001000000100000000100
6717.11  28 0000000000000000111000000100
6717.11  28 0000000000000000111000000010
6717.11  28 0000000000000000111000000010
6717.11  28 0000000000000000111000000010
6705.17  28 0001100000010000001010000000
6717.11  28 0000000000000000111000000010
6717.11  28 0000000000000000111000000010
6717.11  28 0000000000000000111000000100
5467.06  28 1000000000000000000100001000
5467.06  28 1000000000000000000100001000
6717.11  28 0000000000000000111000000100
6705.17  28 0001100010000000001010000000
6792.11  28 0000000100000000100000000100
6705.17  28 0001100000000000011010000000
6792.11  28 0000000001000000100000000100
6717.11  28 0000000000000000111000000100
6717.11  28 0000000000000000111000000100
6705.17  28 0001100000000000011010000000
6717.11  28 0000000000000000111000000100
6717.11  28 0000000000000000111000000010
6819.22  28 0000001000100110000000000100
6717.11  28 0000000000000000111000000100
6819.22  28 0000001000100110000000000100
6717.11  28 0000000000000000111000000100
6705.17  28 0001100000000000011010000000
6717.11  28 0000000000000000111000000010
6705.17  28 0001100000010000001010000000
6717.11  28 0000000000000000111000000100
6717.11  28 0000000000000000111000000100
6717.11  28 0000000000000000111000000100
6705.17  28 0001100000010000001010000000
5467.06  28 1000000000000000000100001000
6705.17  28 0001100010000000001010000000
6717.11  28 0000000000000000111000000010
