746.167  28 0000000000001010011010000000
650.056  28 1000000000000000001100001000
778.111  28 0000001100000000000000000100
531.056  28 1000000000000000000101000000
647.056  28 1000000000000000000100001000
639.056  28 1000000000000000000101000000
613.056  28 1000000000000000000101000000
763.222  28 0010010000000010011010000000
767.167  28 0000010000100100000000000010
742.222  28 0010010010000010001010000000
599.056  28 1000000000000000000101000000
760.167  28 0110000000000000011010000000
772.167  28 0000000010000100101010000000
767.222  28 0010010000010010001010000000
628.056  28 1000000000000000000101000000
597.056  28 1000000000000000000101000000
756.167  28 0010000010000010001010000000
757.167  28 0110000010000000001010000000
636.056  28 1000000000000000000101000000
787.111  28 0000000001000001000000000100
785.167  28 0110000000100000000000000100
604.056  28 1000000000000000000101000000
764.222  28 0000000000001011011010000000
742.167  28 0001001000000010001100001000
656.056  28 1000000000000000001101000000
763.111  28 0001000000100000000000000010
737.222  28 0001000010000010101010000000
770.222  28 0010010000010010001010000000
770.167  28 0000110000000000011010000000
659.056  28 1000000000000000001100001000
762.167  28 0010100000000000011010000000
619.056  28 1000000000000000001101000000
764.167  28 0000010010000010001010000000
757.111  28 0000001010000000001000000100
583.056  28 1000000000000000000101000000
759.167  28 0000000000101010000000000010
653.056  28 1000000000000000001100001000
507.056  28 1000000000000000001101000000
768.167  28 0000000000011010001010000000
646.056  28 1000000000000000001100001000
748.167  28 0001001000000010001100001000
738.167  28 0010000010000010001010000000
646.056  28 1000000000000000001100001000
655.056  28 1000000000000000000101000000
759.278  28 0000010000001011011010000000
638.056  28 1000000000000000001101000000
650.056  28 1000000000000000000100001000
771.222  28 0010110010000000001010000000
729.167  28 0000000000011010001010000000
719.167  28 0000010010000010001010000000
609.056  28 1000000000000000000101000000
616.056  28 1000000000000000000101000000
770.167  28 0000000000011010001010000000
756.167  28 0010000000000010011010000000
648.056  28 1000000000000000001100001000
584.056  28 1000000000000000000101000000
657.056  28 1000000000000000001100001000
602.056  28 1000000000000000001101000000
639.056  28 1000000000000000001101000000
754.167  28 0000000000101010000000000010
568.056  28 1000000000000000001101000000
633.056  28 1000000000000000001101000000
668.056  28 1000000000000000000101000000
783.167  28 0100000000101000000000000100
638.056  28 1000000000000000000101000000
722.167  28 0000000000001010011010000000
612.056  28 1000000000000000001101000000
728.167  28 0000010010000010001010000000
748.222  28 0000001000010010101010000000
769.111  28 0001000010000000001000000100
769.222  28 0111000010000000001010000000
603.056  28 1000000000000000000101000000
658.056  28 1000000000000000001100001000
637.056  28 1000000000000000000100001000
706.167  28 0010000000000010011010000000
602.056  28 1000000000000000000101000000
629.056  28 1000000000000000001101000000
600.056  28 1000000000000000001101000000
756.167  28 0000010010000001001000000100
737.167  28 0000010010000010001010000000
545.056  28 1000000000000000001101000000
653.056  28 1000000000000000001101000000
777.167  28 0000000010000100101010000000
495.056  28 1000000000000000001101000000
719.167  28 0000010000000010011010000000
767.167  28 0000100000000000111100001000
639.056  28 1000000000000000001100001000
569.056  28 1000000000000000001101000000
546.056  28 1000000000000000000101000000
610.056  28 1000000000000000001101000000
781.111  28 0001000000000000011000000100
662.056  28 1000000000000000000100001000
657.056  28 1000000000000000001100001000
595.056  28 1000000000000000000101000000
764.111  28 0000000001000001000000000010
634.056  28 1000000000000000000101000000
652.056  28 1000000000000000000100001000
615.056  28 1000000000000000000101000000
645.056  28 1000000000000000001100001000
655.056  28 1000000000000000001100001000
