770.167  28 0000100000101000000000000010
653.056  28 1000000000000000000100001000
773.167  28 0000110010000000001010000000
773.167  28 0000110000000000011010000000
773.167  28 0000110000010000001010000000
653.056  28 1000000000000000001100001000
653.056  28 1000000000000000000100001000
653.056  28 1000000000000000000100001000
653.056  28 1000000000000000000100001000
653.056  28 1000000000000000001100001000
653.056  28 1000000000000000000100001000
773.167  28 0000110000010000001010000000
773.167  28 0000110000010000001010000000
770.167  28 0000100000101000000000000010
773.167  28 0000110000010000001010000000
773.167  28 0000110000010000001010000000
653.056  28 1000000000000000000100001000
653.056  28 1000000000000000001100001000
773.167  28 0000110000000000011010000000
653.056  28 1000000000000000001100001000
773.167  28 0000110000000000011010000000
770.167  28 0000100100001000000000000100
773.167  28 0000110010000000001010000000
653.056  28 1000000000000000000100001000
773.167  28 0000110000000000011010000000
773.167  28 0000110010000000001010000000
773.167  28 0000110010000000001010000000
653.056  28 1000000000000000000100001000
653.056  28 1000000000000000000100001000
773.167  28 0000110000010000001010000000
653.056  28 1000000000000000001100001000
653.056  28 1000000000000000000100001000
653.056  28 1000000000000000001100001000
653.056  28 1000000000000000000100001000
653.056  28 1000000000000000000100001000
773.167  28 0000110000000000011010000000
653.056  28 1000000000000000000100001000
773.167  28 0000110000000000011010000000
773.167  28 0000110000000000011010000000
653.056  28 1000000000000000001100001000
653.056  28 1000000000000000001100001000
773.167  28 0000110000010000001010000000
653.056  28 1000000000000000001100001000
653.056  28 1000000000000000001100001000
653.056  28 1000000000000000001100001000
773.167  28 0000110010000000001010000000
773.167  28 0000110000010000001010000000
653.056  28 1000000000000000001100001000
773.167  28 0000110010000000001010000000
653.056  28 1000000000000000000100001000
773.167  28 0000110010000000001010000000
653.056  28 1000000000000000001100001000
653.056  28 1000000000000000000100001000
653.056  28 1000000000000000000100001000
653.056  28 1000000000000000000100001000
653.056  28 1000000000000000001100001000
653.056  28 1000000000000000000100001000
773.167  28 0000110000010000001010000000
653.056  28 1000000000000000001100001000
653.056  28 1000000000000000000100001000
770.167  28 0000100001001000000000000100
653.056  28 1000000000000000001100001000
773.167  28 0000110010000000001010000000
653.056  28 1000000000000000001100001000
773.167  28 0000110000010000001010000000
653.056  28 1000000000000000001100001000
773.167  28 0000110000010000001010000000
773.167  28 0000110010000000001010000000
770.167  28 0000100000101000000000000100
770.167  28 0000100000101000000000000100
653.056  28 1000000000000000000100001000
773.167  28 0000110000010000001010000000
653.056  28 1000000000000000001100001000
773.167  28 0000110000010000001010000000
773.167  28 0000110000000000011010000000
653.056  28 1000000000000000001100001000
653.056  28 1000000000000000000100001000
773.167  28 0000110000000000011010000000
773.167  28 0000110000010000001010000000
770.167  28 0000100100001000000000000100
773.167  28 0000110000000000011010000000
770.167  28 0000100000101000000000000010
773.167  28 0000110000010000001010000000
653.056  28 1000000000000000000100001000
653.056  28 1000000000000000000100001000
653.056  28 1000000000000000001100001000
754.222  28 0010001000000110001100001000
773.167  28 0000110010000000001010000000
653.056  28 1000000000000000000100001000
773.167  28 0000110000010000001010000000
653.056  28 1000000000000000001100001000
653.056  28 1000000000000000000100001000
653.056  28 1000000000000000000100001000
653.056  28 1000000000000000000100001000
653.056  28 1000000000000000000100001000
773.167  28 0000110000000000011010000000
653.056  28 1000000000000000001100001000
773.167  28 0000110000000000011010000000
773.167  28 0000110010000000001010000000
773.167  28 0000110010000000001010000000
