541.167  28 0001000010000000101010000000
289.167  28 1000000000001100000100001000
289.167  28 1000000000001100000100001000
289.167  28 1000000000001100000100001000
302.111  28 0000100000100000000100000010
590.167  28 0100000000010001001000000010
302.111  28 0000100000100000000100000010
302.111  28 0000100000100000000100000010
302.111  28 0000100001000000000100000010
289.167  28 1000000000001100000100001000
289.167  28 1000000000001100000100001000
541.167  28 0001000000000000111010000000
289.167  28 1000000000001100000100001000
302.111  28 0000100000100000000100000010
452.222  28 0100100000000100011100000010
463.278  28 0100101010000100001100000010
289.167  28 1000000000001100000100001000
302.111  28 0100000000100000000100000010
289.167  28 1000000000001100000100001000
289.167  28 1000000000001100000100001000
289.167  28 1000000000001100000100001000
541.167  28 0001000000000000111010000000
541.167  28 0001000000000000111010000000
289.167  28 1000000000001100000100001000
289.167  28 1000000000001100000100001000
302.111  28 0000100000100000000100000010
289.167  28 1000000000001100000100001000
289.167  28 1000000000001100000100001000
289.167  28 1000000000001100000100001000
590.167  28 0000100000000001011000000100
302.111  28 0000100001000000000100000010
541.167  28 0001000010000000101010000000
302.111  28 0100000100000000000100000010
302.111  28 0000100000100000000100000010
302.111  28 0100000000100000000100000010
289.167  28 1000000000001100000100001000
289.167  28 1000000000001100000100001000
541.167  28 0001000000000000111010000000
302.111  28 0100000100000000000100000010
302.111  28 0100000000100000000100000010
289.167  28 1000000000001100000100001000
541.167  28 0001000000010000101010000000
302.111  28 0100000100000000000100000010
289.167  28 1000000000001100000100001000
289.167  28 1000000000001100000100001000
302.111  28 0100000100000000000100000010
302.111  28 0000100000100000000100000010
541.167  28 0001000000000000111010000000
452.222  28 0100100000000100011100000010
289.167  28 1000000000001100000100001000
590.167  28 0000100000000001011000000100
289.167  28 1000000000001100000100001000
590.167  28 0000100000000001011000000010
289.167  28 1000000000001100000100001000
289.167  28 1000000000001100000100001000
289.167  28 1000000000001100000100001000
289.167  28 1000000000001100000100001000
541.167  28 0001000010000000101010000000
452.222  28 0100100000000100011100000010
541.167  28 0001000000000000111010000000
302.111  28 0000100100000000000100000010
302.111  28 0100000000100000000100000010
289.167  28 1000000000001100000100001000
289.167  28 1000000000001100000100001000
289.167  28 1000000000001100000100001000
289.167  28 1000000000001100000100001000
289.167  28 1000000000001100000100001000
289.167  28 1000000000001100000100001000
302.111  28 0100000000100000000100000010
541.167  28 0001000010000000101010000000
289.167  28 1000000000001100000100001000
289.167  28 1000000000001100000100001000
541.167  28 0001000010000000101010000000
289.167  28 1000000000001100000100001000
541.167  28 0001000000010000101010000000
541.167  28 0001000000000000111010000000
289.167  28 1000000000001100000100001000
541.167  28 0001000000010000101010000000
289.167  28 1000000000001100000100001000
289.167  28 1000000000001100000100001000
302.111  28 0000100100000000000100000010
289.167  28 1000000000001100000100001000
289.167  28 1000000000001100000100001000
289.167  28 1000000000001100000100001000
541.167  28 0001000000000000111010000000
289.167  28 1000000000001100000100001000
289.167  28 1000000000001100000100001000
302.111  28 0100000000100000000100000010
302.111  28 0100000000100000000100000010
302.111  28 0000100100000000000100000010
302.111  28 0100000000100000000100000010
302.111  28 0000100001000000000100000010
289.167  28 1000000000001100000100001000
289.167  28 1000000000001100000100001000
289.167  28 1000000000001100000100001000
289.167  28 1000000000001100000100001000
590.167  28 0000100000000001011000000010
289.167  28 1000000000001100000100001000
289.167  28 1000000000001100000100001000
302.111  28 0100000100000000000100000010
