288.167  28 1000000000001100000100001000
462.278  28 0100101000000100011100000010
272.111  28 0000100100000000000100000010
273.111  28 0000100100000000000100000010
302.167  28 1000000000001100000100001000
310.111  28 0100000100000000000100000010
283.111  28 0100000001000000000100000010
285.167  28 1000000000001100000100001000
300.111  28 0100000000100000000100000010
288.167  28 1000000000001100000100001000
445.222  28 0100100000000100011100000010
277.167  28 1000000000001100000100001000
289.167  28 1000000000001100000100001000
287.167  28 1000000000001100000100001000
291.167  28 1000000000001100000100001000
290.111  28 0000100001000000000100000010
284.167  28 1000000000001100000100001000
319.111  28 0000100000100000000100000010
523.167  28 0001000010000000101010000000
541.167  28 0001000000010000101010000000
285.111  28 0000100000100000000100000010
295.111  28 0000100000100000000100000010
282.167  28 1000000000001100000100001000
513.167  28 0000001000000000111010000000
505.167  28 0000001010000000101010000000
570.167  28 0001000000010000101010000000
475.167  28 0100100000000000011100000010
311.111  28 0000100100000000000100000010
350.111  28 0000100001000000000100000010
284.167  28 1000000000001100000100001000
520.167  28 0000001010000000101010000000
299.167  28 1000000000001100000100001000
563.167  28 0001000000010000101010000000
290.111  28 0100000001000000000100000010
277.167  28 1000000000001100000100001000
285.167  28 1000000000001100000100001000
463.167  28 0100100000000000011100000010
275.167  28 1000000000001100000100001000
269.167  28 1000000000001100000100001000
290.167  28 1000000000001100000100001000
300.111  28 0000100001000000000100000010
516.167  28 0000001000000000111010000000
300.167  28 1000000000001100000100001000
463.167  28 0001001000000000101100001000
296.111  28 0100000001000000000100000010
530.167  28 0001000000010000101010000000
275.167  28 1000000000001100000100001000
563.167  28 0000000010000011001000000010
278.167  28 1000000000001100000100001000
288.167  28 1000000000001100000100001000
289.111  28 0000100100000000000100000010
277.167  28 1000000000001100000100001000
546.167  28 0000001000000000111010000000
292.167  28 1000000000001100000100001000
281.167  28 1000000000001100000100001000
275.167  28 1000000000001100000100001000
277.167  28 1000000000001100000100001000
534.167  28 0000001000010000101010000000
559.167  28 0000000010000011001000000100
283.167  28 1000000000001100000100001000
279.167  28 1000000000001100000100001000
290.111  28 0000100001000000000100000010
283.111  28 0100000001000000000100000010
292.167  28 1000000000001100000100001000
532.167  28 0001000010000000101010000000
546.167  28 0001000000010000101010000000
272.167  28 1000000000001100000100001000
473.167  28 0100100000000000011100000010
263.111  28 0100000001000000000100000010
286.167  28 1000000000001100000100001000
588.167  28 0001000010000000101010000000
301.167  28 1000000000001100000100001000
289.111  28 0000100100000000000100000010
264.167  28 1000000000001100000100001000
560.167  28 0000001000000000111010000000
303.111  28 0000100001000000000100000010
288.167  28 1000000000001100000100001000
287.167  28 1000000000001100000100001000
534.167  28 0001000010000000101010000000
526.167  28 0001000000010000101010000000
578.167  28 0000000000010011001000000010
563.167  28 0000001010000000101010000000
268.167  28 1000000000001100000100001000
297.167  28 1000000000001100000100001000
270.167  28 1000000000001100000100001000
291.167  28 1000000000001100000100001000
287.111  28 0000100000100000000100000010
285.167  28 1000000000001100000100001000
495.222  28 0100100000000100011100000010
521.167  28 0001000010000000101010000000
287.167  28 1000000000001100000100001000
288.111  28 0100000100000000000100000010
276.167  28 1000000000001100000100001000
292.111  28 0000100100000000000100000010
320.111  28 0000100100000000000100000010
289.111  28 0100000000100000000100000010
283.111  28 0100000001000000000100000010
491.278  28 0100101000000100011100000010
500.167  28 0001000010000000101010000000
277.167  28 1000000000001100000100001000
