2575.11  28 0100000100000000000100000010
2575.11  28 0000100000100000000100000010
5050.17  28 0000001010000000101010000000
5050.17  28 0000001010000000101010000000
5050.17  28 0000001000000000111010000000
2575.11  28 0000100100000000000100000010
5050.17  28 0000001010000000101010000000
2517.11  28 1000000000000100000100001000
2517.11  28 1000000000000100000100001000
2517.11  28 1000000000000100000100001000
2575.11  28 0100000001000000000100000010
5050.17  28 0000001000010000101010000000
2517.11  28 1000000000000100000100001000
5050.17  28 0000001010000000101010000000
2517.11  28 1000000000000100000100001000
2517.11  28 1000000000000100000100001000
2575.11  28 0000100001000000000100000010
5050.17  28 0000001000000000111010000000
2517.11  28 1000000000000100000100001000
5050.17  28 0000001000010000101010000000
5050.17  28 0000001010000000101010000000
2575.11  28 0100000100000000000100000010
5050.17  28 0000001000010000101010000000
5050.17  28 0000001010000000101010000000
5050.17  28 0000001010000000101010000000
2575.11  28 0000100000100000000100000010
2517.11  28 1000000000000100000100001000
2517.11  28 1000000000000100000100001000
5050.17  28 0000001010000000101010000000
5248.17  28 0000000000010011001000000100
2517.11  28 1000000000000100000100001000
2517.11  28 1000000000000100000100001000
2517.11  28 1000000000000100000100001000
2517.11  28 1000000000000100000100001000
2517.11  28 1000000000000100000100001000
2517.11  28 1000000000000100000100001000
2575.11  28 0000100000100000000100000010
2575.11  28 0000100001000000000100000010
2517.11  28 1000000000000100000100001000
2575.11  28 0000100100000000000100000010
2517.11  28 1000000000000100000100001000
2517.11  28 1000000000000100000100001000
2575.11  28 0000100000100000000100000010
5050.17  28 0000001000010000101010000000
2517.11  28 1000000000000100000100001000
2517.11  28 1000000000000100000100001000
5050.17  28 0000001000010000101010000000
5050.17  28 0000001000000000111010000000
5050.17  28 0000001010000000101010000000
5050.17  28 0000001000000000111010000000
2517.11  28 1000000000000100000100001000
4968.11  28 0000010000000001001100001000
2517.11  28 1000000000000100000100001000
2517.11  28 1000000000000100000100001000
2517.11  28 1000000000000100000100001000
2575.11  28 0000100001000000000100000010
5050.17  28 0000001000010000101010000000
2517.11  28 1000000000000100000100001000
2517.11  28 1000000000000100000100001000
2517.11  28 1000000000000100000100001000
5050.17  28 0000001000000000111010000000
5248.17  28 0000000010000011001000000010
5248.17  28 0000000010000011001000000010
2517.11  28 1000000000000100000100001000
2575.11  28 0000100100000000000100000010
2517.11  28 1000000000000100000100001000
2517.11  28 1000000000000100000100001000
2575.11  28 0000100001000000000100000010
2517.11  28 1000000000000100000100001000
2575.11  28 0000100100000000000100000010
2517.11  28 1000000000000100000100001000
5050.17  28 0000001000010000101010000000
5248.17  28 0000000010000011001000000010
2517.11  28 1000000000000100000100001000
2517.11  28 1000000000000100000100001000
5050.17  28 0000001000000000111010000000
2517.11  28 1000000000000100000100001000
2517.11  28 1000000000000100000100001000
5050.17  28 0000001010000000101010000000
2575.11  28 0100000100000000000100000010
2575.11  28 0000100100000000000100000010
2517.11  28 1000000000000100000100001000
2517.11  28 1000000000000100000100001000
2517.11  28 1000000000000100000100001000
5050.17  28 0000001000010000101010000000
5050.17  28 0000001000000000111010000000
2517.11  28 1000000000000100000100001000
2517.11  28 1000000000000100000100001000
2517.11  28 1000000000000100000100001000
2517.11  28 1000000000000100000100001000
2517.11  28 1000000000000100000100001000
2517.11  28 1000000000000100000100001000
2575.11  28 0100000000100000000100000010
2517.11  28 1000000000000100000100001000
2517.11  28 1000000000000100000100001000
2575.11  28 0100000100000000000100000010
2517.11  28 1000000000000100000100001000
2575.11  28 0000100001000000000100000010
2517.11  28 1000000000000100000100001000
2575.11  28 0100000001000000000100000010
