6735.22  28 0010010000010010001010000000
6742.17  28 0000000010001010001010000000
6735.22  28 0010010010000010001010000000
5415.06  28 1000000000000000000100001000
6735.22  28 0010010000000010011010000000
6735.22  28 0010010000000010011010000000
5415.06  28 1000000000000000000100001000
5415.06  28 1000000000000000000100001000
6735.22  28 0010010000000010011010000000
6779.17  28 0000000100001010000000000100
5415.06  28 1000000000000000001100001000
6800.11  28 0000000010000001001000000100
6779.17  28 0000000000101010000000000100
5415.06  28 1000000000000000000100001000
6735.22  28 0010010000000010011010000000
5415.06  28 1000000000000000000100001000
5415.06  28 1000000000000000000100001000
6735.22  28 0010010000010010001010000000
6779.17  28 0000000100001010000000000100
6735.22  28 0010010000000010011010000000
5415.06  28 1000000000000000000100001000
6735.22  28 0010010010000010001010000000
6735.22  28 0010010000010010001010000000
6735.22  28 0010010000000010011010000000
5415.06  28 1000000000000000000100001000
6735.22  28 0010010000010010001010000000
6735.22  28 0010010000010010001010000000
5415.06  28 1000000000000000001100001000
6735.22  28 0010010000010010001010000000
5415.06  28 1000000000000000001100001000
6735.22  28 0010010010000010001010000000
5415.06  28 1000000000000000001100001000
5415.06  28 1000000000000000001100001000
5415.06  28 1000000000000000001100001000
5415.06  28 1000000000000000000100001000
5415.06  28 1000000000000000000100001000
6735.22  28 0010010000010010001010000000
5415.06  28 1000000000000000000100001000
5415.06  28 1000000000000000000100001000
5415.06  28 1000000000000000001100001000
5415.06  28 1000000000000000000100001000
5415.06  28 1000000000000000001100001000
5415.06  28 1000000000000000000100001000
6735.22  28 0010010010000010001010000000
6779.17  28 0000000100001010000000000100
6735.22  28 0010010010000010001010000000
5415.06  28 1000000000000000000100001000
6735.22  28 0010010000000010011010000000
5415.06  28 1000000000000000000100001000
5415.06  28 1000000000000000001100001000
5415.06  28 1000000000000000001100001000
6735.22  28 0010010000000010011010000000
6735.22  28 0010010000010010001010000000
6735.22  28 0010010010000010001010000000
5415.06  28 1000000000000000001100001000
6735.22  28 0010010010000010001010000000
6735.22  28 0010010000000010011010000000
5415.06  28 1000000000000000001100001000
5415.06  28 1000000000000000000100001000
6779.17  28 0000000100001010000000000010
6735.22  28 0010010000010010001010000000
6735.22  28 0010010010000010001010000000
5415.06  28 1000000000000000000100001000
5415.06  28 1000000000000000000100001000
5415.06  28 1000000000000000000100001000
5415.06  28 1000000000000000001100001000
5415.06  28 1000000000000000001100001000
5415.06  28 1000000000000000001100001000
5415.06  28 1000000000000000001100001000
6735.22  28 0010010000000010011010000000
6800.11  28 0000000000010001001000000010
5415.06  28 1000000000000000001100001000
6735.22  28 0010010010000010001010000000
6735.22  28 0010010000010010001010000000
6735.22  28 0010010000000010011010000000
6735.22  28 0010010000000010011010000000
5415.06  28 1000000000000000000100001000
6799.17  28 0000001001000100000000000010
5415.06  28 1000000000000000001100001000
6735.22  28 0010010000010010001010000000
5415.06  28 1000000000000000000100001000
6735.22  28 0010010000010010001010000000
6735.22  28 0010010010000010001010000000
5415.06  28 1000000000000000001100001000
6799.17  28 0000001100000100000000000010
6735.22  28 0010010010000010001010000000
5415.06  28 1000000000000000000100001000
6735.22  28 0010010000010010001010000000
6735.22  28 0010010010000010001010000000
5415.06  28 1000000000000000000100001000
5415.06  28 1000000000000000001100001000
5415.06  28 1000000000000000001100001000
5415.06  28 1000000000000000001100001000
6779.17  28 0000000001001010000000000010
6779.17  28 0000000000101010000000000100
6742.17  28 0000000000011010001010000000
5415.06  28 1000000000000000000100001000
6735.22  28 0010010000000010011010000000
5415.06  28 1000000000000000000100001000
5415.06  28 1000000000000000001100001000
