577.056  28 1000000000000000000101000000
742.222  28 0000001000010010101010000000
742.222  28 0000001000010010101010000000
742.222  28 0000001010000010101010000000
742.222  28 0000001000010010101010000000
742.222  28 0000001000000010111010000000
742.222  28 0000001010000010101010000000
742.222  28 0000001010000010101010000000
742.222  28 0000001000000010111010000000
742.222  28 0000001000000010111010000000
742.222  28 0000001010000010101010000000
742.222  28 0000001010000010101010000000
742.222  28 0000001000000010111010000000
742.222  28 0000001000000010111010000000
767.167  28 0100000000001000011100001000
577.056  28 1000000000000000001101000000
577.056  28 1000000000000000000101000000
742.222  28 0000001000000010111010000000
742.222  28 0000001000010010101010000000
767.167  28 0100000000001000011100001000
742.222  28 0000001000010010101010000000
577.056  28 1000000000000000000101000000
742.222  28 0000001010000010101010000000
767.167  28 0100000000001000011100001000
577.056  28 1000000000000000000101000000
742.222  28 0000001010000010101010000000
742.222  28 0000001000010010101010000000
577.056  28 1000000000000000000101000000
577.056  28 1000000000000000000101000000
742.222  28 0000001010000010101010000000
577.056  28 1000000000000000001101000000
763.333  28 0111110000000000101100001000
742.222  28 0000001010000010101010000000
742.222  28 0000001000010010101010000000
742.222  28 0000001010000010101010000000
577.056  28 1000000000000000001101000000
742.222  28 0000001000000010111010000000
577.056  28 1000000000000000000101000000
742.222  28 0000001000000010111010000000
577.056  28 1000000000000000001101000000
742.222  28 0000001010000010101010000000
742.222  28 0000001000000010111010000000
742.222  28 0000001000000010111010000000
742.222  28 0000001010000010101010000000
742.222  28 0000001010000010101010000000
742.222  28 0000001000000010111010000000
742.222  28 0000001000010010101010000000
742.222  28 0000001000010010101010000000
742.222  28 0000001000010010101010000000
767.167  28 0100000000001000011100001000
742.222  28 0000001010000010101010000000
742.222  28 0000001000010010101010000000
577.056  28 1000000000000000001101000000
742.222  28 0000001000000010111010000000
577.056  28 1000000000000000001101000000
742.222  28 0000001000010010101010000000
577.056  28 1000000000000000001101000000
742.222  28 0000001000000010111010000000
742.222  28 0000001000010010101010000000
577.056  28 1000000000000000000101000000
742.222  28 0000001000010010101010000000
742.222  28 0000001010000010101010000000
742.222  28 0000001000010010101010000000
742.222  28 0000001000000010111010000000
742.222  28 0000001000000010111010000000
742.222  28 0000001000000010111010000000
742.222  28 0000001000000010111010000000
742.222  28 0000001000000010111010000000
577.056  28 1000000000000000000101000000
742.222  28 0000001000000010111010000000
742.222  28 0000001010000010101010000000
742.222  28 0000001000000010111010000000
795.167  28 0000001000100010000000000100
742.222  28 0000001000000010111010000000
577.056  28 1000000000000000001101000000
742.222  28 0000001000010010101010000000
793.222  28 0000101000101000000000000100
742.222  28 0000001000010010101010000000
577.056  28 1000000000000000001101000000
742.222  28 0000001000000010111010000000
577.056  28 1000000000000000001101000000
742.222  28 0000001010000010101010000000
742.222  28 0000001000010010101010000000
742.222  28 0000001000000010111010000000
577.056  28 1000000000000000000101000000
577.056  28 1000000000000000000101000000
742.222  28 0000001000000010111010000000
742.222  28 0000001010000010101010000000
742.222  28 0000001000000010111010000000
775.167  28 0100010000001000001100001000
742.222  28 0000001000000010111010000000
742.222  28 0000001010000010101010000000
742.222  28 0000001000000010111010000000
742.222  28 0000001000000010111010000000
577.056  28 1000000000000000001101000000
785.111  28 0000100000100000000010000000
742.222  28 0000001000010010101010000000
742.222  28 0000001000000010111010000000
577.056  28 1000000000000000000101000000
742.222  28 0000001000010010101010000000
