777.167  28 0000001000010010001010000000
594.056  28 1000000000000000001101000000
767.167  28 0000001000101000000000000010
776.111  28 0000010100000000000000000100
630.111  28 1000000000000010000100100000
641.056  28 1000000000000000000101000000
781.167  28 0000101100000000000000000100
782.167  28 0001100010000000001010000000
751.167  28 0101000010000000001010000000
724.111  28 0010000000000000011000000010
765.222  28 0001001000010010001010000000
769.111  28 0010000001000000000000000010
750.111  28 0010000000000000011000000100
771.167  28 0100100000010000001010000000
758.167  28 0000000010000110001010000000
602.056  28 1000000000000000000101000000
741.167  28 0000001000010010001010000000
763.167  28 0010000000000001011000000100
767.167  28 0001000000000010011010000000
728.167  28 0001000000000010011010000000
777.167  28 0000000000000110011010000000
760.111  28 0000100000000000011010000000
767.167  28 0000001000100010000000000100
759.167  28 0001000000010010001010000000
746.278  28 0001011000000010011010000000
766.222  28 0010010000000001011010000000
769.222  28 0001001000010010001010000000
750.167  28 0000001000010010001010000000
740.167  28 0000101010000000001010000000
749.167  28 0000100000000001011010000000
739.167  28 0000101000010000001010000000
661.056  28 1000000000000000001101000000
762.167  28 0000000000100110000000000100
565.056  28 1000000000000000001101000000
764.111  28 0000010000000000011000000100
644.111  28 1000000000000010000100100000
776.222  28 0001001000010010001010000000
767.167  28 0000101010000000001010000000
786.222  28 0001001000000010011010000000
774.278  28 0001110000000110000100001000
734.111  28 0010001000000000001100001000
593.056  28 1000000000000000001101000000
581.056  28 1000000000000000001101000000
647.056  28 1000000000000000000101000000
755.222  28 0001001010000010001010000000
753.222  28 0010000000000011011010000000
754.167  28 0001100000010000001010000000
584.111  28 1100000000000000000100100000
743.167  28 0100000000001000011100001000
759.222  28 0001001010000010001010000000
748.167  28 0001000010000000101000000100
617.111  28 1000000000000010000100100000
635.111  28 1100000000000000000100100000
613.056  28 1000000000000000000101000000
649.056  28 1000000000000000000101000000
633.111  28 1000000000000010000100100000
758.167  28 0001000100000010000000000010
782.167  28 0000101000000000011010000000
776.222  28 0011001000010000001010000000
778.111  28 0010000001000000000000000100
594.056  28 1000000000000000000101000000
787.167  28 0000001000101000000000000010
767.167  28 0000001010000000101000000010
599.056  28 1000000000000000000101000000
747.167  28 0000001000100010000000000100
718.222  28 0001001000000010011010000000
741.167  28 0101000010000000001010000000
763.222  28 0001001010000010001010000000
610.056  28 1000000000000000001101000000
755.167  28 0000001000000010011010000000
772.167  28 0000000000100110000000000010
742.222  28 0001001010000010001010000000
617.056  28 1000000000000000001101000000
715.222  28 0001001000000010011010000000
778.111  28 0010000000000000011000000010
748.167  28 0010000000010010001010000000
646.111  28 1000000000000010000100100000
642.056  28 1000000000000000000100001000
627.056  28 1000000000000000000100001000
749.167  28 0101000001000000000000000010
746.222  28 0011000010000010001010000000
784.111  28 0010000001000000000000000100
772.167  28 0000001000000010011010000000
778.222  28 0001001000010010001010000000
637.056  28 1000000000000000000101000000
773.333  28 0110101000000110000100001000
748.167  28 0101000010000000001010000000
554.056  28 1000000000000000000101000000
585.056  28 1000000000000000001101000000
767.111  28 0010000001000000000000000010
764.222  28 0000001000010110001010000000
766.222  28 0010001000000010010100001000
775.111  28 0010000010000000001000000100
755.167  28 0000000000100110000000000010
771.167  28 0001000000010010001010000000
647.056  28 1000000000000000000101000000
771.111  28 0000000000000000111000000010
763.167  28 0000000001000110000000000100
757.167  28 0000010000100100000000000100
766.222  28 0001001010000010001010000000
