93.0556  28 1000000000000000000100001000
262.222  28 0001001000000000111010000000
93.0556  28 1000000000000000000100001000
93.0556  28 1000000000000000000100001000
93.0556  28 1000000000000000000100001000
93.0556  28 1000000000000000001100001000
93.0556  28 1000000000000000000100001000
93.0556  28 1000000000000000000100001000
93.0556  28 1000000000000000001100001000
93.0556  28 1000000000000000000100001000
93.0556  28 1000000000000000000100001000
216.111  28 0000000100000010000100000010
216.111  28 0000000001000010000100000010
262.222  28 0001001000010000101010000000
93.0556  28 1000000000000000000100001000
93.0556  28 1000000000000000001100001000
93.0556  28 1000000000000000000100001000
93.0556  28 1000000000000000000100001000
93.0556  28 1000000000000000000100001000
262.222  28 0001001000010000101010000000
93.0556  28 1000000000000000001100001000
216.111  28 0000000000100010000100000010
216.111  28 0000000100000010000100000010
93.0556  28 1000000000000000001100001000
93.0556  28 1000000000000000000100001000
262.222  28 0001001000000000111010000000
216.111  28 0000000000100010000100000010
93.0556  28 1000000000000000001100001000
262.222  28 0001001000000000111010000000
93.0556  28 1000000000000000001100001000
93.1111  28 1000000001000000000100001000
93.0556  28 1000000000000000000100001000
93.0556  28 1000000000000000000100001000
93.0556  28 1000000000000000001100001000
216.111  28 0000000100000010000100000010
93.0556  28 1000000000000000001100001000
93.0556  28 1000000000000000000100001000
93.0556  28 1000000000000000001100001000
93.0556  28 1000000000000000000100001000
262.222  28 0001001000000000111010000000
93.0556  28 1000000000000000000100001000
93.0556  28 1000000000000000000100001000
93.0556  28 1000000000000000001100001000
93.0556  28 1000000000000000000100001000
216.111  28 0000000001000010000100000010
262.222  28 0001001000010000101010000000
216.111  28 0000000001000010000100000010
93.0556  28 1000000000000000000100001000
239.056  28 0000000000000000100100010000
93.0556  28 1000000000000000000100001000
239.056  28 0000000000000000100100010000
262.222  28 0001001000000000111010000000
93.0556  28 1000000000000000001100001000
262.222  28 0001001010000000101010000000
262.222  28 0001001000000000111010000000
216.111  28 0000000001000010000100000010
93.0556  28 1000000000000000000100001000
216.111  28 0000000000100010000100000010
93.0556  28 1000000000000000001100001000
262.222  28 0001001000010000101010000000
216.111  28 0000000000100010000100000010
262.222  28 0001001000000000111010000000
262.222  28 0001001010000000101010000000
216.111  28 0000000100000010000100000010
93.0556  28 1000000000000000001100001000
93.0556  28 1000000000000000001100001000
93.0556  28 1000000000000000000100001000
262.222  28 0001001000000000111010000000
93.0556  28 1000000000000000000100001000
93.0556  28 1000000000000000000100001000
93.0556  28 1000000000000000001100001000
216.111  28 0000000100000010000100000010
93.0556  28 1000000000000000000100001000
216.111  28 0000000001000010000100000010
239.056  28 0000000000000000100100010000
262.222  28 0001001010000000101010000000
93.0556  28 1000000000000000001100001000
93.0556  28 1000000000000000001100001000
93.0556  28 1000000000000000001100001000
216.111  28 0000000001000010000100000010
239.056  28 0000000000000000101100010000
93.0556  28 1000000000000000001100001000
262.222  28 0001001010000000101010000000
254.111  28 0000100000000000011100000010
93.0556  28 1000000000000000000100001000
93.0556  28 1000000000000000000100001000
93.0556  28 1000000000000000000100001000
93.0556  28 1000000000000000001100001000
93.0556  28 1000000000000000000100001000
93.0556  28 1000000000000000000100001000
93.0556  28 1000000000000000000100001000
262.222  28 0001001000000000111010000000
93.0556  28 1000000000000000000100001000
216.111  28 0000000100000010000100000010
262.222  28 0001001000000000111010000000
93.0556  28 1000000000000000001100001000
93.0556  28 1000000000000000000100001000
93.0556  28 1000000000000000001100001000
262.222  28 0001001010000000101010000000
93.0556  28 1000000000000000001100001000
