199.222  29 00010010000000001111000001000
85.0556  29 10000000000000000001000010000
76.0556  29 10000000000000000001000010000
213.222  29 00010010000000001111000001000
261.167  29 00000100100000100010100000000
192.222  29 00010010000000001111000001000
227.222  29 00010010000000001111000001000
192.222  29 00010010000000001111000001000
89.0556  29 10000000000000000001000010000
213.222  29 00010010000000001111000001000
253.167  29 00000010100000001010100000000
275.167  29 00000000100001001010100000000
83.0556  29 10000000000000000001000010000
82.0556  29 10000000000000000011000010000
217.222  29 00010010000000001111000001000
91.0556  29 10000000000000000011000010000
79.0556  29 10000000000000000001000010000
79.0556  29 10000000000000000011000010000
234.222  29 00010010000000001111000001000
77.0556  29 10000000000000000011000010000
235.222  29 00010010000000001111000001000
81.0556  29 10000000000000000001000010000
250.167  29 00000010100000001010100000000
83.0556  29 10000000000000000001000010000
86.0556  29 10000000000000000011000010000
183.222  29 00010010000000001111000001000
187.111  29 00000000010000100001000000010
76.0556  29 10000000000000000001000010000
82.0556  29 10000000000000000001000010000
81.0556  29 10000000000000000001000010000
87.0556  29 10000000000000000001000010000
245.167  29 00000100000000100110100000000
78.0556  29 10000000000000000011000010000
85.0556  29 10000000000000000001000010000
187.167  29 00000000010010100000000000010
199.111  29 00000000010000100001000000010
242.167  29 00000010000000001110100000000
255.167  29 00000010000100001010100000000
262.167  29 00000100100000100010100000000
78.0556  29 10000000000000000011000010000
77.1111  29 10000000001000000001000010000
209.222  29 00010010000000001111000001000
81.0556  29 10000000000000000011000010000
191.222  29 00010010000000001111000001000
83.0556  29 10000000000000000011000010000
255.167  29 00010000000100001010100000000
223.222  29 00010010000000001111000001000
270.167  29 00010000100000001010100000000
75.0556  29 10000000000000000011000010000
86.0556  29 10000000000000000001000010000
247.167  29 00000000000001001111000001000
79.0556  29 10000000000000000011000010000
228.222  29 00010010000000001111000001000
238.167  29 00000100000100100010100000000
219.167  29 00000010000000001110100000000
216.222  29 00010010000000001111000001000
232.167  29 00010000100000001010100000000
225.222  29 00010010000000001111000001000
200.111  29 00000000010000100001000000010
91.0556  29 10000000000000000011000010000
228.222  29 00010010000000001111000001000
216.111  29 00000000010000100001000000010
92.0556  29 10000000000000000001000010000
204.222  29 00010010000000001111000001000
245.167  29 00000000000001001110100000000
248.111  29 00000000000000001111000010000
221.167  29 00000101000000100000000000010
76.0556  29 10000000000000000011000010000
212.222  29 00010010000000001111000001000
232.222  29 00010010000000001111000001000
83.0556  29 10000000000000000001000010000
234.222  29 00010010000000001111000001000
257.167  29 00000000100001001010100000000
234.167  29 00000000000001001110100000000
79.0556  29 10000000000000000011000010000
91.0556  29 10000000000000000001000010000
228.222  29 00010010000000001111000001000
220.167  29 00000000010010100000000000100
208.222  29 00010010000000001111000001000
208.111  29 00000001000000100001000000010
194.111  29 00000000001000100001000000010
205.222  29 00010010000000001111000001000
206.222  29 00010010000000001111000001000
82.0556  29 10000000000000000001000010000
202.222  29 00010010000000001111000001000
214.222  29 00010010000000001111000001000
80.0556  29 10000000000000000001000010000
224.222  29 00010010000000001111000001000
213.222  29 00010010000000001111000001000
87.0556  29 10000000000000000001000010000
75.0556  29 10000000000000000011000010000
199.111  29 00000000001000100001000000010
224.222  29 00010010000000001111000001000
243.167  29 00000000000001001110100000000
235.167  29 00010000000000001110100000000
81.0556  29 10000000000000000011000010000
80.0556  29 10000000000000000011000010000
258.222  29 00010010000000001111000001000
79.0556  29 10000000000000000001000010000
220.222  29 00010010000000001111000001000
