216.222  29 00000100010010100000000000010
216.222  29 00000100010010100000000000100
214.222  29 00000011000011000000000000100
216.222  29 00000100010010100000000000010
219.222  29 01001000000000001111000001000
118.056  29 10000000000000000001000010000
216.222  29 00000101000010100000000000100
216.222  29 00000101000010100000000000010
216.222  29 00000101000010100000000000100
224.167  29 00100000000001000110100000000
220.167  29 01001000000100000010100000000
118.056  29 10000000000000000011000010000
214.222  29 00000011000011000000000000100
216.222  29 00000100001010100000000000100
214.222  29 00000011000011000000000000010
224.167  29 00100000100001000010100000000
224.167  29 00100000000101000010100000000
224.167  29 00100000100001000010100000000
224.167  29 00100000100001000010100000000
224.167  29 00100000100001000010100000000
214.222  29 00000010001011000000000000100
224.167  29 00100000000101000010100000000
216.222  29 00000101000010100000000000100
214.222  29 00000011000011000000000000010
214.222  29 00000010010011000000000000010
216.222  29 00000100010010100000000000010
214.222  29 00000011000011000000000000100
118.056  29 10000000000000000011000010000
214.222  29 00000010010011000000000000100
216.222  29 00000100010010100000000000010
214.222  29 00000010001011000000000000100
219.222  29 01001000000000001111000001000
220.167  29 01001000000000000110100000000
214.222  29 00000010001011000000000000100
216.222  29 00000100010010100000000000010
216.222  29 00000101000010100000000000100
224.167  29 00100000100001000010100000000
214.222  29 00000010001011000000000000100
216.222  29 00000100001010100000000000100
216.222  29 00000100010010100000000000010
214.222  29 00000010001011000000000000010
220.167  29 01001000100000000010100000000
214.222  29 00000010001011000000000000100
216.222  29 00000100001010100000000000010
216.222  29 00000100001010100000000000010
216.222  29 00000100010010100000000000100
224.167  29 00100000000001000110100000000
214.222  29 00000010001011000000000000010
118.056  29 10000000000000000001000010000
216.222  29 00000100001010100000000000010
219.222  29 01001000000000001111000001000
214.222  29 00000010010011000000000000010
214.222  29 00000010010011000000000000010
219.222  29 01001000000000001111000001000
216.222  29 00000101000010100000000000100
219.222  29 01001000000000001111000001000
214.222  29 00000010010011000000000000010
214.222  29 00000011000011000000000000010
214.222  29 00000010010011000000000000100
219.222  29 01001000000000001111000001000
214.222  29 00000010010011000000000000010
220.167  29 01001000000000000110100000000
216.222  29 00000101000010100000000000010
214.222  29 00000011000011000000000000100
224.167  29 00100000000101000010100000000
214.222  29 00000010001011000000000000010
216.222  29 00000100010010100000000000010
216.222  29 00000101000010100000000000010
214.222  29 00000010001011000000000000010
220.167  29 01001000000000000110100000000
220.167  29 01001000100000000010100000000
216.222  29 00000100010010100000000000010
216.222  29 00000100001010100000000000010
216.222  29 00000100001010100000000000100
220.167  29 01001000000000000110100000000
224.167  29 00100000100001000010100000000
214.222  29 00000010001011000000000000100
216.222  29 00000101000010100000000000100
216.222  29 00000100010010100000000000100
214.222  29 00000011000011000000000000010
216.222  29 00000100001010100000000000010
216.222  29 00000100010010100000000000010
118.056  29 10000000000000000001000010000
216.222  29 00000101000010100000000000010
216.222  29 00000100010010100000000000100
214.222  29 00000011000011000000000000010
224.167  29 00100000000101000010100000000
214.222  29 00000011000011000000000000010
214.222  29 00000010010011000000000000100
214.222  29 00000011000011000000000000100
214.222  29 00000010001011000000000000010
216.222  29 00000101000010100000000000010
216.222  29 00000100010010100000000000010
214.222  29 00000010010011000000000000010
214.222  29 00000010010011000000000000010
219.222  29 01001000000000001111000001000
219.222  29 01001000000000001111000001000
216.222  29 00000101000010100000000000010
214.222  29 00000010010011000000000000100
216.222  29 00000100001010100000000000010
