1410.17  28 1000100000000010000100100000
1615.06  28 0000000000000000010000000010
1615.06  28 0000000000000000010000000100
1577.17  28 0100000000010100001010000000
1577.17  28 0100000000010100001010000000
1577.17  28 0100000000000100011010000000
322.056  28 1000000000000000000100001000
1577.17  28 0100000000000100011010000000
1615.06  28 0000000000000000010000000010
1577.17  28 0100000000000100011010000000
1577.17  28 0100000000000100011010000000
1615.06  28 0000000000000000010000000010
1577.17  28 0100000010000100001010000000
1612.17  28 0000000000100100100000000100
322.056  28 1000000000000000001100001000
1612.17  28 0000000001000100100000000010
1410.17  28 1000100000000010000100100000
1577.17  28 0100000000010100001010000000
1612.17  28 0000000100000100100000000010
1615.06  28 0000000000000000010000000010
1612.17  28 0000000000100100100000000010
1615.06  28 0000000000000000011000000010
1612.17  28 0000000000100100100000000010
1612.17  28 0000000001000100100000000100
1577.17  28 0100000010000100001010000000
1612.17  28 0000000100000100100000000100
1615.06  28 0000000000000000011000000010
1615.06  28 0000000000000000010000000100
1615.06  28 0000000000000000010000000100
1577.17  28 0100000000000100011010000000
322.056  28 1000000000000000001100001000
1615.06  28 0000000000000000011000000010
1615.06  28 0000000000000000011000000100
1577.17  28 0100000000000100011010000000
1577.17  28 0100000000010100001010000000
1577.17  28 0100000000000100011010000000
1615.06  28 0000000000000000011000000010
1612.17  28 0000000001000100100000000100
1577.17  28 0100000000010100001010000000
1410.17  28 1100000000000010000100100000
1615.06  28 0000000000000000011000000010
1612.17  28 0000000001000100100000000010
322.056  28 1000000000000000000100001000
1615.06  28 0000000000000000011000000100
1615.06  28 0000000000000000011000000100
1577.17  28 0100000000000100011010000000
1615.06  28 0000000000000000011000000010
1615.06  28 0000000000000000011000000100
1615.06  28 0000000000000000011000000010
1615.06  28 0000000000000000010000000010
322.056  28 1000000000000000000100001000
1612.17  28 0000000001000100100000000010
322.056  28 1000000000000000000100001000
1577.17  28 0100000000000100011010000000
1615.06  28 0000000000000000010000000100
322.056  28 1000000000000000000100001000
1577.17  28 0100000000000100011010000000
322.056  28 1000000000000000001100001000
1612.17  28 0000000100000100100000000100
1615.06  28 0000000000000000010000000100
1612.17  28 0000000100000100100000000100
1612.17  28 0000000001000100100000000100
1577.17  28 0100000010000100001010000000
1577.17  28 0100000000000100011010000000
322.056  28 1000000000000000000100001000
1577.17  28 0100000000000100011010000000
322.056  28 1000000000000000000100001000
1577.17  28 0100000010000100001010000000
1612.17  28 0000000000100100100000000100
1615.06  28 0000000000000000011000000100
322.056  28 1000000000000000000100001000
322.056  28 1000000000000000000100001000
1615.06  28 0000000000000000010000000010
1577.17  28 0100000000000100011010000000
322.056  28 1000000000000000000100001000
1577.17  28 0100000000000100011010000000
1615.06  28 0000000000000000010000000010
1615.06  28 0000000000000000010000000010
322.056  28 1000000000000000001100001000
1612.17  28 0000000000100100100000000010
1410.17  28 1000100000000010000100100000
1612.17  28 0000000000100100100000000010
1612.17  28 0000000000100100100000000010
1612.17  28 0000000001000100100000000010
1612.17  28 0000000000100100100000000100
1615.06  28 0000000000000000010000000100
1577.17  28 0100000010000100001010000000
1612.17  28 0000000000100100100000000010
322.056  28 1000000000000000001100001000
1612.17  28 0000000001000100100000000100
1615.06  28 0000000000000000010000000100
1577.17  28 0100000010000100001010000000
322.056  28 1000000000000000000100001000
1577.17  28 0100000000000100011010000000
322.056  28 1000000000000000000100001000
322.056  28 1000000000000000001100001000
1577.17  28 0100000000010100001010000000
322.056  28 1000000000000000000100001000
322.056  28 1000000000000000000100001000
322.056  28 1000000000000000000100001000
