228.167  28 0100001000000000011010000000
231.167  28 0000010001000001000000000100
214.167  28 0101000010000000001010000000
112.056  28 1000000000000000001100001000
232.167  28 0010001000100000000100000010
217.222  28 0000001100000110000000000010
219.167  28 0000000000100100100000000010
197.167  28 0000000000000110011010000000
211.167  28 0000000010000110001010000000
209.167  28 0000101000000000011010000000
107.056  28 1000000000000000001100001000
223.222  28 0000001001000110000000000010
201.167  28 0000001001000010000000000010
225.056  28 0000000000000000011000000100
92.0556  28 1000000000000000000100001000
202.167  28 0100000000000001011010000000
221.167  28 0001010000100000000000000010
108.056  28 1000000000000000001100001000
107.056  28 1000000000000000001100001000
228.056  28 0000000000000000011000000010
115.056  28 1000000000000000001100001000
210.167  28 0000000000000110011010000000
229.167  28 0000001000100000100000000010
225.222  28 0000001001000110000000000010
216.111  28 0000000001000000100000000010
231.167  28 0000000100000100100000000010
218.222  28 0000001001000110000000000100
101.056  28 1000000000000000000100001000
230.056  28 0000000000000000010000000100
214.222  28 0000110010000001001010000000
224.167  28 0000000000000110011010000000
231.222  28 0110001000000000011010000000
228.167  28 0000001001000000100000000100
209.167  28 0100001000010000001010000000
185.167  28 1100100000000000000100100000
221.167  28 0000001001000000100000000100
216.167  28 0000000001000100100000000100
219.167  28 0101000000000000011010000000
109.056  28 1000000000000000001100001000
221.222  28 0010101100000000000000000100
242.167  28 0100000010000100001010000000
226.167  28 0000000000100100100000000010
108.056  28 1000000000000000001100001000
112.056  28 1000000000000000001100001000
211.222  28 0001001000000010011010000000
101.056  28 1000000000000000000100001000
120.056  28 1000000000000000001100001000
208.222  28 0001001010000010001010000000
224.222  28 0000001000100110000000000100
205.167  28 0000101000010000001010000000
214.167  28 0000000000000110011010000000
200.111  28 0000000000000000111100001000
229.167  28 0100100000000000011010000000
227.111  28 0000000001000000100000000100
227.167  28 0000001000000100011010000000
202.167  28 0101000000010000001010000000
221.167  28 0101000000000000011010000000
213.111  28 0000000100000000100000000010
110.056  28 1000000000000000000100001000
245.222  28 0000010001001100000000000010
217.167  28 0000001001000000100000000100
221.167  28 0000000010000110001010000000
219.222  28 0001001010000010001010000000
112.056  28 1000000000000000001100001000
216.167  28 0000000001000100100000000010
215.167  28 0000000000000110011010000000
222.167  28 0101000000000000011010000000
229.222  28 0001001000010010001010000000
208.222  28 0101010001000000000000000100
235.167  28 0000010010001000001010000000
189.167  28 1100100000000000000100100000
205.222  28 0000001010000110001010000000
202.167  28 0000000000000110011010000000
222.167  28 0101000010000000001010000000
218.167  28 0000101000010000001010000000
216.167  28 0100000000000100011010000000
224.056  28 0000000000000000011000000010
207.167  28 0001100010000000001010000000
221.167  28 0000000100000100100000000010
213.167  28 0000000000000110011010000000
116.056  28 1000000000000000000100001000
205.222  28 0001001000000010011010000000
229.167  28 0000000000000110011010000000
218.222  28 0001010000010010001010000000
203.167  28 0000000001000100100000000010
219.167  28 0100000010000100001010000000
112.056  28 1000000000000000001100001000
213.111  28 0000000100000000100000000100
227.167  28 0000100000010100001010000000
121.056  28 1000000000000000000100001000
212.167  28 0000000000010110001010000000
223.222  28 0100010100000100000000000010
229.167  28 0000101010000000001010000000
219.222  28 0000001100000110000000000100
216.167  28 0101000000000000011010000000
228.222  28 0000001001000110000000000010
231.167  28 0000000001000100100000000010
214.167  28 0000100000000001011010000000
219.167  28 0000000100000100100000000010
216.222  28 0001001000010010001010000000
