346.056  28 1000000000000000000100001000
1568.17  28 0000000000100010100000000010
346.056  28 1000000000000000000100001000
1568.17  28 0000000100000010100000000010
1568.17  28 0000000100000010100000000100
346.056  28 1000000000000000000100001000
1568.17  28 0000000001000010100000000010
1568.17  28 0000000001000010100000000010
1568.17  28 0000000000100010100000000010
1582.17  28 0100000010001000001010000000
1568.17  28 0000000000100010100000000010
1582.17  28 0100000010001000001010000000
1568.17  28 0000000100000010100000000010
1568.17  28 0000000000100010100000000100
1568.17  28 0000000100000010100000000010
1568.17  28 0000000001000010100000000100
1568.17  28 0000000000100010100000000100
1582.17  28 0100000000011000001010000000
1582.17  28 0100000010001000001010000000
1568.17  28 0000000100000010100000000010
1568.17  28 0000000100000010100000000010
346.056  28 1000000000000000001100001000
1568.17  28 0000000100000010100000000100
1582.17  28 0100000000011000001010000000
346.056  28 1000000000000000001100001000
1604.17  28 0000000001001001000000000100
1568.17  28 0000000100000010100000000100
346.056  28 1000000000000000000100001000
1568.17  28 0000000100000010100000000010
346.056  28 1000000000000000001100001000
1568.17  28 0000000100000010100000000100
1582.17  28 0100000010001000001010000000
1568.17  28 0000000001000010100000000010
1568.17  28 0000000100000010100000000010
1568.17  28 0000000001000010100000000010
1582.17  28 0100000000011000001010000000
346.056  28 1000000000000000001100001000
1582.17  28 0100000010001000001010000000
1568.17  28 0000000100000010100000000100
1568.17  28 0000000001000010100000000100
1568.17  28 0000000001000010100000000100
1582.17  28 0100000010001000001010000000
1582.17  28 0100000000011000001010000000
1568.17  28 0000000001000010100000000100
1568.17  28 0000000000100010100000000010
1582.17  28 0100000010001000001010000000
1568.17  28 0000000100000010100000000010
1582.17  28 0100000000011000001010000000
1568.17  28 0000000100000010100000000100
1582.17  28 0100000000001000011010000000
1568.17  28 0000000000100010100000000100
1582.17  28 0100000000001000011010000000
346.056  28 1000000000000000001100001000
1568.17  28 0000000000100010100000000100
1582.17  28 0100000000001000011010000000
1604.17  28 0000000100001001000000000010
1568.17  28 0000000001000010100000000100
346.056  28 1000000000000000001100001000
1568.17  28 0000000001000010100000000100
1568.17  28 0000000001000010100000000010
1568.17  28 0000000100000010100000000010
1568.17  28 0000000001000010100000000100
346.056  28 1000000000000000001100001000
1568.17  28 0000000001000010100000000100
1568.17  28 0000000000100010100000000010
1568.17  28 0000000000100010100000000100
346.056  28 1000000000000000001100001000
346.056  28 1000000000000000000100001000
1568.17  28 0000000001000010100000000100
346.056  28 1000000000000000000100001000
346.056  28 1000000000000000000100001000
1582.17  28 0100000000011000001010000000
1568.17  28 0000000000100010100000000100
1568.17  28 0000000001000010100000000010
1568.17  28 0000000001000010100000000100
1582.17  28 0100000000001000011010000000
1568.17  28 0000000100000010100000000010
1604.17  28 0000000100001001000000000010
1568.17  28 0000000001000010100000000010
1568.17  28 0000000001000010100000000010
1568.17  28 0000000100000010100000000010
1568.17  28 0000000100000010100000000100
1568.17  28 0000000000100010100000000010
1568.17  28 0000000000100010100000000100
1568.17  28 0000000100000010100000000100
1568.17  28 0000000100000010100000000010
346.056  28 1000000000000000000100001000
1568.17  28 0000000001000010100000000010
1582.17  28 0100000000001000011010000000
1604.17  28 0000000100001001000000000100
1684.17  28 0010010000000010000100001000
1582.17  28 0100000010001000001010000000
1604.17  28 0000000001001001000000000100
1568.17  28 0000000100000010100000000010
1568.17  28 0000000001000010100000000010
1568.17  28 0000000000100010100000000100
1568.17  28 0000000000100010100000000100
1568.17  28 0000000001000010100000000010
1582.17  28 0100000000011000001010000000
1568.17  28 0000000001000010100000000100
