221.167  28 0000100000010001001010000000
220.167  28 0001000000100010000000000010
217.222  28 0000010100001100000000000010
220.167  28 0001000100000010000000000100
220.167  28 0001000100000010000000000100
220.167  28 0001000100000010000000000010
103.056  28 1000000000000000000100001000
103.056  28 1000000000000000001100001000
220.167  28 0001000001000010000000000010
220.167  28 0001000100000010000000000100
220.167  28 0001000000100010000000000010
217.222  28 0000010000101100000000000100
103.056  28 1000000000000000001100001000
220.167  28 0001000001000010000000000010
217.222  28 0000010000101100000000000100
221.167  28 0100000000010001001010000000
221.167  28 0000100000000001011010000000
217.222  28 0000010000101100000000000010
221.167  28 0000100000000001011010000000
103.056  28 1000000000000000000100001000
209.111  28 0000000000000000111100001000
103.056  28 1000000000000000001100001000
221.167  28 0100000000000001011010000000
217.222  28 0000010100001100000000000100
103.056  28 1000000000000000000100001000
220.167  28 0001000100000010000000000100
217.222  28 0000010000101100000000000100
209.111  28 0000000000000000111100001000
221.167  28 0100000000010001001010000000
217.222  28 0000010000101100000000000100
220.167  28 0001000001000010000000000010
103.056  28 1000000000000000001100001000
217.222  28 0000010100001100000000000010
217.222  28 0000010001001100000000000010
103.056  28 1000000000000000001100001000
221.167  28 0100000010000001001010000000
221.167  28 0000100010000001001010000000
221.167  28 0100000000000001011010000000
221.167  28 0100000000000001011010000000
221.167  28 0100000010000001001010000000
217.222  28 0000010000101100000000000100
221.167  28 0000100000000001011010000000
103.056  28 1000000000000000000100001000
221.167  28 0000100000010001001010000000
220.167  28 0001000100000010000000000100
221.167  28 0100000000000001011010000000
103.056  28 1000000000000000001100001000
220.167  28 0001000100000010000000000010
220.167  28 0001000001000010000000000010
217.222  28 0000010001001100000000000100
220.167  28 0001000000100010000000000100
220.167  28 0001000100000010000000000100
103.056  28 1000000000000000000100001000
103.056  28 1000000000000000001100001000
217.222  28 0000010100001100000000000010
217.222  28 0000010000101100000000000010
221.167  28 0100000000000001011010000000
220.167  28 0001000100000010000000000010
220.167  28 0001000100000010000000000010
220.167  28 0001000000100010000000000100
221.167  28 0000100000010001001010000000
220.167  28 0001000001000010000000000100
103.056  28 1000000000000000001100001000
221.167  28 0100000000000001011010000000
103.056  28 1000000000000000001100001000
221.167  28 0000100000000001011010000000
227.111  28 0000010000000000011100000010
220.167  28 0001000000100010000000000100
221.167  28 0000100000010001001010000000
217.222  28 0000010001001100000000000100
221.167  28 0100000010000001001010000000
220.167  28 0001000000100010000000000100
217.222  28 0000010100001100000000000010
217.222  28 0000010001001100000000000010
217.222  28 0000010100001100000000000010
220.167  28 0001000100000010000000000010
221.167  28 0000100000000001011010000000
220.167  28 0001000001000010000000000010
220.167  28 0001000100000010000000000010
217.222  28 0000010001001100000000000010
217.222  28 0000010100001100000000000010
103.056  28 1000000000000000000100001000
221.167  28 0100000000010001001010000000
220.167  28 0001000100000010000000000010
220.167  28 0001000001000010000000000100
221.167  28 0000100000000001011010000000
220.167  28 0001000100000010000000000010
220.167  28 0001000001000010000000000010
103.056  28 1000000000000000001100001000
217.222  28 0000010001001100000000000010
220.167  28 0001000001000010000000000100
220.167  28 0001000000100010000000000010
221.167  28 0000100010000001001010000000
221.167  28 0000100000000001011010000000
103.056  28 1000000000000000000100001000
220.167  28 0001000000100010000000000100
221.167  28 0000100000000001011010000000
103.056  28 1000000000000000000100001000
221.167  28 0100000010000001001010000000
221.167  28 0000100000010001001010000000
