2234.22  28 0001001000000000111010000000
2077.06  28 0000000000000000101100010000
504.056  28 1000000000000000000100001000
1996.17  28 0000000100001010000000000010
2265.17  28 0000000000010100101010000000
2234.22  28 0001001000010000101010000000
504.056  28 1000000000000000000100001000
1996.17  28 0000000100001010000000000010
504.056  28 1000000000000000001100001000
1996.17  28 0000000001001010000000000100
2077.11  28 0000011000000000000100010000
1996.17  28 0000000000101010000000000100
1996.17  28 0000000100001010000000000010
2234.22  28 0001001000000000111010000000
1996.17  28 0000000100001010000000000010
2234.22  28 0001001010000000101010000000
2234.22  28 0001001000010000101010000000
504.056  28 1000000000000000000100001000
1996.17  28 0000000001001010000000000010
1996.17  28 0000000100001010000000000100
1996.17  28 0000000000101010000000000100
1996.17  28 0000000100001010000000000010
1996.17  28 0000000001001010000000000100
504.056  28 1000000000000000001100001000
2234.22  28 0001001000010000101010000000
504.056  28 1000000000000000001100001000
1996.17  28 0000000000101010000000000100
1996.17  28 0000000001001010000000000100
2234.22  28 0001001010000000101010000000
2234.22  28 0001001000010000101010000000
504.056  28 1000000000000000001100001000
1996.17  28 0000000001001010000000000010
1996.17  28 0000000001001010000000000010
504.056  28 1000000000000000000100001000
1996.17  28 0000000001001010000000000010
504.056  28 1000000000000000001100001000
2234.22  28 0001001010000000101010000000
504.056  28 1000000000000000000100001000
1996.17  28 0000000000101010000000000010
504.056  28 1000000000000000000100001000
1996.17  28 0000000100001010000000000010
1996.17  28 0000000001001010000000000010
1996.17  28 0000000100001010000000000010
1996.17  28 0000000000101010000000000100
504.056  28 1000000000000000000100001000
2234.22  28 0001001010000000101010000000
504.056  28 1000000000000000000100001000
1996.17  28 0000000000101010000000000100
504.056  28 1000000000000000000100001000
1996.17  28 0000000001001010000000000100
2265.17  28 0000000000010100101010000000
504.056  28 1000000000000000001100001000
2265.17  28 0000000000010100101010000000
504.056  28 1000000000000000000100001000
1996.17  28 0000000100001010000000000100
1996.17  28 0000000000101010000000000010
504.056  28 1000000000000000000100001000
1996.17  28 0000000100001010000000000010
1996.17  28 0000000000101010000000000010
2234.22  28 0001001000000000111010000000
1996.17  28 0000000001001010000000000100
1996.17  28 0000000100001010000000000100
1996.17  28 0000000001001010000000000010
2077.06  28 0000000000000000100100010000
504.056  28 1000000000000000000100001000
1996.17  28 0000000000101010000000000010
2234.22  28 0001001010000000101010000000
504.056  28 1000000000000000001100001000
1996.17  28 0000000000101010000000000100
1996.17  28 0000000001001010000000000100
1996.17  28 0000000001001010000000000010
1539.17  28 1000000100001000000100001000
504.056  28 1000000000000000000100001000
1996.17  28 0000000100001010000000000100
1996.17  28 0000000000101010000000000010
2077.06  28 0000000000000000100100010000
1996.17  28 0000000100001010000000000010
1996.17  28 0000000000101010000000000010
2234.22  28 0001001000010000101010000000
1996.17  28 0000000000101010000000000100
2077.06  28 0000000000000000101100010000
2077.06  28 0000000000000000100100010000
504.056  28 1000000000000000001100001000
1996.17  28 0000000001001010000000000100
1996.17  28 0000000001001010000000000010
2073.11  28 0100000000000001001100001000
504.056  28 1000000000000000001100001000
1996.17  28 0000000100001010000000000010
1996.17  28 0000000100001010000000000010
1996.17  28 0000000001001010000000000010
1996.17  28 0000000000101010000000000100
2234.22  28 0001001010000000101010000000
2234.22  28 0001001000000000111010000000
2234.22  28 0001001000000000111010000000
1996.17  28 0000000100001010000000000010
1996.17  28 0000000001001010000000000010
1996.17  28 0000000100001010000000000100
2234.22  28 0001001000010000101010000000
2234.22  28 0001001000010000101010000000
1996.17  28 0000000000101010000000000010
