194.222  28 0010010010000010001010000000
236.167  28 0000010100000001000000000100
230.167  28 0000000100000010100000000010
220.167  28 0100000000000000111010000000
219.222  28 0000010100001010000000000100
202.222  28 0000010100001010000000000010
212.167  28 0010000000000100011010000000
223.167  28 0000010100000010000000000010
116.056  28 1000000000000000001100001000
109.056  28 1000000000000000001100001000
233.167  28 0000000100000010100000000100
235.222  28 0001100001001000000000000100
208.222  28 0000010000101010000000000010
219.111  28 0000000100000001000000000010
223.222  28 0000010100001010000000000010
214.167  28 0000110000010000001010000000
227.222  28 0000001100001100000000000100
102.056  28 1000000000000000001100001000
101.056  28 1000000000000000000100001000
202.167  28 0000010001000001000000000100
105.056  28 1000000000000000000100001000
218.167  28 0000000010001010001010000000
98.0556  28 1000000000000000001100001000
208.167  28 0000000000011010001010000000
208.167  28 0000110000010000001010000000
233.222  28 0000110001000001000000000010
221.167  28 0000110000000000011010000000
210.222  28 0000001100001100000000000100
214.167  28 0000000000001010011010000000
212.111  28 0000000000010001001000000010
226.167  28 0000000001001001000000000100
228.167  28 0010000100000010000000000100
214.222  28 0010010010000010001010000000
218.222  28 0000010100001010000000000010
247.111  28 0000000100000001000000000100
116.056  28 1000000000000000001100001000
207.167  28 0000110010000000001010000000
216.222  28 0000010100001010000000000100
222.167  28 0000110000010000001010000000
217.167  28 1000000100001000000100001000
124.056  28 1000000000000000001100001000
215.167  28 0000110000000000011010000000
220.222  28 0000010001001010000000000010
229.111  28 0000000000100001000000000010
230.167  28 0000100010001000001010000000
107.056  28 1000000000000000000100001000
214.222  28 0000010001001010000000000100
108.056  28 1000000000000000000100001000
241.167  28 0000010001000001000000000100
110.056  28 1000000000000000000100001000
233.167  28 0001010001000000000000000100
105.056  28 1000000000000000001100001000
203.167  28 0110000010000000001010000000
210.167  28 0000100010000000101010000000
103.056  28 1000000000000000000100001000
224.167  28 0000000001001001000000000010
108.056  28 1000000000000000000100001000
215.222  28 0000010100001010000000000100
223.222  28 0010001000010100001010000000
218.167  28 0000000000001010011010000000
218.167  28 0000000001001001000000000100
210.167  28 0100000000000000111010000000
238.167  28 0000010000001000011010000000
112.056  28 1000000000000000001100001000
223.222  28 0000010001001010000000000010
204.222  28 0000010001001010000000000100
104.056  28 1000000000000000001100001000
104.056  28 1000000000000000001100001000
221.222  28 0000010000101010000000000100
216.167  28 0000000010001010001010000000
236.167  28 0000000000100010100000000010
220.167  28 0000010001000010000000000100
224.222  28 0001110000100000000000000010
214.167  28 0000000001000010100000000100
205.222  28 0001110001000000000000000010
111.056  28 1000000000000000000100001000
212.222  28 0000010001001010000000000100
103.056  28 1000000000000000000100001000
230.278  28 0000101000101100000000000010
230.111  28 0000000001000001000000000010
236.111  28 0000000000000001101100010000
219.167  28 0000110000010000001010000000
232.222  28 0000010000101010000000000010
231.111  28 0000000010000001001000000010
219.222  28 0010110000000000011010000000
214.222  28 0000010001001010000000000100
203.167  28 0000100000000000111010000000
108.056  28 1000000000000000000100001000
220.167  28 0010100000000000011010000000
114.056  28 1000000000000000001100001000
232.167  28 0000000000100010100000000010
106.056  28 1000000000000000000100001000
223.167  28 0000000100000010100000000010
221.167  28 0000000000011010001010000000
207.167  28 0000000100001001000000000010
212.167  28 0000000000101001000000000100
221.167  28 0100100000000000011010000000
224.222  28 0010101100000000000000000010
224.222  28 0001010001001000000000000100
217.167  28 0010000001000010000000000100
