177.111  28 0000100000100000000100000010
231.111  28 1000000000001000000100001000
231.111  28 1000000000001000000100001000
398.167  28 0000000010000011001000000010
177.111  28 0100000000100000000100000010
231.111  28 1000000000001000000100001000
231.111  28 1000000000001000000100001000
231.111  28 1000000000001000000100001000
177.111  28 0100000100000000000100000010
231.111  28 1000000000001000000100001000
401.167  28 0000001000010000101010000000
398.167  28 0000000010000011001000000100
177.111  28 0100000001000000000100000010
231.111  28 1000000000001000000100001000
401.167  28 0000001010000000101010000000
401.167  28 0000001010000000101010000000
177.111  28 0000100100000000000100000010
401.167  28 0000001000000000111010000000
177.111  28 0100000001000000000100000010
401.167  28 0000001010000000101010000000
231.111  28 1000000000001000000100001000
231.111  28 1000000000001000000100001000
177.111  28 0000100100000000000100000010
231.111  28 1000000000001000000100001000
177.111  28 0000100100000000000100000010
177.111  28 0000100000100000000100000010
401.167  28 0000001000000000111010000000
177.111  28 0000100001000000000100000010
398.167  28 0000000000000011011000000010
231.111  28 1000000000001000000100001000
231.111  28 1000000000001000000100001000
177.111  28 0100000001000000000100000010
177.111  28 0000100100000000000100000010
231.111  28 1000000000001000000100001000
177.111  28 0000100001000000000100000010
231.111  28 1000000000001000000100001000
231.111  28 1000000000001000000100001000
177.111  28 0000100100000000000100000010
398.167  28 0000000000000011011000000100
231.111  28 1000000000001000000100001000
177.111  28 0000100001000000000100000010
177.111  28 0100000001000000000100000010
398.167  28 0000000000010011001000000010
401.167  28 0000001000000000111010000000
401.167  28 0000001000010000101010000000
290.167  28 0100100000000000011100000010
231.111  28 1000000000001000000100001000
231.111  28 1000000000001000000100001000
401.167  28 0000001000000000111010000000
231.111  28 1000000000001000000100001000
177.111  28 0000100100000000000100000010
177.111  28 0000100001000000000100000010
401.167  28 0000001010000000101010000000
290.167  28 0100100000000000011100000010
231.111  28 1000000000001000000100001000
231.111  28 1000000000001000000100001000
401.167  28 0000001000000000111010000000
177.111  28 0100000001000000000100000010
401.167  28 0000001010000000101010000000
177.111  28 0000100100000000000100000010
401.167  28 0000001000000000111010000000
401.167  28 0000001010000000101010000000
231.111  28 1000000000001000000100001000
398.167  28 0000000010000011001000000100
401.167  28 0000001000010000101010000000
401.167  28 0000001010000000101010000000
177.111  28 0000100000100000000100000010
177.111  28 0000100000100000000100000010
231.111  28 1000000000001000000100001000
177.111  28 0000100001000000000100000010
401.167  28 0000001000010000101010000000
231.111  28 1000000000001000000100001000
398.167  28 0000000000010011001000000010
398.167  28 0000000010000011001000000010
398.167  28 0000000000000011011000000100
398.167  28 0000000010000011001000000010
177.111  28 0000100000100000000100000010
177.111  28 0000100100000000000100000010
290.167  28 0100100000000000011100000010
290.167  28 0100100000000000011100000010
231.111  28 1000000000001000000100001000
231.111  28 1000000000001000000100001000
231.111  28 1000000000001000000100001000
231.111  28 1000000000001000000100001000
177.111  28 0000100001000000000100000010
231.111  28 1000000000001000000100001000
398.167  28 0000000000010011001000000100
177.111  28 0100000001000000000100000010
177.111  28 0100000000100000000100000010
231.111  28 1000000000001000000100001000
177.111  28 0000100100000000000100000010
177.111  28 0000100001000000000100000010
401.167  28 0000001000000000111010000000
231.111  28 1000000000001000000100001000
177.111  28 0000100100000000000100000010
401.167  28 0000001000010000101010000000
231.111  28 1000000000001000000100001000
401.167  28 0000001000010000101010000000
333.111  28 0000000000000001101100001000
177.111  28 0100000000100000000100000010
