474.167  28 0010100000000000011010000000
474.167  28 0010100010000000001010000000
363.056  28 1000000000000000001100001000
363.056  28 1000000000000000000100001000
474.167  28 0010100000010000001010000000
474.167  28 0010100000000000011010000000
474.167  28 0010100010000000001010000000
474.167  28 0010100000010000001010000000
363.056  28 1000000000000000000100001000
474.167  28 0010100010000000001010000000
487.167  28 0000001000100100000000000010
491.111  28 0000000001000001000000000100
474.167  28 0010100000010000001010000000
474.167  28 0010100000010000001010000000
487.167  28 0000001001000100000000000100
491.111  28 0000000000100001000000000100
363.056  28 1000000000000000000100001000
474.167  28 0010100000000000011010000000
363.056  28 1000000000000000000100001000
474.167  28 0010100010000000001010000000
474.167  28 0010100000010000001010000000
487.167  28 0000001000100100000000000100
474.167  28 0010100000010000001010000000
363.056  28 1000000000000000000100001000
363.056  28 1000000000000000000100001000
363.056  28 1000000000000000000100001000
474.167  28 0010100010000000001010000000
474.167  28 0010100000010000001010000000
474.167  28 0010100000000000011010000000
487.167  28 0000001000100100000000000010
363.056  28 1000000000000000000100001000
363.056  28 1000000000000000001100001000
363.056  28 1000000000000000001100001000
363.056  28 1000000000000000000100001000
474.167  28 0010100000000000011010000000
498.111  28 0000000000000010100100010000
474.167  28 0010100000010000001010000000
474.167  28 0010100000010000001010000000
474.167  28 0010100010000000001010000000
474.167  28 0010100000010000001010000000
474.167  28 0010100000010000001010000000
474.167  28 0010100010000000001010000000
363.056  28 1000000000000000001100001000
474.167  28 0010100010000000001010000000
474.167  28 0010100000010000001010000000
474.167  28 0010100000010000001010000000
474.167  28 0010100000010000001010000000
474.167  28 0010100010000000001010000000
474.167  28 0010100010000000001010000000
363.056  28 1000000000000000001100001000
487.167  28 0000001100000100000000000010
487.167  28 0000001000100100000000000100
474.167  28 0010100010000000001010000000
474.167  28 0010100000010000001010000000
474.167  28 0010100000010000001010000000
491.111  28 0000000010000001001000000100
474.167  28 0010100010000000001010000000
363.056  28 1000000000000000000100001000
474.167  28 0010100000010000001010000000
474.167  28 0010100010000000001010000000
474.167  28 0010100010000000001010000000
363.056  28 1000000000000000001100001000
474.167  28 0010100000000000011010000000
363.056  28 1000000000000000000100001000
363.056  28 1000000000000000000100001000
363.056  28 1000000000000000000100001000
474.167  28 0010100000010000001010000000
474.167  28 0010100010000000001010000000
474.167  28 0010100000010000001010000000
363.056  28 1000000000000000001100001000
363.056  28 1000000000000000001100001000
487.167  28 0000001100000100000000000010
474.167  28 0010100010000000001010000000
363.056  28 1000000000000000000100001000
363.056  28 1000000000000000000100001000
474.167  28 0010100000000000011010000000
363.056  28 1000000000000000001100001000
474.167  28 0010100010000000001010000000
363.056  28 1000000000000000000100001000
363.056  28 1000000000000000001100001000
487.167  28 0000001001000100000000000010
474.167  28 0010100000000000011010000000
363.056  28 1000000000000000001100001000
475.167  28 0000000000011010001010000000
474.167  28 0010100000010000001010000000
487.167  28 0000001001000100000000000100
363.056  28 1000000000000000000100001000
474.167  28 0010100000000000011010000000
474.167  28 0010100000010000001010000000
363.056  28 1000000000000000001100001000
474.167  28 0010100010000000001010000000
363.056  28 1000000000000000000100001000
474.167  28 0010100000010000001010000000
474.167  28 0010100000000000011010000000
474.167  28 0010100010000000001010000000
474.167  28 0010100000010000001010000000
474.167  28 0010100000010000001010000000
474.167  28 0010100000010000001010000000
474.167  28 0010100000010000001010000000
363.056  28 1000000000000000001100001000
