433.167  28 0001000010000000101010000000
195.111  28 0000100100000000000100000010
231.056  28 1000000000000000001100001000
372.167  28 0000001010000000101010000000
210.111  28 1000000000000100000100001000
218.111  28 1000000000001000000100001000
204.111  28 1000000000001000000100001000
195.111  28 1000000000001000000100001000
420.167  28 0001000000010000101010000000
210.111  28 0000100100000000000100000010
204.111  28 1000000000000100000100001000
192.111  28 0000100000100000000100000010
207.111  28 0000100001000000000100000010
306.167  28 0100100000000000011100000010
412.167  28 0000000000000011011000000100
212.111  28 1000000000001000000100001000
198.111  28 1000000000001000000100001000
209.111  28 1000000000000100000100001000
209.111  28 1000000000001000000100001000
207.111  28 1000000000000100000100001000
173.111  28 0100000001000000000100000010
423.167  28 0000000000010011001000000100
217.111  28 1000000000001000000100001000
206.111  28 1000000000001000000100001000
410.167  28 0001000010000000101010000000
219.111  28 0000100000100000000100000010
203.111  28 0100000100000000000100000010
299.167  28 0100100000000000011100000010
190.111  28 0100000000100000000100000010
387.167  28 0001000000000000111010000000
403.167  28 0001000000010000101010000000
213.111  28 0000100100000000000100000010
201.111  28 0000100001000000000100000010
208.111  28 0000100100000000000100000010
439.167  28 0000000000010011001000000100
399.167  28 0000001000010000101010000000
218.111  28 1000000000001000000100001000
218.111  28 0000100100000000000100000010
190.111  28 0100000100000000000100000010
403.167  28 0001000010000000101010000000
317.111  28 0000000000000001101100001000
201.111  28 0100000000100000000100000010
206.111  28 0100000100000000000100000010
205.111  28 1000000000001000000100001000
209.111  28 0000100000100000000100000010
228.111  28 0100000100000000000100000010
407.167  28 0000001000010000101010000000
304.167  28 0100100000000000011100000010
388.167  28 0000001000000000111010000000
219.111  28 1000000000000100000100001000
217.111  28 1000000000001000000100001000
206.111  28 1000000000001000000100001000
209.111  28 1000000000000100000100001000
215.111  28 1000000000001000000100001000
218.111  28 0100000000100000000100000010
216.111  28 1000000000001000000100001000
217.111  28 1000000000000100000100001000
215.111  28 0000100001000000000100000010
204.111  28 0100000001000000000100000010
389.167  28 0000000000010011001000000100
221.111  28 0000100100000000000100000010
195.111  28 0100000001000000000100000010
159.111  28 0000100000100000000100000010
386.167  28 0001000000000000111010000000
377.167  28 0001000000000000111010000000
214.111  28 1000000000001000000100001000
400.167  28 0000001000000000111010000000
399.167  28 0001000010000000101010000000
220.111  28 1000000000000100000100001000
213.111  28 1000000000000100000100001000
422.167  28 0000001000000000111010000000
363.111  28 0000000000000001101100001000
214.111  28 0100000001000000000100000010
393.167  28 0000001000010000101010000000
393.167  28 0000001000000000111010000000
401.167  28 0000001000000000111010000000
223.111  28 0000100000100000000100000010
196.111  28 0000100100000000000100000010
404.167  28 0000001000000000111010000000
414.167  28 0000000000010011001000000100
218.111  28 1000000000000100000100001000
428.167  28 0001000010000000101010000000
227.111  28 0000100000100000000100000010
417.167  28 0001000000000000111010000000
193.111  28 0000100001000000000100000010
195.111  28 0000100000100000000100000010
207.111  28 0000100100000000000100000010
385.167  28 0000001000000000111010000000
394.167  28 0000001000010000101010000000
397.167  28 0000001010000000101010000000
220.111  28 1000000000000100000100001000
385.167  28 0000001010000000101010000000
204.111  28 0100000001000000000100000010
406.167  28 0001000010000000101010000000
192.111  28 0000100001000000000100000010
225.056  28 1000000000000000001100001000
183.111  28 0000100100000000000100000010
394.167  28 0000001010000000101010000000
221.111  28 1000000000001000000100001000
214.111  28 0100000100000000000100000010
