2664.06  28 1000000000000000000100001000
3933.11  28 0000000000100001000000000100
3935.17  28 0000100010000000101010000000
2664.06  28 1000000000000000001100001000
2664.06  28 1000000000000000000100001000
2664.06  28 1000000000000000001100001000
4004.22  28 0000010100001010000000000010
2664.06  28 1000000000000000000100001000
3933.11  28 0000000000010001001000000100
2664.06  28 1000000000000000000100001000
3933.11  28 0000000100000001000000000100
3935.17  28 0100000000000000111010000000
2664.06  28 1000000000000000001100001000
4004.22  28 0000010001001010000000000100
3933.11  28 0000000010000001001000000010
2664.06  28 1000000000000000001100001000
3933.11  28 0000000000100001000000000010
2664.06  28 1000000000000000001100001000
3935.17  28 0000100000010000101010000000
3933.11  28 0000000000000001011000000100
2664.06  28 1000000000000000000100001000
3935.17  28 0100000010000000101010000000
3933.11  28 0000000100000001000000000010
3933.11  28 0000000100000001000000000100
3933.11  28 0000000000100001000000000010
3935.17  28 0000100000000000111010000000
3935.17  28 0100000000000000111010000000
3933.11  28 0000000100000001000000000010
3933.11  28 0000000100000001000000000010
2664.06  28 1000000000000000001100001000
2664.06  28 1000000000000000001100001000
3935.17  28 0100000000010000101010000000
3933.11  28 0000000000100001000000000100
2664.06  28 1000000000000000001100001000
2664.06  28 1000000000000000001100001000
3933.11  28 0000000001000001000000000100
3933.11  28 0000000100000001000000000010
3935.17  28 0100000010000000101010000000
2664.06  28 1000000000000000000100001000
3933.11  28 0000000000010001001000000100
2664.06  28 1000000000000000001100001000
3933.11  28 0000000001000001000000000010
4004.22  28 0000010000101010000000000100
3935.17  28 0000100000000000111010000000
3933.11  28 0000000100000001000000000010
3935.17  28 0000100000000000111010000000
2664.06  28 1000000000000000000100001000
3935.17  28 0000100000000000111010000000
3935.17  28 0000100000000000111010000000
4004.22  28 0000010001001010000000000100
2664.06  28 1000000000000000000100001000
3935.17  28 0000100000000000111010000000
3935.17  28 0100000000010000101010000000
3935.17  28 0000100000000000111010000000
4004.22  28 0000010001001010000000000010
3935.17  28 0000100000000000111010000000
2664.06  28 1000000000000000000100001000
3933.11  28 0000000000100001000000000010
3933.11  28 0000000100000001000000000010
3935.17  28 0000100010000000101010000000
4027.17  28 0010000000100010000000000100
4004.22  28 0000010001001010000000000100
3933.11  28 0000000010000001001000000100
3935.17  28 0100000010000000101010000000
3933.11  28 0000000000100001000000000010
3935.17  28 0100000010000000101010000000
3935.17  28 0000100010000000101010000000
2664.06  28 1000000000000000000100001000
2664.06  28 1000000000000000000100001000
2664.06  28 1000000000000000000100001000
3933.11  28 0000000100000001000000000100
2664.06  28 1000000000000000001100001000
3941.17  28 0000000010001010001010000000
3933.11  28 0000000000100001000000000010
2664.06  28 1000000000000000000100001000
3933.11  28 0000000100000001000000000100
3933.11  28 0000000000100001000000000100
3933.11  28 0000000100000001000000000100
3933.11  28 0000000010000001001000000100
3933.11  28 0000000000100001000000000010
3935.17  28 0000100010000000101010000000
3933.11  28 0000000001000001000000000010
2664.06  28 1000000000000000001100001000
2664.06  28 1000000000000000000100001000
3933.11  28 0000000100000001000000000100
3935.17  28 0000100000000000111010000000
3933.11  28 0000000001000001000000000010
2664.06  28 1000000000000000001100001000
3933.11  28 0000000100000001000000000100
3933.11  28 0000000010000001001000000100
3933.11  28 0000000001000001000000000010
3933.11  28 0000000001000001000000000100
4004.22  28 0000010001001010000000000010
2664.06  28 1000000000000000001100001000
3933.11  28 0000000000100001000000000010
3935.17  28 0100000010000000101010000000
3935.17  28 0000100000010000101010000000
3933.11  28 0000000001000001000000000010
3933.11  28 0000000100000001000000000010
3941.17  28 0000000000011010001010000000
