366.056  28 1000000000000000001100001000
481.111  28 0000000000000000111000000100
481.111  28 0000000000000000111000000010
481.111  28 0000000000000000111000000010
480.222  28 0001101010000000001010000000
485.222  28 0000101000101000000000000100
481.111  28 0000000000000000111000000100
480.222  28 0001101010000000001010000000
485.167  28 0110001000000000000100001000
480.222  28 0001101000010000001010000000
476.167  28 0000000000010110001010000000
481.111  28 0000000000000000111000000010
481.111  28 0000000000000000111000000010
480.222  28 0001101010000000001010000000
481.111  28 0000000000000000111000000010
476.167  28 0000000010000110001010000000
476.167  28 0000000010000110001010000000
481.111  28 0000000000000000111000000010
481.111  28 0000000000000000111000000100
476.167  28 0000000000000110011010000000
476.167  28 0000000000010110001010000000
476.167  28 0000000010000110001010000000
476.167  28 0000000000010110001010000000
481.111  28 0000000000000000111000000100
481.111  28 0000000000000000111000000010
480.222  28 0001101000000000011010000000
483.111  28 0000000100000000100000000010
481.111  28 0000000000000000111000000010
480.222  28 0001101000000000011010000000
483.111  28 0000000001000000100000000010
485.222  28 0000101100001000000000000010
480.222  28 0001101010000000001010000000
481.111  28 0000000000000000111000000010
483.111  28 0000000000100000100000000010
481.111  28 0000000000000000111000000100
366.056  28 1000000000000000001100001000
481.111  28 0000000000000000111000000010
480.222  28 0001101000000000011010000000
485.222  28 0000101100001000000000000010
481.111  28 0000000000000000111000000010
480.222  28 0001101010000000001010000000
483.111  28 0000000001000000100000000010
483.111  28 0000000000100000100000000100
366.056  28 1000000000000000000100001000
476.167  28 0000000010000110001010000000
481.111  28 0000000000000000111000000010
366.056  28 1000000000000000000100001000
480.222  28 0001101000010000001010000000
366.056  28 1000000000000000001100001000
366.056  28 1000000000000000001100001000
485.167  28 0010101000000000000100001000
476.167  28 0000000000000110011010000000
481.111  28 0000000000000000111000000010
483.111  28 0000000100000000100000000100
481.111  28 0000000000000000111000000100
366.056  28 1000000000000000001100001000
476.167  28 0000000000010110001010000000
481.111  28 0000000000000000111000000100
483.111  28 0000000100000000100000000100
366.056  28 1000000000000000000100001000
476.167  28 0000000000000110011010000000
483.111  28 0000000000100000100000000010
485.222  28 0000101000101000000000000100
476.167  28 0000000000000110011010000000
481.111  28 0000000000000000111000000100
480.222  28 0001101010000000001010000000
481.111  28 0000000000000000111000000010
481.111  28 0000000000000000111000000100
481.111  28 0000000000000000111000000010
483.111  28 0000000000100000100000000100
481.111  28 0000000000000000111000000010
480.222  28 0001101010000000001010000000
485.222  28 0000101000101000000000000100
476.167  28 0000000010000110001010000000
476.167  28 0000000000000110011010000000
366.056  28 1000000000000000000100001000
480.222  28 0001101000010000001010000000
476.167  28 0000000000000110011010000000
481.111  28 0000000000000000111000000100
481.111  28 0000000000000000111000000100
481.111  28 0000000000000000111000000100
480.222  28 0001101010000000001010000000
481.111  28 0000000000000000111000000100
476.167  28 0000000000010110001010000000
366.056  28 1000000000000000001100001000
481.111  28 0000000000000000111000000100
366.056  28 1000000000000000000100001000
476.167  28 0000000000010110001010000000
476.167  28 0000000010000110001010000000
480.222  28 0001101000000000011010000000
483.111  28 0000000000100000100000000010
481.111  28 0000000000000000111000000010
476.167  28 0000000000010110001010000000
481.111  28 0000000000000000111000000010
483.111  28 0000000000100000100000000100
480.222  28 0001101000000000011010000000
481.111  28 0000000000000000111000000100
481.111  28 0000000000000000111000000010
483.111  28 0000000000100000100000000100
483.111  28 0000000001000000100000000010
