3688.22  29 00010010000000001110100000000
1768.11  29 10000000000001000001000010000
1768.11  29 10000000000001000001000010000
3822.17  29 00000000100000110010000000010
3688.22  29 00010010100000001010100000000
1768.11  29 10000000000001000001000010000
3688.22  29 00010010000100001010100000000
3688.22  29 00010010000000001110100000000
3688.22  29 00010010000000001110100000000
3688.22  29 00010010000000001110100000000
1768.11  29 10000000000001000001000010000
1768.11  29 10000000000001000001000010000
3688.22  29 00010010000000001110100000000
3688.22  29 00010010000000001110100000000
3688.22  29 00010010000100001010100000000
1768.11  29 10000000000001000001000010000
3822.17  29 00000000000100110010000000010
3688.22  29 00010010000100001010100000000
3688.22  29 00010010000000001110100000000
3688.22  29 00010010100000001010100000000
3688.22  29 00010010000000001110100000000
3688.22  29 00010010000000001110100000000
1768.11  29 10000000000001000001000010000
3688.22  29 00010010000000001110100000000
1871.11  29 01000000010000000001000000010
1768.11  29 10000000000001000001000010000
3688.22  29 00010010100000001010100000000
1768.11  29 10000000000001000001000010000
3688.22  29 00010010000100001010100000000
3822.17  29 00000000100000110010000000100
3688.22  29 00010010000100001010100000000
1768.11  29 10000000000001000001000010000
1871.11  29 01000000001000000001000000010
3688.22  29 00010010000000001110100000000
3688.22  29 00010010000000001110100000000
1871.11  29 00001001000000000001000000010
3688.22  29 00010010100000001010100000000
1768.11  29 10000000000001000001000010000
1768.11  29 10000000000001000001000010000
3688.22  29 00010010100000001010100000000
1768.11  29 10000000000001000001000010000
1768.11  29 10000000000001000001000010000
3688.22  29 00010010100000001010100000000
1768.11  29 10000000000001000001000010000
1768.11  29 10000000000001000001000010000
1871.11  29 00001000010000000001000000010
1768.11  29 10000000000001000001000010000
1871.11  29 01000000010000000001000000010
3688.22  29 00010010000000001110100000000
1768.11  29 10000000000001000001000010000
1768.11  29 10000000000001000001000010000
1768.11  29 10000000000001000001000010000
3688.22  29 00010010000100001010100000000
1768.11  29 10000000000001000001000010000
3688.22  29 00010010000000001110100000000
1768.11  29 10000000000001000001000010000
3688.22  29 00010010000000001110100000000
3688.22  29 00010010000000001110100000000
3688.22  29 00010010000000001110100000000
3688.22  29 00010010100000001010100000000
3688.22  29 00010010100000001010100000000
3688.22  29 00010010000100001010100000000
1768.11  29 10000000000001000001000010000
3688.22  29 00010010000000001110100000000
3688.22  29 00010010100000001010100000000
3688.22  29 00010010100000001010100000000
3688.22  29 00010010100000001010100000000
1768.11  29 10000000000001000001000010000
1768.11  29 10000000000001000001000010000
3688.22  29 00010010000000001110100000000
3688.22  29 00010010000100001010100000000
1768.11  29 10000000000001000001000010000
1768.11  29 10000000000001000001000010000
3688.22  29 00010010100000001010100000000
1768.11  29 10000000000001000001000010000
3688.22  29 00010010000000001110100000000
3688.22  29 00010010100000001010100000000
1871.11  29 00001001000000000001000000010
3822.17  29 00000000100000110010000000010
3688.22  29 00010010000000001110100000000
3688.22  29 00010010000000001110100000000
1871.11  29 01000001000000000001000000010
3688.22  29 00010010100000001010100000000
1768.11  29 10000000000001000001000010000
1768.11  29 10000000000001000001000010000
1768.11  29 10000000000001000001000010000
1768.11  29 10000000000001000001000010000
3688.22  29 00010010000100001010100000000
3688.22  29 00010010000100001010100000000
1871.11  29 00001001000000000001000000010
3688.22  29 00010010000000001110100000000
1768.11  29 10000000000001000001000010000
1871.11  29 01000001000000000001000000010
1768.11  29 10000000000001000001000010000
1768.11  29 10000000000001000001000010000
1768.11  29 10000000000001000001000010000
1768.11  29 10000000000001000001000010000
1768.11  29 10000000000001000001000010000
3688.22  29 00010010100000001010100000000
1768.11  29 10000000000001000001000010000
