457.222  28 0010010000000010011010000000
367.056  28 1000000000000000000100001000
362.056  28 1000000000000000000100001000
372.056  28 1000000000000000000100001000
374.056  28 1000000000000000000100001000
486.111  28 0000000100000001000000000100
480.167  28 0000000010001010001010000000
366.056  28 1000000000000000000100001000
447.167  28 0110000000010000001010000000
363.056  28 1000000000000000000101000000
368.056  28 1000000000000000001101000000
483.167  28 0100000010000000101010000000
375.056  28 1000000000000000000100001000
483.167  28 0001000000001000011010000000
370.056  28 1000000000000000001100001000
480.167  28 0100010000000000011010000000
488.111  28 0000000000100001000000000100
472.167  28 0110000010000000001010000000
488.167  28 0000010001000010000000000100
485.167  28 0000001000100100000000000100
452.167  28 0100000000010000101010000000
381.056  28 1000000000000000001100001000
373.056  28 1000000000000000000100001000
493.167  28 0000000000001010011010000000
465.167  28 0110000000000000011010000000
449.167  28 0000001000101000000000000010
471.222  28 0000010000010011001010000000
469.222  28 0110010000000000011010000000
495.167  28 0000010000010100001010000000
371.056  28 1000000000000000001100001000
504.167  28 0000000100001010000000000010
493.167  28 0010100000010000001010000000
508.111  28 0000000000100001000000000100
367.056  28 1000000000000000001100001000
482.222  28 0000010001001010000000000010
482.222  28 0010010000000010011010000000
476.167  28 0000010000100010000000000100
372.056  28 1000000000000000000100001000
371.056  28 1000000000000000000100001000
460.167  28 0000010100000100000000000100
374.056  28 1000000000000000001100001000
371.056  28 1000000000000000000100001000
455.167  28 0000001000100100000000000010
366.056  28 1000000000000000000100001000
359.056  28 1000000000000000001100001000
361.056  28 1000000000000000000100001000
475.222  28 0010010010000010001010000000
374.056  28 1000000000000000001100001000
452.167  28 0000000000011010001010000000
382.056  28 1000000000000000001100001000
368.056  28 1000000000000000001100001000
464.222  28 0010010000010010001010000000
384.056  28 1000000000000000000100001000
487.111  28 0000000000100001000000000100
496.222  28 0000110001000100000000000010
364.056  28 1000000000000000001100001000
352.056  28 1000000000000000001100001000
376.056  28 1000000000000000000100001000
452.167  28 0000100000010000101010000000
502.167  28 0000010000100010000000000100
468.222  28 0010010000000010011010000000
468.222  28 0000010001001010000000000100
365.056  28 1000000000000000000100001000
443.222  28 0010010000000010011010000000
365.056  28 1000000000000000001100001000
361.056  28 1000000000000000001100001000
359.056  28 1000000000000000000100001000
380.056  28 1000000000000000000100001000
372.056  28 1000000000000000000100001000
481.111  28 0000000000000001011000000010
387.056  28 1000000000000000001100001000
484.222  28 0100100000000000111010000000
378.056  28 1000000000000000000100001000
480.167  28 0000110000000000011010000000
366.056  28 1000000000000000000100001000
364.056  28 1000000000000000000100001000
367.056  28 1000000000000000001100001000
481.167  28 0000000010001010001010000000
475.111  28 0000000000000001011000000100
372.056  28 1000000000000000000100001000
487.222  28 0000010000001010011010000000
487.222  28 0100100000000000111010000000
462.222  28 0010010000000010011010000000
363.056  28 1000000000000000000100001000
465.167  28 0000110010000000001010000000
491.111  28 0000000001000001000000000010
487.167  28 0100010000000000011010000000
484.111  28 0000000001000001000000000010
363.056  28 1000000000000000001100001000
478.167  28 0000000001001100000000000010
364.056  28 1000000000000000001100001000
376.056  28 1000000000000000000100001000
448.222  28 0010010010000010001010000000
370.056  28 1000000000000000000100001000
372.056  28 1000000000000000001100001000
382.056  28 1000000000000000000100001000
362.056  28 1000000000000000000100001000
475.222  28 0000010000001010011010000000
504.167  28 0100100000010000001010000000
481.167  28 0000000001001010000000000100
