4043.22  28 0000001001000110000000000100
3871.17  28 0000000010000110001010000000
3969.11  28 0000000100000000100000000010
3871.17  28 0000000000000110011010000000
2715.06  28 1000000000000000000100001000
3935.11  28 0000000000000000111000000100
3871.17  28 0000000000010110001010000000
2715.06  28 1000000000000000000100001000
2715.06  28 1000000000000000000100001000
3871.17  28 0000000000010110001010000000
4043.22  28 0000001001000110000000000010
2715.06  28 1000000000000000001100001000
3871.17  28 0000000010000110001010000000
3935.11  28 0000000000000000111000000100
3935.11  28 0000000000000000111000000100
3935.11  28 0000000000000000111000000100
3871.17  28 0000000000010110001010000000
3871.17  28 0000000000010110001010000000
3871.17  28 0000000010000110001010000000
3969.11  28 0000000100000000100000000100
3935.11  28 0000000000000000111000000100
3969.11  28 0000000000100000100000000010
3871.17  28 0000000000000110011010000000
3880.17  28 0101000010000000001010000000
3871.17  28 0000000000000110011010000000
3871.17  28 0000000000000110011010000000
2715.06  28 1000000000000000001100001000
3871.17  28 0000000010000110001010000000
3871.17  28 0000000000000110011010000000
3880.17  28 0101000000000000011010000000
3935.11  28 0000000000000000111000000010
3969.11  28 0000000001000000100000000010
2715.06  28 1000000000000000000100001000
3871.17  28 0000000010000110001010000000
3935.11  28 0000000000000000111000000010
3871.17  28 0000000000000110011010000000
3871.17  28 0000000000000110011010000000
3871.17  28 0000000000000110011010000000
3935.11  28 0000000000000000111000000100
3871.17  28 0000000000010110001010000000
3935.11  28 0000000000000000111000000100
3935.11  28 0000000000000000111000000100
3871.17  28 0000000000000110011010000000
3871.17  28 0000000010000110001010000000
3935.11  28 0000000000000000111000000010
3880.17  28 0101000000000000011010000000
3871.17  28 0000000010000110001010000000
3871.17  28 0000000010000110001010000000
3871.17  28 0000000000010110001010000000
3871.17  28 0000000000000110011010000000
3871.17  28 0000000010000110001010000000
2715.06  28 1000000000000000001100001000
3871.17  28 0000000000000110011010000000
3935.11  28 0000000000000000111000000010
3935.11  28 0000000000000000111000000010
3871.17  28 0000000000000110011010000000
3935.11  28 0000000000000000111000000010
3997.22  28 0000010000100010010100001000
3871.17  28 0000000000010110001010000000
3871.17  28 0000000000010110001010000000
3935.11  28 0000000000000000111000000100
3935.11  28 0000000000000000111000000010
3969.11  28 0000000000100000100000000100
3871.17  28 0000000000000110011010000000
2715.06  28 1000000000000000000100001000
3871.17  28 0000000000010110001010000000
3935.11  28 0000000000000000111000000010
3935.11  28 0000000000000000111000000010
3880.17  28 0101000010000000001010000000
3871.17  28 0000000010000110001010000000
3880.17  28 0101000000010000001010000000
4043.22  28 0000001100000110000000000100
3871.17  28 0000000010000110001010000000
2715.06  28 1000000000000000000100001000
2715.06  28 1000000000000000001100001000
3871.17  28 0000000000000110011010000000
3871.17  28 0000000000010110001010000000
3871.17  28 0000000000010110001010000000
3871.17  28 0000000010000110001010000000
3969.11  28 0000000001000000100000000100
3871.17  28 0000000000010110001010000000
3871.17  28 0000000000000110011010000000
3871.17  28 0000000000000110011010000000
3871.17  28 0000000000000110011010000000
3871.17  28 0000000010000110001010000000
3935.11  28 0000000000000000111000000010
3935.11  28 0000000000000000111000000010
3935.11  28 0000000000000000111000000010
3871.17  28 0000000010000110001010000000
3871.17  28 0000000000000110011010000000
3880.17  28 0101000010000000001010000000
3871.17  28 0000000000000110011010000000
3935.11  28 0000000000000000111000000100
3871.17  28 0000000000000110011010000000
3935.11  28 0000000000000000111000000010
3871.17  28 0000000000010110001010000000
3871.17  28 0000000000000110011010000000
3935.11  28 0000000000000000111000000010
3880.17  28 0101000000010000001010000000
3935.11  28 0000000000000000111000000100
