368.056  28 1000000000000000001100001000
471.111  28 0000000000000000111000000010
484.167  28 0000101000000000011010000000
367.056  28 1000000000000000001100001000
491.167  28 0010001000000001000100001000
492.111  28 0000100010000000001010000000
484.111  28 0000000000000000111000000010
463.278  28 0001011000000010011010000000
490.167  28 0000010000101000000000000100
471.167  28 0001100000000001000100100000
471.111  28 0000000000000000111000000010
372.056  28 1000000000000000001100001000
473.111  28 0000000000000000111000000010
473.167  28 0000101000010000001010000000
460.167  28 0100001000000000011010000000
456.167  28 0000010000101000000000000010
499.222  28 0011010000000000011010000000
451.222  28 0001001010000010001010000000
360.056  28 1000000000000000000100001000
370.056  28 1000000000000000001100001000
460.167  28 0000101000000000011010000000
373.056  28 1000000000000000001100001000
479.111  28 0000000000001000011100001000
478.167  28 0000010000100100000000000100
478.222  28 0001010000000010011010000000
451.167  28 0000000010000110001010000000
472.167  28 0100000000010001001010000000
493.167  28 0100000000000001011010000000
497.222  28 0000101100000100000000000010
373.056  28 1000000000000000000100001000
501.167  28 0010000001000100000000000010
504.167  28 0000001000100010000000000100
478.111  28 0000000000000000111000000010
483.167  28 0000010100001000000000000010
385.056  28 1000000000000000001100001000
470.167  28 0100000000000100011010000000
478.167  28 0000000010000110001010000000
476.167  28 0000010001001000000000000010
481.222  28 0001001010000010001010000000
483.222  28 0000011010000010001010000000
464.222  28 0001001010000010001010000000
482.167  28 0000000010001001001010000000
481.167  28 0000101010000000001010000000
496.111  28 0000000000000000111000000010
487.167  28 0000101001000000000000000100
481.222  28 0000010010001001001010000000
501.222  28 0010011000000000011010000000
362.056  28 1000000000000000001101000000
375.056  28 1000000000000000001101000000
475.167  28 0100001010000000001010000000
498.111  28 0000000001000000100000000010
490.222  28 0001010010001000001010000000
372.056  28 1000000000000000001100001000
464.167  28 0000000000000110011010000000
488.111  28 0000000000100000100000000010
359.056  28 1000000000000000000101000000
488.167  28 0000000000000001111000000100
470.167  28 0000010100000100000000000010
501.167  28 0101000001000000000000000100
373.056  28 1000000000000000001100001000
472.167  28 0101000000000000011010000000
348.056  28 1000000000000000001101000000
473.167  28 0000001000000010011010000000
374.056  28 1000000000000000001100001000
479.167  28 0001100000010000001010000000
472.167  28 0000010000101000000000000100
489.111  28 0000000001000000100000000010
368.056  28 1000000000000000001100001000
371.056  28 1000000000000000001100001000
478.167  28 0000101010000000001010000000
448.167  28 0000000000000110011010000000
361.056  28 1000000000000000000100001000
462.222  28 0001001010000010001010000000
476.167  28 0000000000001001011010000000
489.111  28 0000000000100000100000000100
380.056  28 1000000000000000001101000000
492.111  28 0000000000100000100000000010
454.222  28 0001001010000010001010000000
375.056  28 1000000000000000000100001000
481.111  28 0000000001000000100000000100
496.167  28 0001100100000000000000000100
460.167  28 0101000000000000011010000000
492.111  28 0000000000000000111000000010
488.167  28 0000010001001000000000000010
474.111  28 0000000000000000111000000010
372.056  28 1000000000000000001100001000
498.111  28 0010000001000000000000000100
457.167  28 0100001000000000011010000000
477.111  28 0100000010000000001010000000
485.111  28 0000000000000000111000000010
477.111  28 0000000000000000111000000010
476.167  28 0000010000101000000000000010
465.278  28 0001001000000010111010000000
460.167  28 0000001000010010001010000000
484.167  28 0101000010000000001010000000
362.056  28 1000000000000000000101000000
492.222  28 0010010000000010011010000000
490.222  28 0000010001001100000000000010
479.167  28 0101000000010000001010000000
493.222  28 0001010010000010001010000000
