107.056  28 0010000000000000001010000000
107.056  28 0000001000000000000010000000
116.056  28 0010000000000000001010000000
114.056  28 0000001000000000001010000000
101.056  28 0000001000000000001010000000
103.111  28 0000001001000000001010000000
106.056  28 0000001000000000000010000000
108.056  28 0010000000000000001010000000
103.056  28 0010000000000000000010000000
107.056  28 0010000000000000000010000000
118.056  28 0010000000000000001010000000
112.056  28 0010000000000000000010000000
113.056  28 0010000000000000001010000000
117.056  28 0010000000000000001010000000
112.056  28 0000001000000000001010000000
120.056  28 0000001000000000000010000000
96.0556  28 0010000000000000001010000000
111.056  28 0010000000000000001010000000
114.056  28 0000001000000000000010000000
119.056  28 0010000000000000001010000000
114.056  28 0010000000000000000010000000
119.056  28 0010000000000000001010000000
110.056  28 0000001000000000000010000000
113.056  28 0010000000000000000010000000
105.056  28 0000001000000000000010000000
102.056  28 0010000000000000001010000000
101.056  28 0000001000000000001010000000
102.056  28 0000001000000000000010000000
133.056  28 0010000000000000001010000000
119.056  28 0000001000000000000010000000
115.056  28 0010000000000000000010000000
118.056  28 0000001000000000001010000000
112.056  28 0000001000000000000010000000
110.056  28 0000001000000000000010000000
121.056  28 0000001000000000001010000000
115.056  28 0010000000000000001010000000
102.056  28 0010000000000000000010000000
120.056  28 0000001000000000001010000000
117.056  28 0010000000000000000010000000
124.056  28 0010000000000000000010000000
103.056  28 0010000000000000000010000000
122.056  28 0000001000000000001010000000
106.056  28 0010000000000000001010000000
101.056  28 0010000000000000000010000000
110.056  28 0010000000000000001010000000
106.056  28 0010000000000000001010000000
106.056  28 0010000000000000000010000000
106.056  28 0000001000000000001010000000
95.0556  28 0000001000000000001010000000
102.056  28 0000001000000000000010000000
119.056  28 0000001000000000000010000000
104.056  28 0000001000000000000010000000
92.0556  28 0000001000000000001010000000
107.056  28 0000001000000000000010000000
98.0556  28 0000001000000000000010000000
110.056  28 0000001000000000000010000000
111.056  28 0010000000000000000010000000
105.056  28 0000001000000000001010000000
103.056  28 0000001000000000001010000000
111.056  28 0000001000000000001010000000
114.056  28 0010000000000000000010000000
108.056  28 0010000000000000001010000000
113.056  28 0000001000000000000010000000
106.056  28 0010000000000000001010000000
116.056  28 0000001000000000000010000000
115.056  28 0000001000000000000010000000
111.056  28 0010000000000000000010000000
104.056  28 0000001000000000001010000000
108.056  28 0010000000000000000010000000
117.056  28 0010000000000000001010000000
109.056  28 0010000000000000000010000000
112.056  28 0010000000000000000010000000
114.056  28 0010000000000000000010000000
106.056  28 0000001000000000001010000000
109.056  28 0010000000000000000010000000
107.056  28 0000001000000000001010000000
101.056  28 0000001000000000001010000000
116.056  28 0010000000000000001010000000
99.0556  28 0000001000000000000010000000
106.056  28 0000001000000000001010000000
100.056  28 0010000000000000000010000000
107.056  28 0000001000000000000010000000
105.056  28 0000001000000000001010000000
99.0556  28 0000001000000000001010000000
92.0556  28 0010000000000000001010000000
82.0556  28 0000001000000000001010000000
122.056  28 0000001000000000000010000000
111.056  28 0010000000000000001010000000
112.056  28 0000001000000000000010000000
120.056  28 0000001000000000000010000000
106.056  28 0000001000000000000010000000
112.056  28 0010000000000000001010000000
121.056  28 0010000000000000001010000000
104.056  28 0010000000000000000010000000
109.056  28 0010000000000000000010000000
108.056  28 0000001000000000000010000000
115.056  28 0010000000000000000010000000
112.056  28 0000001000000000000010000000
114.056  28 0000001000000000001010000000
113.056  28 0000001000000000001010000000
