106.056  28 0010000000000000000010000000
106.056  28 0010000000000000000010000000
106.056  28 0010000000000000001010000000
126.056  28 0000001000000000001010000000
106.056  28 0010000000000000000010000000
106.056  28 0010000000000000000010000000
106.056  28 0010000000000000000010000000
106.056  28 0010000000000000001010000000
106.056  28 0010000000000000001010000000
106.056  28 0010000000000000001010000000
106.056  28 0010000000000000000010000000
106.056  28 0010000000000000000010000000
106.056  28 0010000000000000000010000000
106.056  28 0010000000000000000010000000
106.056  28 0010000000000000001010000000
106.056  28 0010000000000000000010000000
106.056  28 0010000000000000000010000000
106.056  28 0010000000000000000010000000
106.056  28 0010000000000000001010000000
106.056  28 0010000000000000000010000000
106.056  28 0010000000000000001010000000
106.056  28 0010000000000000001010000000
106.056  28 0010000000000000001010000000
106.056  28 0010000000000000000010000000
126.056  28 0000001000000000001010000000
106.056  28 0010000000000000000010000000
106.056  28 0010000000000000000010000000
126.056  28 0000001000000000001010000000
106.056  28 0010000000000000000010000000
106.056  28 0010000000000000001010000000
106.056  28 0010000000000000000010000000
106.056  28 0010000000000000000010000000
106.056  28 0010000000000000001010000000
106.056  28 0010000000000000000010000000
106.056  28 0010000000000000001010000000
126.056  28 0000001000000000001010000000
106.056  28 0010000000000000000010000000
106.056  28 0010000000000000000010000000
106.056  28 0010000000000000001010000000
126.056  28 0000001000000000000010000000
106.056  28 0010000000000000000010000000
106.056  28 0010000000000000001010000000
106.056  28 0010000000000000000010000000
106.056  28 0010000000000000000010000000
106.056  28 0010000000000000001010000000
106.056  28 0010000000000000000010000000
106.056  28 0010000000000000000010000000
106.056  28 0010000000000000001010000000
106.056  28 0010000000000000000010000000
106.056  28 0010000000000000000010000000
106.056  28 0010000000000000000010000000
106.056  28 0010000000000000001010000000
106.056  28 0010000000000000000010000000
126.056  28 0000001000000000001010000000
106.056  28 0010000000000000000010000000
106.056  28 0010000000000000001010000000
106.056  28 0010000000000000001010000000
106.056  28 0010000000000000001010000000
106.056  28 0010000000000000001010000000
106.056  28 0010000000000000000010000000
106.056  28 0010000000000000000010000000
126.056  28 0000001000000000001010000000
106.056  28 0010000000000000000010000000
106.056  28 0010000000000000000010000000
106.056  28 0010000000000000000010000000
106.056  28 0010000000000000000010000000
106.056  28 0010000000000000000010000000
106.056  28 0010000000000000001010000000
106.056  28 0010000000000000001010000000
106.056  28 0010000000000000001010000000
106.056  28 0010000000000000000010000000
106.056  28 0010000000000000000010000000
106.056  28 0010000000000000000010000000
126.056  28 0000001000000000001010000000
106.056  28 0010000000000000000010000000
106.056  28 0010000000000000001010000000
106.056  28 0010000000000000000010000000
106.056  28 0010000000000000001010000000
106.056  28 0010000000000000000010000000
106.056  28 0010000000000000000010000000
106.056  28 0010000000000000000010000000
106.056  28 0010000000000000000010000000
106.056  28 0010000000000000001010000000
106.056  28 0010000000000000000010000000
106.056  28 0010000000000000000010000000
106.056  28 0010000000000000001010000000
106.111  28 0010000000010000000010000000
106.056  28 0010000000000000000010000000
106.056  28 0010000000000000001010000000
106.056  28 0010000000000000001010000000
106.056  28 0010000000000000000010000000
106.056  28 0010000000000000001010000000
106.056  28 0010000000000000000010000000
106.056  28 0010000000000000001010000000
106.056  28 0010000000000000001010000000
106.056  28 0010000000000000001010000000
106.056  28 0010000000000000001010000000
106.056  28 0010000000000000000010000000
106.056  28 0010000000000000000010000000
106.056  28 0010000000000000000010000000
