109.056  28 0010000000000000000010000000
110.056  28 0000001000000000000010000000
118.111  28 0000001000001000000000010000
117.111  28 0000001000001000000000010000
119.111  28 0000001000001000000000010000
104.056  28 0000001000000000001010000000
113.056  28 0010000000000000001010000000
108.056  28 0010000000000000001010000000
109.056  28 0010000000000000000010000000
104.111  28 0000001000001000000000010000
113.056  28 0010000000000000000010000000
98.0556  28 0010000000000000001010000000
105.056  28 0010000000000000001010000000
126.056  28 0010000000000000000010000000
100.056  28 0000001000000000000010000000
114.111  28 0000001000001000000000010000
116.056  28 0010000000000000001010000000
102.056  28 0010000000000000000010000000
108.056  28 0010000000000000000010000000
108.056  28 0010000000000000001010000000
123.056  28 0010000000000000001010000000
103.056  28 0010000000000000001010000000
119.056  28 0010000000000000000010000000
117.056  28 0000001000000000001010000000
107.056  28 0010000000000000000010000000
99.1111  28 0000001000001000000000010000
118.056  28 0010000000000000000010000000
107.056  28 0010000000000000000010000000
97.0556  28 0010000000000000001010000000
104.056  28 0010000000000000001010000000
117.056  28 0000001000000000001010000000
113.056  28 0010000000000000001010000000
255.222  28 0010001000001100000100001000
97.0556  28 0010000000000000001010000000
114.056  28 0010000000000000000010000000
111.056  28 0010000000000000000010000000
112.056  28 0000001000000000000010000000
119.111  28 0000001000001000000000010000
108.056  28 0010000000000000000010000000
115.056  28 0010000000000000001010000000
123.056  28 0010000000000000000010000000
108.056  28 0010000000000000000010000000
101.056  28 0000001000000000001010000000
106.056  28 0000001000000000001010000000
113.056  28 0000001000000000000010000000
106.056  28 0010000000000000001010000000
114.056  28 0010000000000000001010000000
110.056  28 0010000000000000000010000000
108.056  28 0010000000000000001010000000
108.056  28 0000001000000000000010000000
107.056  28 0010000000000000000010000000
112.111  28 0000001000001000000000010000
243.222  28 0010001000001100000100001000
115.056  28 0010000000000000001010000000
107.111  28 0000001000001000000000010000
110.056  28 0010000000000000000010000000
113.056  28 0010000000000000000010000000
102.056  28 0010000000000000001010000000
108.111  28 0000001000001000000000010000
115.056  28 0010000000000000001010000000
129.056  28 0010000000000000001010000000
110.056  28 0000001000000000001010000000
116.111  28 0000001000001000000000010000
93.0556  28 0000001000000000001010000000
120.056  28 0010000000000000000010000000
109.111  28 0000001000001000000000010000
119.056  28 0000001000000000000010000000
117.056  28 0010000000000000000010000000
241.222  28 0010001000001100000100001000
116.056  28 0010000000000000001010000000
247.222  28 0010001000001100000100001000
113.056  28 0010000000000000000010000000
114.056  28 0010000000000000000010000000
103.056  28 0000001000000000001010000000
113.056  28 0010000000000000000010000000
110.056  28 0000001000000000000010000000
110.056  28 0010000000000000000010000000
107.056  28 0000001000000000000010000000
102.056  28 0000001000000000001010000000
115.111  28 0000001000001000000000010000
114.111  28 0000001000001000000000010000
107.056  28 0000001000000000001010000000
103.056  28 0000001000000000001010000000
108.056  28 0000001000000000001010000000
102.111  28 0000001000001000000000010000
103.056  28 0000001000000000001010000000
107.056  28 0000001000000000001010000000
106.056  28 0000001000000000000010000000
128.056  28 0010000000000000000010000000
89.1111  28 0000001000001000000000010000
114.111  28 0000001000001000000000010000
248.222  28 0010001000001100000100001000
98.0556  28 0010000000000000001010000000
103.056  28 0010000000000000000010000000
107.056  28 0000001000000000000010000000
118.111  28 0000001000001000000000010000
118.111  28 0000001000001000000000010000
103.111  28 0000001000001000000000010000
112.056  28 0010000000000000000010000000
108.111  28 0000001000001000000000010000
