1115.06  29 00100000000000000010100000000
1115.06  29 00100000000000000000100000000
1115.06  29 00100000000000000010100000000
1115.06  29 00100000000000000010100000000
1115.06  29 00100000000000000010100000000
1115.06  29 00100000000000000010100000000
1115.06  29 00100000000000000010100000000
1115.06  29 00100000000000000010100000000
1115.06  29 00100000000000000010100000000
1115.06  29 00100000000000000010100000000
1115.06  29 00100000000000000000100000000
1115.06  29 00100000000000000000100000000
1115.06  29 00100000000000000000100000000
1115.06  29 00100000000000000000100000000
1115.06  29 00100000000000000010100000000
1115.06  29 00100000000000000010100000000
1115.06  29 00100000000000000000100000000
1115.06  29 00100000000000000000100000000
1115.06  29 00100000000000000000100000000
1115.06  29 00100000000000000010100000000
1115.06  29 00100000000000000000100000000
1115.06  29 00100000000000000010100000000
1115.06  29 00100000000000000000100000000
1115.06  29 00100000000000000010100000000
1115.06  29 00100000000000000000100000000
1115.06  29 00100000000000000010100000000
1115.06  29 00100000000000000000100000000
1115.06  29 00100000000000000000100000000
1115.06  29 00100000000000000000100000000
1115.06  29 00100000000000000010100000000
1115.06  29 00100000000000000010100000000
1115.06  29 00100000000000000010100000000
1115.06  29 00100000000000000000100000000
1115.06  29 00100000000000000010100000000
1115.06  29 00100000000000000010100000000
1115.06  29 00100000000000000010100000000
1115.06  29 00100000000000000010100000000
1956.22  29 00100010000011000001000001000
1115.06  29 00100000000000000010100000000
1115.06  29 00100000000000000010100000000
1115.06  29 00100000000000000000100000000
1115.06  29 00100000000000000000100000000
1115.06  29 00100000000000000000100000000
1115.06  29 00100000000000000000100000000
1115.06  29 00100000000000000000100000000
1115.06  29 00100000000000000000100000000
1115.06  29 00100000000000000000100000000
1115.06  29 00100000000000000010100000000
1115.06  29 00100000000000000010100000000
1115.06  29 00100000000000000000100000000
1115.06  29 00100000000000000010100000000
1115.06  29 00100000000000000000100000000
1115.06  29 00100000000000000010100000000
1115.06  29 00100000000000000010100000000
1115.06  29 00100000000000000000100000000
1115.06  29 00100000000000000010100000000
1115.06  29 00100000000000000010100000000
1115.06  29 00100000000000000000100000000
1115.06  29 00100000000000000010100000000
1115.06  29 00100000000000000010100000000
1115.06  29 00100000000000000000100000000
1115.06  29 00100000000000000010100000000
1115.06  29 00100000000000000010100000000
1115.06  29 00100000000000000000100000000
1115.06  29 00100000000000000000100000000
1115.06  29 00100000000000000000100000000
1115.06  29 00100000000000000000100000000
1115.06  29 00100000000000000000100000000
1115.06  29 00100000000000000010100000000
1115.06  29 00100000000000000000100000000
1115.06  29 00100000000000000010100000000
1115.06  29 00100000000000000000100000000
1115.06  29 00100000000000000000100000000
1115.06  29 00100000000000000010100000000
1115.06  29 00100000000000000000100000000
1115.06  29 00100000000000000000100000000
1115.06  29 00100000000000000010100000000
1956.22  29 00100010000011000001000001000
1115.06  29 00100000000000000010100000000
1115.06  29 00100000000000000000100000000
1115.06  29 00100000000000000010100000000
1115.06  29 00100000000000000000100000000
1115.06  29 00100000000000000010100000000
1115.06  29 00100000000000000000100000000
1115.06  29 00100000000000000010100000000
1115.06  29 00100000000000000010100000000
1115.06  29 00100000000000000010100000000
1115.06  29 00100000000000000000100000000
1115.06  29 00100000000000000010100000000
1115.06  29 00100000000000000010100000000
1115.06  29 00100000000000000000100000000
1115.06  29 00100000000000000010100000000
1115.06  29 00100000000000000010100000000
1115.06  29 00100000000000000010100000000
1115.06  29 00100000000000000000100000000
1115.06  29 00100000000000000010100000000
1115.06  29 00100000000000000010100000000
1115.06  29 00100000000000000000100000000
1115.06  29 00100000000000000000100000000
1115.06  29 00100000000000000010100000000
