1124.06  28 0010000000000000001000010000
1124.06  28 0010000000000000000000010000
1124.06  28 0010000000000000001000010000
1155.11  28 0000001001000000001010000000
1124.06  28 0010000000000000000000010000
1155.11  28 0000001001000000001010000000
1124.06  28 0010000000000000000000010000
1155.11  28 0000001001000000001010000000
1124.06  28 0010000000000000001000010000
1124.06  28 0010000000000000000000010000
1124.06  28 0010000000000000001000010000
1124.06  28 0010000000000000000000010000
1124.06  28 0010000000000000000000010000
1124.06  28 0010000000000000000000010000
1124.06  28 0010000000000000001000010000
1124.06  28 0010000000000000000000010000
1155.11  28 0000001001000000001010000000
1155.11  28 0000001001000000001010000000
1124.06  28 0010000000000000000000010000
1124.06  28 0010000000000000000000010000
1124.06  28 0010000000000000001000010000
1155.11  28 0000001001000000001010000000
1124.06  28 0010000000000000001000010000
1124.06  28 0010000000000000001000010000
1124.06  28 0010000000000000000000010000
1124.06  28 0010000000000000000000010000
1124.06  28 0010000000000000001000010000
1124.06  28 0010000000000000001000010000
1124.06  28 0010000000000000001000010000
1155.11  28 0000001001000000001010000000
1124.06  28 0010000000000000000000010000
1124.06  28 0010000000000000000000010000
1155.11  28 0000001001000000001010000000
1124.06  28 0010000000000000000000010000
1124.06  28 0010000000000000000000010000
1155.11  28 0000001001000000001010000000
1124.06  28 0010000000000000000000010000
1124.06  28 0010000000000000000000010000
1155.11  28 0000001001000000001010000000
1124.06  28 0010000000000000000000010000
1155.11  28 0000001001000000001010000000
1155.11  28 0000001001000000001010000000
1124.06  28 0010000000000000000000010000
1155.11  28 0000001001000000001010000000
1124.06  28 0010000000000000001000010000
1155.11  28 0000001001000000001010000000
1124.06  28 0010000000000000000000010000
1124.06  28 0010000000000000000000010000
1124.06  28 0010000000000000000000010000
1124.06  28 0010000000000000001000010000
1124.06  28 0010000000000000001000010000
1155.11  28 0000001001000000001010000000
1124.06  28 0010000000000000001000010000
1124.06  28 0010000000000000000000010000
1124.06  28 0010000000000000000000010000
1124.06  28 0010000000000000001000010000
1124.06  28 0010000000000000000000010000
1124.06  28 0010000000000000000000010000
1155.11  28 0000001001000000001010000000
1155.11  28 0000001001000000001010000000
1124.06  28 0010000000000000000000010000
1155.11  28 0000001001000000001010000000
1124.06  28 0010000000000000001000010000
1124.06  28 0010000000000000000000010000
1155.11  28 0000001001000000001010000000
1124.06  28 0010000000000000000000010000
1155.11  28 0000001001000000001010000000
1124.06  28 0010000000000000000000010000
1124.06  28 0010000000000000000000010000
1124.06  28 0010000000000000001000010000
1155.11  28 0000001001000000001010000000
1155.11  28 0000001001000000001010000000
1155.11  28 0000001001000000001010000000
1124.06  28 0010000000000000001000010000
1124.06  28 0010000000000000000000010000
1155.11  28 0000001001000000001010000000
1155.11  28 0000001001000000001010000000
1124.06  28 0010000000000000001000010000
1124.06  28 0010000000000000001000010000
1124.06  28 0010000000000000001000010000
1124.06  28 0010000000000000001000010000
1155.11  28 0000001001000000001010000000
1124.06  28 0010000000000000000000010000
1124.06  28 0010000000000000001000010000
1155.11  28 0000001001000000001010000000
1124.06  28 0010000000000000000000010000
1124.06  28 0010000000000000001000010000
1124.06  28 0010000000000000000000010000
1124.06  28 0010000000000000000000010000
1124.06  28 0010000000000000000000010000
1155.11  28 0000001001000000001010000000
1155.11  28 0000001001000000001010000000
1124.06  28 0010000000000000001000010000
1124.06  28 0010000000000000000000010000
1155.11  28 0000001001000000001010000000
1155.11  28 0000001001000000001010000000
1155.11  28 0000001001000000001010000000
1124.06  28 0010000000000000000000010000
1155.11  28 0000001001000000001010000000
1124.06  28 0010000000000000001000010000
