100.111  28 0000001000001000000000010000
100.111  28 0000001000001000000000010000
100.111  28 0000001000001000000000010000
100.111  28 0000001000001000000000010000
100.111  28 0000001000001000000000010000
100.111  28 0000001000001000000000010000
100.111  28 0000001000001000000000010000
100.111  28 0000001000001000000000010000
100.111  28 0000001000001000000000010000
360.111  28 0001100000000000001100000010
100.111  28 0000001000001000000000010000
100.111  28 0000001000001000000000010000
100.111  28 0000001000001000000000010000
100.111  28 0000001000001000000000010000
100.111  28 0000001000001000000000010000
100.111  28 0000001000001000000000010000
100.111  28 0000001000001000000000010000
100.111  28 0000001000001000000000010000
100.111  28 0000001000001000000000010000
100.111  28 0000001000001000000000010000
100.111  28 0000001000001000000000010000
122.056  28 0010000000000000001010000000
100.111  28 0000001000001000000000010000
100.111  28 0000001000001000000000010000
100.111  28 0000001000001000000000010000
100.111  28 0000001000001000000000010000
100.111  28 0000001000001000000000010000
100.111  28 0000001000001000000000010000
100.111  28 0000001000001000000000010000
100.111  28 0000001000001000000000010000
100.111  28 0000001000001000000000010000
100.111  28 0000001000001000000000010000
100.111  28 0000001000001000000000010000
100.111  28 0000001000001000000000010000
100.111  28 0000001000001000000000010000
100.111  28 0000001000001000000000010000
100.111  28 0000001000001000000000010000
100.111  28 0000001000001000000000010000
100.111  28 0000001000001000000000010000
100.111  28 0000001000001000000000010000
100.111  28 0000001000001000000000010000
100.111  28 0000001000001000000000010000
100.111  28 0000001000001000000000010000
100.111  28 0000001000001000000000010000
100.111  28 0000001000001000000000010000
100.111  28 0000001000001000000000010000
100.111  28 0000001000001000000000010000
100.111  28 0000001000001000000000010000
100.111  28 0000001000001000000000010000
100.111  28 0000001000001000000000010000
100.111  28 0000001000001000000000010000
100.111  28 0000001000001000000000010000
100.111  28 0000001000001000000000010000
100.111  28 0000001000001000000000010000
100.111  28 0000001000001000000000010000
100.111  28 0000001000001000000000010000
100.111  28 0000001000001000000000010000
100.111  28 0000001000001000000000010000
100.111  28 0000001000001000000000010000
100.111  28 0000001000001000000000010000
100.111  28 0000001000001000000000010000
100.111  28 0000001000001000000000010000
100.111  28 0000001000001000000000010000
100.111  28 0000001000001000000000010000
100.111  28 0000001000001000000000010000
100.111  28 0000001000001000000000010000
100.111  28 0000001000001000000000010000
100.111  28 0000001000001000000000010000
100.111  28 0000001000001000000000010000
100.111  28 0000001000001000000000010000
100.111  28 0000001000001000000000010000
100.111  28 0000001000001000000000010000
100.111  28 0000001000001000000000010000
100.111  28 0000001000001000000000010000
100.111  28 0000001000001000000000010000
100.111  28 0000001000001000000000010000
100.111  28 0000001000001000000000010000
100.111  28 0000001000001000000000010000
122.056  28 0010000000000000000010000000
100.111  28 0000001000001000000000010000
100.111  28 0000001000001000000000010000
100.111  28 0000001000001000000000010000
100.111  28 0000001000001000000000010000
100.111  28 0000001000001000000000010000
100.111  28 0000001000001000000000010000
100.111  28 0000001000001000000000010000
100.111  28 0000001000001000000000010000
100.111  28 0000001000001000000000010000
122.056  28 0010000000000000000010000000
100.111  28 0000001000001000000000010000
100.111  28 0000001000001000000000010000
100.111  28 0000001000001000000000010000
100.111  28 0000001000001000000000010000
100.111  28 0000001000001000000000010000
100.111  28 0000001000001000000000010000
100.111  28 0000001000001000000000010000
100.111  28 0000001000001000000000010000
100.111  28 0000001000001000000000010000
100.111  28 0000001000001000000000010000
100.111  28 0000001000001000000000010000
