62.0556  28 0010000000000000001010000000
76.0556  28 0000001000000000001010000000
65.0556  28 0000001000000000001010000000
58.0556  28 0010000000000000000010000000
65.0556  28 0010000000000000000010000000
67.0556  28 0000001000000000000010000000
70.0556  28 0010000000000000000010000000
67.0556  28 0000001000000000001010000000
87.0556  28 0010000000000000001010000000
72.0556  28 0010000000000000000010000000
67.0556  28 0000001000000000001010000000
64.0556  28 0000001000000000001010000000
73.0556  28 0000001000000000001010000000
172.111  28 0100000000000100000000000100
80.0556  28 0010000000000000001010000000
71.0556  28 0010000000000000000010000000
73.0556  28 0000001000000000001010000000
73.0556  28 0010000000000000000010000000
77.0556  28 0000001000000000001010000000
67.0556  28 0000001000000000001010000000
75.0556  28 0010000000000000001010000000
62.0556  28 0010000000000000001010000000
76.0556  28 0010000000000000001010000000
75.0556  28 0000001000000000000010000000
66.0556  28 0010000000000000001010000000
71.0556  28 0010000000000000001010000000
66.0556  28 0010000000000000001010000000
72.0556  28 0010000000000000001010000000
58.0556  28 0000001000000000001010000000
70.0556  28 0010000000000000000010000000
65.0556  28 0010000000000000000010000000
80.1111  28 0000001001000000001010000000
125.222  28 0010001100001000000100001000
75.0556  28 0010000000000000001010000000
117.167  28 0010001000001000000000010000
64.0556  28 0000001000000000000010000000
70.0556  28 0010000000000000001010000000
84.0556  28 0010000000000000000010000000
67.0556  28 0010000000000000001010000000
71.0556  28 0010000000000000001010000000
73.0556  28 0010000000000000001010000000
69.0556  28 0010000000000000000010000000
53.0556  28 0000001000000000001010000000
64.0556  28 0010000000000000001010000000
71.0556  28 0010000000000000000010000000
62.1111  28 0000001001000000001010000000
77.0556  28 0010000000000000000010000000
69.0556  28 0000001000000000001010000000
71.0556  28 0000001000000000001010000000
68.0556  28 0010000000000000001010000000
58.0556  28 0000001000000000000010000000
71.0556  28 0010000000000000000010000000
172.111  28 0100000000000100000000000010
70.0556  28 0000001000000000000010000000
69.0556  28 0010000000000000001010000000
73.0556  28 0000001000000000000010000000
65.0556  28 0000001000000000001010000000
77.0556  28 0000001000000000001010000000
69.0556  28 0000001000000000000010000000
69.0556  28 0010000000000000000010000000
72.0556  28 0010000000000000000010000000
175.111  28 0100000000000100000000000010
64.0556  28 0010000000000000001010000000
68.0556  28 0000001000000000001010000000
73.0556  28 0010000000000000001010000000
65.0556  28 0010000000000000000010000000
63.0556  28 0010000000000000000010000000
65.0556  28 0010000000000000001010000000
69.0556  28 0000001000000000001010000000
77.0556  28 0000001000000000001010000000
69.0556  28 0000001000000000001010000000
68.0556  28 0000001000000000001010000000
121.222  28 0110001000001000000100001000
73.0556  28 0000001000000000000010000000
60.0556  28 0010000000000000000010000000
61.0556  28 0010000000000000001010000000
70.0556  28 0000001000000000000010000000
80.0556  28 0010000000000000000010000000
73.0556  28 0010000000000000001010000000
169.111  28 0100000000000100000000000010
64.0556  28 0010000000000000000010000000
68.0556  28 0010000000000000001010000000
72.0556  28 0010000000000000000010000000
75.0556  28 0000001000000000000010000000
174.111  28 0100000000000100000000000100
78.0556  28 0000001000000000000010000000
181.111  28 0100000000000100000000000100
172.111  28 0100000000000100000000000100
73.0556  28 0010000000000000001010000000
60.0556  28 0000001000000000000010000000
72.0556  28 0000001000000000001010000000
62.0556  28 0000001000000000000010000000
75.0556  28 0000001000000000000010000000
81.0556  28 0000001000000000001010000000
67.0556  28 0010000000000000001010000000
57.0556  28 0000001000000000001010000000
84.0556  28 0010000000000000001010000000
72.0556  28 0010000000000000001010000000
74.0556  28 0010000000000000000010000000
60.0556  28 0000001000000000001010000000
