323.111  29 00100000000010000001000001000
323.111  29 00000010000010000001000001000
323.111  29 00100000000010000001000001000
323.111  29 00100000000010000001000001000
323.111  29 00100000000010000001000001000
323.111  29 00000010000010000001000001000
323.111  29 00100000000010000001000001000
323.111  29 00000010000010000001000001000
323.111  29 00100000000010000001000001000
323.111  29 00100000000010000001000001000
323.111  29 00100000000010000001000001000
323.111  29 00100000000010000001000001000
323.111  29 00000010000010000001000001000
323.111  29 00000010000010000001000001000
323.111  29 00000010000010000001000001000
323.111  29 00100000000010000001000001000
323.111  29 00100000000010000001000001000
323.111  29 00100000000010000001000001000
323.111  29 00000010000010000001000001000
323.111  29 00000010000010000001000001000
323.111  29 00100000000010000001000001000
323.111  29 00100000000010000001000001000
323.111  29 00000010000010000001000001000
323.111  29 00100000000010000001000001000
323.111  29 00100000000010000001000001000
323.111  29 00100000000010000001000001000
323.111  29 00100000000010000001000001000
323.111  29 00000010000010000001000001000
1451.11  29 01000000000001000000000000010
323.111  29 00100000000010000001000001000
323.111  29 00100000000010000001000001000
323.111  29 00000010000010000001000001000
323.111  29 00000010000010000001000001000
323.111  29 00100000000010000001000001000
323.111  29 00000010000010000001000001000
429.056  29 00000000000010000010100000000
323.111  29 00100000000010000001000001000
323.111  29 00000010000010000001000001000
323.111  29 00000010000010000001000001000
323.111  29 00000010000010000001000001000
323.111  29 00000010000010000001000001000
323.111  29 00100000000010000001000001000
323.111  29 00000010000010000001000001000
323.111  29 00000010000010000001000001000
323.111  29 00100000000010000001000001000
323.111  29 00000010000010000001000001000
323.111  29 00100000000010000001000001000
323.111  29 00100000000010000001000001000
323.111  29 00100000000010000001000001000
323.111  29 00100000000010000001000001000
323.111  29 00100000000010000001000001000
323.111  29 00100000000010000001000001000
323.111  29 00000010000010000001000001000
323.111  29 00100000000010000001000001000
323.111  29 00100000000010000001000001000
323.111  29 00100000000010000001000001000
323.111  29 00100000000010000001000001000
323.111  29 00000010000010000001000001000
323.111  29 00000010000010000001000001000
323.111  29 00100000000010000001000001000
323.111  29 00100000000010000001000001000
323.111  29 00000010000010000001000001000
323.111  29 00100000000010000001000001000
323.111  29 00100000000010000001000001000
323.111  29 00000010000010000001000001000
323.111  29 00000010000010000001000001000
323.111  29 00100000000010000001000001000
323.111  29 00000010000010000001000001000
323.111  29 00000010000010000001000001000
323.111  29 00000010000010000001000001000
323.111  29 00000010000010000001000001000
323.111  29 00100000000010000001000001000
323.111  29 00000010000010000001000001000
323.111  29 00100000000010000001000001000
323.111  29 00100000000010000001000001000
323.111  29 00100000000010000001000001000
323.111  29 00100000000010000001000001000
429.056  29 00000000000010000000100000000
323.111  29 00000010000010000001000001000
323.111  29 00000010000010000001000001000
323.111  29 00100000000010000001000001000
323.111  29 00100000000010000001000001000
323.111  29 00000010000010000001000001000
323.111  29 00000010000010000001000001000
323.111  29 00100000000010000001000001000
323.111  29 00100000000010000001000001000
323.111  29 00000010000010000001000001000
323.111  29 00100000000010000001000001000
323.111  29 00100000000010000001000001000
323.111  29 00100000000010000001000001000
323.111  29 00000010000010000001000001000
323.111  29 00100000000010000001000001000
323.111  29 00100000000010000001000001000
323.111  29 00000010000010000001000001000
323.111  29 00000010000010000001000001000
323.111  29 00000010000010000001000001000
323.111  29 00000010000010000001000001000
323.111  29 00000010000010000001000001000
323.111  29 00000010000010000001000001000
323.111  29 00100000000010000001000001000
