69.0556  28 0010000000000000000010000000
69.0556  28 0010000000000000000010000000
69.0556  28 0010000000000000001010000000
69.0556  28 0010000000000000001010000000
69.0556  28 0010000000000000000010000000
69.0556  28 0010000000000000000010000000
69.0556  28 0010000000000000000010000000
69.0556  28 0010000000000000000010000000
79.0556  28 0000001000000000000010000000
69.0556  28 0010000000000000000010000000
69.0556  28 0010000000000000001010000000
69.0556  28 0010000000000000001010000000
170.111  28 0100000000000100000000000100
69.0556  28 0010000000000000001010000000
69.0556  28 0010000000000000001010000000
69.0556  28 0010000000000000000010000000
69.0556  28 0010000000000000001010000000
69.0556  28 0010000000000000000010000000
69.0556  28 0010000000000000000010000000
69.0556  28 0010000000000000001010000000
79.0556  28 0000001000000000000010000000
69.0556  28 0010000000000000000010000000
69.0556  28 0010000000000000001010000000
69.0556  28 0010000000000000000010000000
69.0556  28 0010000000000000001010000000
69.0556  28 0010000000000000001010000000
180.111  28 0000110000000000000000000100
69.0556  28 0010000000000000000010000000
69.0556  28 0010000000000000001010000000
69.0556  28 0010000000000000001010000000
69.0556  28 0010000000000000000010000000
69.0556  28 0010000000000000001010000000
170.111  28 0100000000000100000000000010
69.0556  28 0010000000000000000010000000
69.0556  28 0010000000000000001010000000
69.0556  28 0010000000000000001010000000
69.0556  28 0010000000000000000010000000
69.0556  28 0010000000000000001010000000
69.0556  28 0010000000000000001010000000
69.0556  28 0010000000000000000010000000
69.0556  28 0010000000000000001010000000
69.0556  28 0010000000000000001010000000
180.111  28 0000110000000000000000000010
69.0556  28 0010000000000000001010000000
69.0556  28 0010000000000000000010000000
69.0556  28 0010000000000000000010000000
69.0556  28 0010000000000000000010000000
69.0556  28 0010000000000000001010000000
69.0556  28 0010000000000000000010000000
69.0556  28 0010000000000000001010000000
69.0556  28 0010000000000000000010000000
69.0556  28 0010000000000000001010000000
69.0556  28 0010000000000000001010000000
69.0556  28 0010000000000000001010000000
69.0556  28 0010000000000000000010000000
69.0556  28 0010000000000000000010000000
69.0556  28 0010000000000000001010000000
69.0556  28 0010000000000000001010000000
69.0556  28 0010000000000000000010000000
69.0556  28 0010000000000000001010000000
69.0556  28 0010000000000000001010000000
180.111  28 0000110000000000000000000010
69.0556  28 0010000000000000000010000000
69.0556  28 0010000000000000000010000000
69.0556  28 0010000000000000000010000000
69.0556  28 0010000000000000000010000000
69.0556  28 0010000000000000000010000000
69.0556  28 0010000000000000001010000000
79.0556  28 0000001000000000000010000000
79.0556  28 0000001000000000001010000000
69.0556  28 0010000000000000000010000000
69.0556  28 0010000000000000000010000000
69.0556  28 0010000000000000000010000000
69.0556  28 0010000000000000000010000000
69.0556  28 0010000000000000000010000000
69.0556  28 0010000000000000000010000000
69.0556  28 0010000000000000000010000000
79.0556  28 0000001000000000001010000000
79.0556  28 0000001000000000001010000000
69.0556  28 0010000000000000001010000000
69.0556  28 0010000000000000000010000000
69.0556  28 0010000000000000001010000000
69.0556  28 0010000000000000001010000000
69.0556  28 0010000000000000000010000000
69.0556  28 0010000000000000000010000000
69.0556  28 0010000000000000000010000000
69.0556  28 0010000000000000000010000000
69.0556  28 0010000000000000000010000000
69.0556  28 0010000000000000000010000000
69.0556  28 0010000000000000001010000000
170.111  28 0100000000000100000000000100
69.0556  28 0010000000000000001010000000
69.0556  28 0010000000000000001010000000
69.0556  28 0010000000000000001010000000
79.0556  28 0000001000000000000010000000
69.0556  28 0010000000000000000010000000
69.0556  28 0010000000000000001010000000
69.0556  28 0010000000000000001010000000
69.0556  28 0010000000000000000010000000
69.0556  28 0010000000000000000010000000
