566.056  28 0000000000001000000010000000
1521.11  28 0100000000000100000000000100
566.056  28 0000000000001000001010000000
566.056  28 0000000000001000000010000000
566.056  28 0000000000001000001010000000
566.056  28 0000000000001000000010000000
1521.11  28 0100000000000100000000000010
566.056  28 0000000000001000001010000000
566.056  28 0000000000001000000010000000
566.056  28 0000000000001000001010000000
566.056  28 0000000000001000001010000000
566.056  28 0000000000001000000010000000
566.056  28 0000000000001000001010000000
566.056  28 0000000000001000001010000000
566.056  28 0000000000001000000010000000
566.056  28 0000000000001000001010000000
566.056  28 0000000000001000001010000000
566.056  28 0000000000001000000010000000
566.056  28 0000000000001000000010000000
566.056  28 0000000000001000000010000000
566.056  28 0000000000001000001010000000
566.056  28 0000000000001000000010000000
566.056  28 0000000000001000000010000000
566.056  28 0000000000001000001010000000
566.056  28 0000000000001000000010000000
566.056  28 0000000000001000001010000000
566.056  28 0000000000001000000010000000
566.056  28 0000000000001000000010000000
1521.11  28 0100000000000100000000000010
566.056  28 0000000000001000001010000000
566.056  28 0000000000001000001010000000
566.056  28 0000000000001000000010000000
566.056  28 0000000000001000000010000000
566.056  28 0000000000001000000010000000
566.056  28 0000000000001000001010000000
675.056  28 0000001000000000000010000000
1240.22  28 0110001000001000000100001000
566.056  28 0000000000001000000010000000
566.056  28 0000000000001000000010000000
566.056  28 0000000000001000000010000000
1521.11  28 0100000000000100000000000100
1521.11  28 0100000000000100000000000100
566.056  28 0000000000001000001010000000
566.056  28 0000000000001000000010000000
566.056  28 0000000000001000001010000000
566.056  28 0000000000001000000010000000
566.056  28 0000000000001000001010000000
566.056  28 0000000000001000000010000000
566.056  28 0000000000001000001010000000
566.056  28 0000000000001000000010000000
1521.11  28 0100000000000100000000000100
566.056  28 0000000000001000000010000000
566.056  28 0000000000001000001010000000
566.056  28 0000000000001000000010000000
566.056  28 0000000000001000000010000000
566.056  28 0000000000001000000010000000
566.056  28 0000000000001000001010000000
566.056  28 0000000000001000000010000000
566.056  28 0000000000001000000010000000
566.056  28 0000000000001000001010000000
566.056  28 0000000000001000001010000000
566.056  28 0000000000001000000010000000
566.056  28 0000000000001000000010000000
566.056  28 0000000000001000001010000000
566.056  28 0000000000001000000010000000
566.056  28 0000000000001000001010000000
566.056  28 0000000000001000000010000000
675.056  28 0000001000000000000010000000
566.056  28 0000000000001000000010000000
566.056  28 0000000000001000000010000000
566.056  28 0000000000001000000010000000
566.056  28 0000000000001000001010000000
566.056  28 0000000000001000000010000000
566.056  28 0000000000001000000010000000
566.056  28 0000000000001000001010000000
566.056  28 0000000000001000001010000000
566.056  28 0000000000001000000010000000
566.056  28 0000000000001000000010000000
566.056  28 0000000000001000000010000000
566.056  28 0000000000001000000010000000
566.056  28 0000000000001000001010000000
1521.11  28 0100000000000100000000000010
566.056  28 0000000000001000001010000000
1521.11  28 0100000000000100000000000100
1521.11  28 0100000000000100000000000010
1521.11  28 0100000000000100000000000100
566.056  28 0000000000001000000010000000
566.056  28 0000000000001000000010000000
566.056  28 0000000000001000001010000000
566.056  28 0000000000001000000010000000
675.056  28 0000001000000000000010000000
566.056  28 0000000000001000001010000000
566.056  28 0000000000001000000010000000
566.056  28 0000000000001000001010000000
566.056  28 0000000000001000001010000000
566.056  28 0000000000001000001010000000
566.056  28 0000000000001000000010000000
675.056  28 0000001000000000001010000000
566.056  28 0000000000001000000010000000
566.056  28 0000000000001000001010000000
