62.0556  28 0010000000000000001010000000
62.0556  28 0010000000000000000010000000
62.0556  28 0000001000000000000010000000
62.0556  28 0010000000000000001010000000
62.0556  28 0010000000000000000010000000
62.0556  28 0010000000000000001010000000
62.0556  28 0010000000000000001010000000
62.0556  28 0010000000000000000010000000
62.0556  28 0000001000000000001010000000
62.0556  28 0000001000000000000010000000
62.0556  28 0010000000000000000010000000
62.0556  28 0010000000000000001010000000
62.0556  28 0010000000000000001010000000
62.0556  28 0010000000000000001010000000
62.0556  28 0000001000000000001010000000
62.0556  28 0000001000000000000010000000
62.0556  28 0000001000000000001010000000
62.0556  28 0010000000000000001010000000
62.0556  28 0010000000000000000010000000
62.0556  28 0000001000000000000010000000
62.0556  28 0010000000000000001010000000
62.0556  28 0000001000000000001010000000
62.0556  28 0000001000000000001010000000
62.0556  28 0010000000000000001010000000
62.0556  28 0000001000000000001010000000
62.0556  28 0010000000000000001010000000
62.0556  28 0000001000000000000010000000
62.0556  28 0010000000000000000010000000
62.0556  28 0000001000000000001010000000
62.0556  28 0000001000000000001010000000
62.0556  28 0010000000000000000010000000
62.0556  28 0000001000000000000010000000
62.0556  28 0010000000000000001010000000
62.0556  28 0000001000000000001010000000
62.0556  28 0010000000000000000010000000
62.0556  28 0000001000000000001010000000
62.0556  28 0010000000000000001010000000
62.0556  28 0010000000000000000010000000
62.0556  28 0010000000000000000010000000
62.0556  28 0010000000000000001010000000
62.0556  28 0010000000000000000010000000
62.0556  28 0000001000000000001010000000
62.0556  28 0000001000000000001010000000
62.0556  28 0010000000000000001010000000
62.0556  28 0000001000000000001010000000
62.0556  28 0000001000000000000010000000
62.0556  28 0010000000000000001010000000
62.0556  28 0000001000000000001010000000
133.222  28 0010001100001000000100001000
62.0556  28 0000001000000000001010000000
62.0556  28 0010000000000000000010000000
62.0556  28 0000001000000000001010000000
62.0556  28 0010000000000000001010000000
62.0556  28 0010000000000000001010000000
62.0556  28 0010000000000000000010000000
188.111  28 0100000000000100000000000010
62.0556  28 0010000000000000000010000000
62.0556  28 0000001000000000001010000000
62.0556  28 0010000000000000001010000000
62.0556  28 0010000000000000001010000000
62.0556  28 0010000000000000000010000000
62.0556  28 0000001000000000001010000000
62.0556  28 0010000000000000001010000000
62.0556  28 0010000000000000001010000000
62.0556  28 0010000000000000000010000000
62.0556  28 0010000000000000001010000000
62.0556  28 0000001000000000000010000000
133.222  28 0010001100001000000100001000
62.0556  28 0010000000000000001010000000
62.0556  28 0010000000000000001010000000
62.0556  28 0010000000000000001010000000
62.0556  28 0000001000000000001010000000
62.0556  28 0000001000000000000010000000
62.0556  28 0010000000000000001010000000
62.0556  28 0000001000000000000010000000
62.0556  28 0000001000000000000010000000
62.0556  28 0000001000000000001010000000
62.0556  28 0010000000000000001010000000
62.0556  28 0000001000000000000010000000
62.0556  28 0000001000000000000010000000
62.0556  28 0000001000000000001010000000
62.0556  28 0010000000000000001010000000
62.0556  28 0010000000000000001010000000
62.0556  28 0000001000000000001010000000
62.0556  28 0000001000000000000010000000
62.0556  28 0000001000000000000010000000
86.1111  28 0000001000001000000000010000
62.0556  28 0010000000000000000010000000
62.0556  28 0010000000000000000010000000
62.0556  28 0000001000000000001010000000
62.0556  28 0000001000000000000010000000
62.0556  28 0010000000000000000010000000
62.0556  28 0010000000000000001010000000
62.0556  28 0000001000000000001010000000
62.0556  28 0000001000000000000010000000
62.0556  28 0010000000000000001010000000
62.0556  28 0010000000000000000010000000
62.0556  28 0000001000000000000010000000
62.0556  28 0000001000000000000010000000
62.0556  28 0010000000000000001010000000
