68.0556  28 0000001000000000001010000000
65.0556  28 0000001000000000001010000000
64.1111  28 0000001001000000001010000000
66.0556  28 0000001000000000001010000000
65.0556  28 0000001000000000001010000000
64.0556  28 0000001000000000001010000000
75.0556  28 0010000000000000001010000000
67.0556  28 0000001000000000001010000000
67.0556  28 0000001000000000000010000000
72.0556  28 0010000000000000000010000000
65.0556  28 0010000000000000001010000000
63.0556  28 0000001000000000001010000000
68.0556  28 0010000000000000000010000000
147.111  28 0100000000000100000000000010
74.0556  28 0000001000000000001010000000
69.0556  28 0010000000000000000010000000
69.0556  28 0010000000000000001010000000
72.0556  28 0010000000000000001010000000
59.0556  28 0000001000000000001010000000
69.0556  28 0010000000000000001010000000
70.0556  28 0010000000000000001010000000
68.0556  28 0000001000000000000010000000
65.0556  28 0000000000001000001010000000
65.0556  28 0000001000000000001010000000
74.0556  28 0010000000000000000010000000
52.0556  28 0000001000000000001010000000
68.0556  28 0010000000000000000010000000
71.0556  28 0000001000000000000010000000
58.0556  28 0000001000000000001010000000
71.0556  28 0000001000000000001010000000
56.0556  28 0000001000000000001010000000
55.0556  28 0010000000000000001010000000
71.0556  28 0000000000001000001010000000
66.0556  28 0000001000000000000010000000
73.0556  28 0010000000000000000010000000
69.0556  28 0010000000000000000010000000
70.0556  28 0010000000000000001010000000
65.0556  28 0010000000000000000010000000
170.111  28 0000110000000000000000000100
66.0556  28 0000001000000000000010000000
77.1111  28 0000001000000000011010000000
74.0556  28 0010000000000000001010000000
71.0556  28 0010000000000000000010000000
75.0556  28 0000001000000000000010000000
69.0556  28 0000001000000000000010000000
76.0556  28 0000001000000000001010000000
68.0556  28 0000001000000000000010000000
70.0556  28 0000000000001000000010000000
70.0556  28 0010000000000000000010000000
67.0556  28 0000001000000000001010000000
69.0556  28 0010000000000000000010000000
69.0556  28 0000000000001000001010000000
69.0556  28 0010000000000000001010000000
74.0556  28 0000000000001000000010000000
55.0556  28 0010000000000000001010000000
55.0556  28 0010000000000000001010000000
74.0556  28 0000000000001000000010000000
59.0556  28 0010000000000000000010000000
68.0556  28 0010000000000000001010000000
65.0556  28 0010000000000000000010000000
60.0556  28 0010000000000000001010000000
88.0556  28 0000001000000000001010000000
72.0556  28 0010000000000000001010000000
81.1111  28 0000001001000000001010000000
74.0556  28 0000001000000000000010000000
79.0556  28 0010000000000000000010000000
63.0556  28 0010000000000000000010000000
69.0556  28 0010000000000000001010000000
59.0556  28 0000001000000000000010000000
70.0556  28 0010000000000000001010000000
77.0556  28 0010000000000000000010000000
62.0556  28 0000001000000000000010000000
69.0556  28 0010000000000000000010000000
67.0556  28 0010000000000000001010000000
70.0556  28 0010000000000000001010000000
64.0556  28 0000001000000000001010000000
67.0556  28 0000001000000000000010000000
65.0556  28 0000000000001000001010000000
70.0556  28 0000001000000000001010000000
67.0556  28 0010000000000000001010000000
68.1111  28 0000001001000000001010000000
71.0556  28 0010000000000000001010000000
64.0556  28 0000001000000000001010000000
85.0556  28 0000001000000000001010000000
65.0556  28 0010000000000000001010000000
64.0556  28 0010000000000000001010000000
63.0556  28 0010000000000000000010000000
61.0556  28 0000001000000000000010000000
71.0556  28 0010000000000000000010000000
170.111  28 0100000000000100000000000010
78.0556  28 0000001000000000001010000000
63.0556  28 0000001000000000000010000000
55.0556  28 0000001000000000001010000000
76.1111  28 0000001001000000001010000000
154.111  28 0100000000000100000000000010
65.0556  28 0000001000000000000010000000
75.0556  28 0000000000001000001010000000
84.0556  28 0010000000000000000010000000
71.0556  28 0000001000000000000010000000
66.0556  28 0010000000000000001010000000
