987.111  28 0000001001000000001010000000
998.056  28 0010000000000000000000010000
987.111  28 0000001001000000001010000000
998.056  28 0010000000000000001000010000
987.111  28 0000001001000000001010000000
987.111  28 0000001001000000001010000000
987.111  28 0000001001000000001010000000
987.111  28 0000001001000000001010000000
998.056  28 0010000000000000000000010000
998.056  28 0010000000000000001000010000
998.056  28 0010000000000000000000010000
987.111  28 0000001001000000001010000000
998.056  28 0010000000000000001000010000
998.056  28 0010000000000000001000010000
987.111  28 0000001001000000001010000000
987.111  28 0000001001000000001010000000
998.056  28 0010000000000000000000010000
987.111  28 0000001001000000001010000000
987.111  28 0000001001000000001010000000
987.111  28 0000001001000000001010000000
987.111  28 0000001001000000001010000000
987.111  28 0000001001000000001010000000
987.111  28 0000001001000000001010000000
998.056  28 0010000000000000000000010000
987.111  28 0000001001000000001010000000
987.111  28 0000001001000000001010000000
2658.11  28 0001100000000000001100000010
987.111  28 0000001001000000001010000000
987.111  28 0000001001000000001010000000
998.056  28 0010000000000000000000010000
987.111  28 0000001001000000001010000000
987.111  28 0000001001000000001010000000
987.111  28 0000001001000000001010000000
987.111  28 0000001001000000001010000000
987.111  28 0000001001000000001010000000
987.111  28 0000001001000000001010000000
987.111  28 0000001001000000001010000000
987.111  28 0000001001000000001010000000
998.056  28 0010000000000000000000010000
987.111  28 0000001001000000001010000000
987.111  28 0000001001000000001010000000
998.056  28 0010000000000000001000010000
987.111  28 0000001001000000001010000000
987.111  28 0000001001000000001010000000
987.111  28 0000001001000000001010000000
998.056  28 0010000000000000000000010000
998.056  28 0010000000000000000000010000
998.056  28 0010000000000000000000010000
998.056  28 0010000000000000000000010000
987.111  28 0000001001000000001010000000
987.111  28 0000001001000000001010000000
987.111  28 0000001001000000001010000000
998.056  28 0010000000000000001000010000
987.111  28 0000001001000000001010000000
987.111  28 0000001001000000001010000000
987.111  28 0000001001000000001010000000
998.056  28 0010000000000000001000010000
987.111  28 0000001001000000001010000000
998.056  28 0010000000000000001000010000
987.111  28 0000001001000000001010000000
987.111  28 0000001001000000001010000000
998.056  28 0010000000000000000000010000
987.111  28 0000001001000000001010000000
998.056  28 0010000000000000001000010000
987.111  28 0000001001000000001010000000
987.111  28 0000001001000000001010000000
987.111  28 0000001001000000001010000000
987.111  28 0000001001000000001010000000
987.111  28 0000001001000000001010000000
987.111  28 0000001001000000001010000000
987.111  28 0000001001000000001010000000
987.111  28 0000001001000000001010000000
998.056  28 0010000000000000000000010000
987.111  28 0000001001000000001010000000
987.111  28 0000001001000000001010000000
987.111  28 0000001001000000001010000000
998.056  28 0010000000000000000000010000
987.111  28 0000001001000000001010000000
998.056  28 0010000000000000000000010000
987.111  28 0000001001000000001010000000
987.111  28 0000001001000000001010000000
998.056  28 0010000000000000001000010000
987.111  28 0000001001000000001010000000
998.056  28 0010000000000000000000010000
998.056  28 0010000000000000001000010000
987.111  28 0000001001000000001010000000
987.111  28 0000001001000000001010000000
987.111  28 0000001001000000001010000000
987.111  28 0000001001000000001010000000
987.111  28 0000001001000000001010000000
987.111  28 0000001001000000001010000000
987.111  28 0000001001000000001010000000
987.111  28 0000001001000000001010000000
987.111  28 0000001001000000001010000000
998.056  28 0010000000000000000000010000
987.111  28 0000001001000000001010000000
987.111  28 0000001001000000001010000000
998.056  28 0010000000000000000000010000
987.111  28 0000001001000000001010000000
987.111  28 0000001001000000001010000000
