1010.06  29 00100000000000000000100000000
1010.06  29 00100000000000000000100000000
1010.06  29 00100000000000000010100000000
1010.06  29 00100000000000000010100000000
1010.06  29 00100000000000000000100000000
954.167  29 00100010000010000001000001000
1010.06  29 00100000000000000000100000000
954.167  29 00100010000010000001000001000
1010.06  29 00100000000000000010100000000
1010.06  29 00100000000000000010100000000
1010.06  29 00100000000000000000100000000
1010.06  29 00100000000000000010100000000
1010.06  29 00100000000000000000100000000
1010.06  29 00100000000000000000100000000
1010.06  29 00100000000000000000100000000
1010.06  29 00100000000000000000100000000
1010.06  29 00100000000000000010100000000
1010.06  29 00100000000000000000100000000
1010.06  29 00100000000000000010100000000
954.167  29 00100010000010000001000001000
1010.06  29 00100000000000000010100000000
1010.06  29 00100000000000000010100000000
954.167  29 00100010000010000001000001000
1010.06  29 00100000000000000000100000000
1010.06  29 00100000000000000000100000000
1010.06  29 00100000000000000000100000000
1010.06  29 00100000000000000010100000000
1010.06  29 00100000000000000000100000000
1010.06  29 00100000000000000000100000000
1010.06  29 00100000000000000010100000000
1010.06  29 00100000000000000010100000000
1010.06  29 00100000000000000010100000000
1010.06  29 00100000000000000010100000000
1010.06  29 00100000000000000000100000000
1010.06  29 00100000000000000000100000000
954.167  29 00100010000010000001000001000
1010.06  29 00100000000000000000100000000
1010.06  29 00100000000000000010100000000
1010.06  29 00100000000000000000100000000
1010.06  29 00100000000000000010100000000
1010.06  29 00100000000000000010100000000
1010.06  29 00100000000000000010100000000
1010.06  29 00100000000000000000100000000
954.167  29 00100010000010000001000001000
1010.06  29 00100000000000000000100000000
1010.06  29 00100000000000000010100000000
954.167  29 00100010000010000001000001000
1010.06  29 00100000000000000010100000000
1010.06  29 00100000000000000000100000000
1010.06  29 00100000000000000010100000000
1010.06  29 00100000000000000000100000000
1010.06  29 00100000000000000000100000000
954.167  29 00100010000010000001000001000
1010.06  29 00100000000000000010100000000
1010.06  29 00100000000000000010100000000
1010.06  29 00100000000000000010100000000
954.167  29 00100010000010000001000001000
1010.06  29 00100000000000000010100000000
1010.06  29 00100000000000000010100000000
954.167  29 00100010000010000001000001000
1010.06  29 00100000000000000000100000000
1010.06  29 00100000000000000000100000000
1010.06  29 00100000000000000000100000000
1010.06  29 00100000000000000010100000000
1010.06  29 00100000000000000010100000000
1010.06  29 00100000000000000000100000000
1010.06  29 00100000000000000010100000000
1010.06  29 00100000000000000000100000000
1010.06  29 00100000000000000010100000000
1010.06  29 00100000000000000010100000000
1010.06  29 00100000000000000010100000000
1010.06  29 00100000000000000010100000000
1010.06  29 00100000000000000000100000000
1010.06  29 00100000000000000010100000000
1010.06  29 00100000000000000000100000000
1010.06  29 00100000000000000000100000000
1010.06  29 00100000000000000000100000000
1010.06  29 00100000000000000000100000000
1010.06  29 00100000000000000000100000000
1010.06  29 00100000000000000010100000000
1010.06  29 00100000000000000000100000000
1010.06  29 00100000000000000010100000000
1010.06  29 00100000000000000000100000000
1010.06  29 00100000000000000010100000000
1010.06  29 00100000000000000000100000000
1010.06  29 00100000000000000000100000000
1010.06  29 00100000000000000000100000000
1010.06  29 00100000000000000010100000000
954.167  29 00100010000010000001000001000
1010.06  29 00100000000000000000100000000
954.167  29 00100010000010000001000001000
1010.06  29 00100000000000000000100000000
1010.06  29 00100000000000000010100000000
1010.06  29 00100000000000000010100000000
1010.06  29 00100000000000000000100000000
1010.06  29 00100000000000000010100000000
1010.06  29 00100000000000000000100000000
1010.06  29 00100000000000000010100000000
1010.06  29 00100000000000000010100000000
954.167  29 00100010000010000001000001000
