98.0556  28 0010000000000000001010000000
98.0556  28 0010000000000000000010000000
98.0556  28 0010000000000000000010000000
98.0556  28 0010000000000000001010000000
98.0556  28 0010000000000000001010000000
98.0556  28 0010000000000000001010000000
98.0556  28 0010000000000000000010000000
98.0556  28 0010000000000000001010000000
98.0556  28 0010000000000000000010000000
98.0556  28 0010000000000000000010000000
252.111  28 0001100000000000001100000010
98.0556  28 0010000000000000000010000000
98.0556  28 0010000000000000000010000000
98.0556  28 0010000000000000001010000000
98.0556  28 0010000000000000001010000000
103.056  28 0000001000000000001010000000
98.0556  28 0010000000000000001010000000
98.0556  28 0010000000000000000010000000
98.0556  28 0010000000000000000010000000
98.0556  28 0010000000000000001010000000
98.0556  28 0010000000000000001010000000
98.0556  28 0010000000000000000010000000
98.0556  28 0010000000000000001010000000
98.0556  28 0010000000000000001010000000
98.0556  28 0010000000000000000010000000
98.0556  28 0010000000000000001010000000
98.0556  28 0010000000000000001010000000
98.0556  28 0010000000000000000010000000
98.0556  28 0010000000000000000010000000
98.0556  28 0010000000000000000010000000
98.0556  28 0010000000000000000010000000
98.0556  28 0010000000000000001010000000
98.0556  28 0010000000000000000010000000
98.0556  28 0010000000000000000010000000
98.0556  28 0010000000000000000010000000
98.0556  28 0010000000000000001010000000
98.0556  28 0010000000000000000010000000
98.0556  28 0010000000000000001010000000
98.0556  28 0010000000000000001010000000
98.0556  28 0010000000000000001010000000
98.0556  28 0010000000000000001010000000
98.0556  28 0010000000000000000010000000
98.0556  28 0010000000000000001010000000
98.0556  28 0010000000000000000010000000
98.0556  28 0010000000000000000010000000
98.0556  28 0010000000000000001010000000
98.0556  28 0010000000000000000010000000
98.0556  28 0010000000000000001010000000
98.0556  28 0010000000000000001010000000
98.0556  28 0010000000000000001010000000
98.0556  28 0010000000000000001010000000
98.0556  28 0010000000000000000010000000
103.056  28 0000001000000000000010000000
98.0556  28 0010000000000000001010000000
98.0556  28 0010000000000000000010000000
98.0556  28 0010000000000000000010000000
98.0556  28 0010000000000000001010000000
98.0556  28 0010000000000000001010000000
98.0556  28 0010000000000000001010000000
98.0556  28 0010000000000000000010000000
103.056  28 0000001000000000001010000000
98.0556  28 0010000000000000001010000000
98.0556  28 0010000000000000000010000000
98.0556  28 0010000000000000001010000000
98.0556  28 0010000000000000001010000000
103.056  28 0000001000000000000010000000
98.0556  28 0010000000000000001010000000
98.0556  28 0010000000000000001010000000
98.0556  28 0010000000000000000010000000
103.056  28 0000001000000000001010000000
98.0556  28 0010000000000000000010000000
98.0556  28 0010000000000000001010000000
98.0556  28 0010000000000000000010000000
98.0556  28 0010000000000000000010000000
98.0556  28 0010000000000000000010000000
98.0556  28 0010000000000000001010000000
98.0556  28 0010000000000000000010000000
98.0556  28 0010000000000000000010000000
103.056  28 0000001000000000000010000000
98.0556  28 0010000000000000001010000000
98.0556  28 0010000000000000001010000000
98.0556  28 0010000000000000001010000000
98.0556  28 0010000000000000001010000000
98.0556  28 0010000000000000000010000000
103.056  28 0000001000000000001010000000
98.0556  28 0010000000000000000010000000
98.0556  28 0010000000000000000010000000
98.0556  28 0010000000000000001010000000
98.0556  28 0010000000000000001010000000
98.0556  28 0010000000000000000010000000
98.0556  28 0010000000000000001010000000
98.0556  28 0010000000000000000010000000
98.0556  28 0010000000000000001010000000
98.0556  28 0010000000000000000010000000
98.0556  28 0010000000000000000010000000
98.0556  28 0010000000000000000010000000
98.0556  28 0010000000000000001010000000
103.056  28 0000001000000000000010000000
103.056  28 0000001000000000000010000000
98.0556  28 0010000000000000000010000000
