97.0556  28 0000001000000000001010000000
173.222  28 0010001000001100000100001000
89.1111  28 0000001001000000001010000000
100.056  28 0010000000000000000010000000
102.056  28 0010000000000000001010000000
90.0556  28 0000001000000000001010000000
90.0556  28 0000001000000000001010000000
104.056  28 0000001000000000000010000000
83.0556  28 0000001000000000001010000000
81.0556  28 0010000000000000001010000000
105.056  28 0010000000000000000010000000
91.0556  28 0010000000000000001010000000
92.0556  28 0010000000000000001010000000
95.0556  28 0010000000000000000010000000
94.0556  28 0010000000000000001010000000
94.0556  28 0010000000000000000010000000
107.111  28 0000001000001000000000010000
104.111  28 0000001000001000000000010000
98.0556  28 0010000000000000001010000000
98.0556  28 0000001000000000000010000000
101.056  28 0000001000000000001010000000
91.0556  28 0010000000000000001010000000
91.0556  28 0000001000000000001010000000
85.0556  28 0010000000000000001010000000
102.056  28 0010000000000000001010000000
89.0556  28 0000001000000000000010000000
96.0556  28 0010000000000000001010000000
99.1111  28 0000001000001000000000010000
99.0556  28 0010000000000000001010000000
88.0556  28 0000001000000000000010000000
103.056  28 0010000000000000001010000000
97.0556  28 0010000000000000001010000000
100.056  28 0010000000000000001010000000
279.111  28 0001100000000000001100000010
97.0556  28 0010000000000000000010000000
98.0556  28 0010000000000000000010000000
85.0556  28 0000001000000000001010000000
84.0556  28 0010000000000000000010000000
95.0556  28 0000001000000000000010000000
85.0556  28 0000001000000000001010000000
91.0556  28 0010000000000000000010000000
99.0556  28 0010000000000000000010000000
108.056  28 0010000000000000000010000000
81.0556  28 0000001000000000001010000000
100.056  28 0010000000000000000010000000
95.0556  28 0010000000000000001010000000
91.0556  28 0000001000000000001010000000
85.0556  28 0000001000000000000010000000
91.0556  28 0000001000000000001010000000
108.056  28 0000001000000000001010000000
97.0556  28 0010000000000000001010000000
178.222  28 0010001000001100000100001000
88.0556  28 0010000000000000001010000000
95.0556  28 0000001000000000001010000000
108.056  28 0010000000000000000010000000
110.056  28 0010000000000000000010000000
94.0556  28 0010000000000000001010000000
92.0556  28 0000001000000000001010000000
99.0556  28 0010000000000000001010000000
100.056  28 0010000000000000001010000000
93.0556  28 0010000000000000001010000000
88.0556  28 0000001000000000001010000000
98.0556  28 0010000000000000000010000000
88.0556  28 0010000000000000001010000000
94.0556  28 0000001000000000000010000000
107.056  28 0010000000000000001010000000
83.0556  28 0010000000000000001010000000
110.056  28 0010000000000000001010000000
96.0556  28 0010000000000000001010000000
99.0556  28 0010000000000000001010000000
102.056  28 0010000000000000001010000000
93.0556  28 0000001000000000001010000000
95.0556  28 0000001000000000001010000000
91.0556  28 0010000000000000000010000000
85.0556  28 0000001000000000000010000000
102.111  28 0000001000001000000000010000
117.056  28 0010000000000000001010000000
95.0556  28 0010000000000000000010000000
95.0556  28 0010000000000000001010000000
99.0556  28 0010000000000000000010000000
93.0556  28 0000001000000000001010000000
89.0556  28 0010000000000000001010000000
99.0556  28 0000001000000000001010000000
91.1111  28 0000001000001000000000010000
101.056  28 0000001000000000001010000000
307.111  28 0001100000000000001100000010
101.111  28 0000001000001000000000010000
102.056  28 0010000000000000001010000000
106.056  28 0010000000000000001010000000
87.0556  28 0010000000000000000010000000
90.0556  28 0000001000000000000010000000
109.111  28 0000001000010000000010000000
86.0556  28 0010000000000000001010000000
101.056  28 0000001000000000001010000000
90.0556  28 0000001000000000000010000000
93.0556  28 0010000000000000000010000000
92.0556  28 0000001000000000001010000000
83.0556  28 0010000000000000001010000000
92.0556  28 0010000000000000001010000000
101.056  28 0010000000000000000010000000
