85.0556  28 0000001000000000001010000000
102.056  28 0000001000000000001010000000
104.056  28 0000001000000000000010000000
100.056  28 0010000000000000000010000000
83.0556  28 0010000000000000001010000000
90.0556  28 0010000000000000001010000000
90.0556  28 0010000000000000000010000000
98.0556  28 0010000000000000001010000000
99.0556  28 0010000000000000001010000000
94.0556  28 0010000000000000000010000000
102.056  28 0010000000000000001010000000
92.0556  28 0000001000000000001010000000
160.167  28 0010001000000100000100001000
101.056  28 0010000000000000001010000000
88.1111  28 0000001001000000001010000000
93.0556  28 0000001000000000001010000000
100.056  28 0010000000000000000010000000
89.0556  28 0000001000000000000010000000
99.0556  28 0010000000000000000010000000
105.056  28 0010000000000000000010000000
122.056  28 0010000000000000000010000000
96.0556  28 0000001000000000001010000000
97.0556  28 0000001000000000000010000000
227.111  28 0001100000000000001100000010
92.0556  28 0010000000000000001010000000
104.056  28 0000001000000000001010000000
87.0556  28 0010000000000000001010000000
96.0556  28 0010000000000000001010000000
94.0556  28 0010000000000000000010000000
96.0556  28 0000001000000000001010000000
96.0556  28 0010000000000000001010000000
89.0556  28 0010000000000000001010000000
108.056  28 0010000000000000001010000000
92.0556  28 0000001000000000000010000000
101.056  28 0000001000000000001010000000
90.0556  28 0010000000000000001010000000
102.056  28 0000001000000000001010000000
105.056  28 0010000000000000001010000000
100.056  28 0010000000000000001010000000
82.0556  28 0000001000000000001010000000
95.0556  28 0000001000000000000010000000
86.0556  28 0010000000000000001010000000
105.056  28 0010000000000000001010000000
94.1111  28 0000001010000000001010000000
96.0556  28 0000001000000000001010000000
93.0556  28 0010000000000000000010000000
90.0556  28 0010000000000000001010000000
108.056  28 0000001000000000000010000000
102.056  28 0010000000000000000010000000
99.0556  28 0000001000000000001010000000
318.111  28 0100000000000100000000000100
99.0556  28 0000001000000000000010000000
96.0556  28 0000001000000000001010000000
90.0556  28 0000001000000000001010000000
94.0556  28 0010000000000000000010000000
82.0556  28 0010000000000000001010000000
97.0556  28 0000001000000000000010000000
98.0556  28 0010000000000000001010000000
103.056  28 0010000000000000001010000000
93.0556  28 0010000000000000000010000000
92.0556  28 0000001000000000001010000000
89.0556  28 0010000000000000000010000000
102.056  28 0000001000000000001010000000
94.0556  28 0010000000000000000010000000
94.0556  28 0000001000000000000010000000
101.056  28 0010000000000000000010000000
83.0556  28 0010000000000000001010000000
108.056  28 0000001000000000000010000000
108.056  28 0010000000000000001010000000
92.0556  28 0000001000000000000010000000
99.0556  28 0010000000000000001010000000
89.0556  28 0000001000000000001010000000
96.0556  28 0010000000000000000010000000
91.0556  28 0010000000000000000010000000
113.056  28 0010000000000000000010000000
95.0556  28 0000001000000000000010000000
89.0556  28 0010000000000000000010000000
93.1111  28 0000001001000000001010000000
103.056  28 0000001000000000001010000000
91.0556  28 0010000000000000000010000000
105.056  28 0010000000000000000010000000
95.0556  28 0010000000000000000010000000
105.111  28 0000001010000000001010000000
80.0556  28 0000001000000000001010000000
85.0556  28 0000001000000000001010000000
94.0556  28 0010000000000000001010000000
78.0556  28 0010000000000000000010000000
89.0556  28 0000001000000000001010000000
108.056  28 0010000000000000000010000000
92.0556  28 0010000000000000001010000000
98.0556  28 0010000000000000000010000000
102.056  28 0010000000000000001010000000
96.0556  28 0000001000000000001010000000
106.056  28 0000001000000000001010000000
96.0556  28 0010000000000000000010000000
95.0556  28 0010000000000000001010000000
101.056  28 0000001000000000001010000000
99.0556  28 0010000000000000001010000000
99.0556  28 0010000000000000001010000000
90.0556  28 0000001000000000001010000000
