95.0556  28 0010000000000000000010000000
95.0556  28 0010000000000000000010000000
95.0556  28 0010000000000000001010000000
95.0556  28 0010000000000000001010000000
95.0556  28 0010000000000000001010000000
95.0556  28 0010000000000000000010000000
95.0556  28 0010000000000000000010000000
95.0556  28 0010000000000000000010000000
95.0556  28 0010000000000000000010000000
95.0556  28 0010000000000000000010000000
95.0556  28 0010000000000000000010000000
95.0556  28 0010000000000000001010000000
95.0556  28 0010000000000000000010000000
95.0556  28 0010000000000000001010000000
95.0556  28 0010000000000000000010000000
95.0556  28 0010000000000000001010000000
95.0556  28 0010000000000000000010000000
104.056  28 0000001000000000001010000000
95.0556  28 0010000000000000001010000000
302.111  28 0001100000000000001100000010
95.0556  28 0010000000000000000010000000
95.0556  28 0010000000000000000010000000
95.0556  28 0010000000000000001010000000
95.0556  28 0010000000000000000010000000
95.0556  28 0010000000000000001010000000
95.0556  28 0010000000000000001010000000
95.0556  28 0010000000000000000010000000
95.0556  28 0010000000000000000010000000
95.0556  28 0010000000000000001010000000
242.111  28 0100010000000000001100000010
95.0556  28 0010000000000000000010000000
95.0556  28 0010000000000000001010000000
187.222  28 0010001000001100000100001000
95.0556  28 0010000000000000001010000000
95.0556  28 0010000000000000000010000000
95.0556  28 0010000000000000000010000000
95.0556  28 0010000000000000000010000000
95.0556  28 0010000000000000000010000000
95.0556  28 0010000000000000001010000000
95.0556  28 0010000000000000000010000000
95.0556  28 0010000000000000000010000000
104.056  28 0000001000000000000010000000
104.056  28 0000001000000000001010000000
95.0556  28 0010000000000000000010000000
95.0556  28 0010000000000000001010000000
95.0556  28 0010000000000000000010000000
95.0556  28 0010000000000000000010000000
95.0556  28 0010000000000000001010000000
95.0556  28 0010000000000000000010000000
95.0556  28 0010000000000000001010000000
95.0556  28 0010000000000000001010000000
95.0556  28 0010000000000000001010000000
95.0556  28 0010000000000000001010000000
95.0556  28 0010000000000000000010000000
95.0556  28 0010000000000000001010000000
95.0556  28 0010000000000000000010000000
95.0556  28 0010000000000000000010000000
95.0556  28 0010000000000000001010000000
242.111  28 0100010000000000001100000010
95.0556  28 0010000000000000001010000000
95.0556  28 0010000000000000000010000000
95.0556  28 0010000000000000001010000000
95.0556  28 0010000000000000000010000000
95.0556  28 0010000000000000000010000000
95.0556  28 0010000000000000001010000000
95.0556  28 0010000000000000000010000000
95.0556  28 0010000000000000000010000000
95.0556  28 0010000000000000001010000000
95.0556  28 0010000000000000000010000000
95.0556  28 0010000000000000000010000000
95.0556  28 0010000000000000000010000000
95.0556  28 0010000000000000000010000000
95.0556  28 0010000000000000000010000000
95.0556  28 0010000000000000000010000000
95.0556  28 0010000000000000001010000000
95.0556  28 0010000000000000001010000000
95.0556  28 0010000000000000001010000000
104.056  28 0000001000000000000010000000
95.0556  28 0010000000000000001010000000
95.0556  28 0010000000000000001010000000
95.0556  28 0010000000000000000010000000
95.0556  28 0010000000000000001010000000
95.0556  28 0010000000000000000010000000
95.0556  28 0010000000000000001010000000
95.0556  28 0010000000000000000010000000
95.0556  28 0010000000000000001010000000
95.0556  28 0010000000000000000010000000
95.0556  28 0010000000000000000010000000
95.0556  28 0010000000000000001010000000
95.0556  28 0010000000000000001010000000
95.0556  28 0010000000000000001010000000
95.0556  28 0010000000000000000010000000
95.0556  28 0010000000000000000010000000
95.0556  28 0010000000000000000010000000
95.0556  28 0010000000000000001010000000
95.0556  28 0010000000000000000010000000
242.111  28 0100010000000000001100000010
95.0556  28 0010000000000000001010000000
95.0556  28 0010000000000000000010000000
95.0556  28 0010000000000000000010000000
