518.111  29 01000000000000000101010000000
537.111  29 00001000000000000101000100000
563.111  29 00100001000000000011000000010
531.056  29 00000000000000000111000100000
560.056  29 00000000000000000111000100000
613.111  29 00100001000000000011000000010
543.222  29 00000000100000111011000001000
564.056  29 00000000000000000101000100000
542.111  29 00010001000000000011000000010
592.111  29 00100001000000000011000000010
527.111  29 00001000000000000101000100000
554.056  29 00000000000000000111000100000
512.056  29 00000000000000000101000100000
541.111  29 00000101000000000011000000010
509.111  29 01000000000000000101000100000
548.222  29 00000000100000111011000001000
599.111  29 00000101000000000011000000010
535.222  29 00000000100000111011000001000
629.111  29 00000101000000000011000000010
533.111  29 00000101000000000011000000010
620.111  29 00100001000000000011000000010
499.222  29 00000000110000110011000001000
636.111  29 00000101000000000011000000010
512.111  29 00001000000000000101000100000
548.111  29 00000101000000000011000000010
556.056  29 00000000000000000111000100000
568.056  29 00000000000000000101000100000
577.056  29 00000000000000000101010000000
586.111  29 01000000000000000101000100000
602.056  29 00000000000000000111000100000
566.056  29 00000000000000000101000100000
539.056  29 00000000000000000111010000000
608.111  29 00000101000000000011000000010
515.222  29 00000000100000111011000001000
533.222  29 00000000100000111011000001000
519.056  29 00000000000000000111000100000
594.222  29 00000000100000111011000001000
587.111  29 00100001000000000011000000010
536.111  29 01000000000000000101000100000
578.056  29 00000000000000000111000100000
585.111  29 00001000000000000101000100000
562.056  29 00000000000000000101000100000
570.222  29 00000000100000111011000001000
588.222  29 00000000100000111011000001000
557.056  29 00000000000000000101010000000
543.056  29 00000000000000000111000100000
641.222  29 00000000110000110011000001000
593.111  29 00000101000000000011000000010
591.056  29 00000000000000000111000100000
635.111  29 00100001000000000011000000010
548.222  29 00000000110000110011000001000
703.333  29 10110011010000000011000000010
545.222  29 00000000100000111011000001000
499.111  29 01000000000000000101000100000
489.222  29 00000000100000111011000001000
584.056  29 00000000000000000111000100000
513.111  29 00001000000000000101000100000
539.111  29 00001000000000000101000100000
554.111  29 01000000000000000101000100000
514.222  29 00000000100000111011000001000
583.111  29 00000101000000000011000000010
625.111  29 00010001000000000011000000010
530.111  29 01000000000000000101000100000
566.056  29 00000000000000000111000100000
612.056  29 00000000000000000101000100000
626.222  29 00000101000010010011000000010
576.111  29 00001000000000000101000100000
561.111  29 00100001000000000011000000010
575.111  29 00000011000000000011000000010
602.222  29 00000000100000111011000001000
533.111  29 00001000000000000101000100000
549.222  29 00000000100000111011000001000
594.111  29 00010001000000000011000000010
645.222  29 00000000100000111011000001000
572.111  29 01000000000000000101000100000
589.111  29 00000101000000000011000000010
569.111  29 01000000000000000101000100000
549.222  29 00000000100000111011000001000
575.111  29 00001000000000000101000100000
564.111  29 00100001000000000011000000010
530.056  29 00000000000000000111010000000
551.222  29 00000000100000111011000001000
616.111  29 00010001000000000011000000010
608.111  29 00100001000000000011000000010
553.111  29 00001000000000000101000100000
524.056  29 00000000000000000111000100000
580.111  29 00001000100000000011100000000
571.111  29 00000101000000000011000000010
518.111  29 01000000000000000101000100000
600.111  29 00000011000000000011000000010
532.056  29 00000000000000000111000100000
616.111  29 00100001000000000011000000010
579.278  29 00001000110000010111000001000
668.222  29 01100000001000010011000001000
534.056  29 00000000000000000111000100000
571.111  29 00000101000000000011000000010
593.056  29 00000000000000000111000100000
627.111  29 00010001000000000011000000010
571.222  29 00000000100000111011000001000
545.111  29 00100001000000000011000000010
