503.111  28 0000000000000010011110000000
477.167  28 0000100000010010000110000000
463.111  28 0000000000000010011110000000
474.222  28 0100100000010010000110000000
449.222  28 0100100000010010000110000000
609.111  28 0000000000000010011010000000
512.111  28 0000000000000010011110000000
518.111  28 0100000001000000001110000000
537.111  28 0000000000000010011110000000
412.222  28 0100100000010010000110000000
579.111  28 0000000000000010011110000000
563.111  28 0000000000000010011110000000
472.111  28 0000000000000010011110000000
428.222  28 0100100000010010000110000000
421.222  28 0100100000010010000110000000
529.167  28 1000000000000011001100001000
568.111  28 0000000000000010011110000000
508.167  28 0000100000010010000110000000
556.111  28 0000000000000010011110000000
430.222  28 0100100000010010000110000000
514.167  28 1000000000000011001100001000
569.111  28 0000000000000010011110000000
435.222  28 0100100000010010000110000000
529.111  28 0000001000000010001100010000
581.111  28 0000000010000010001010000000
490.111  28 0000000000000010011110000000
518.111  28 0000000000000010011110000000
546.111  28 0000000000000010011110000000
623.111  28 0000000000000010011010000000
577.111  28 0000000000000010011110000000
532.111  28 0000000000000010011110000000
532.111  28 0000000000000010011110000000
520.111  28 0000100001000000001110000000
521.167  28 1000000000000011001100001000
576.222  28 0000000001000011101100001000
439.222  28 0100100000010010000110000000
600.111  28 0000000010000010001010000000
600.222  28 0001000011000010001100001000
450.222  28 0100100000010010000110000000
518.222  28 0000000001000011101100001000
448.222  28 0100100000010010000110000000
524.111  28 0000000000000010011110000000
520.111  28 0000000000000010011110000000
541.111  28 0000000000000010011110000000
597.111  28 0000000000000010011110000000
532.111  28 0000000000000010011110000000
545.111  28 0000000000000010011110000000
392.222  28 0100100000010010000110000000
505.111  28 0000100001000000001110000000
549.167  28 1000000000000011001100001000
560.167  28 1000000000000011001100001000
600.111  28 0000000000000010011010000000
573.222  28 0000000010000011101100001000
448.222  28 0100100000010010000110000000
546.111  28 0000100001000000001110000000
606.111  28 0000000010000010001010000000
590.111  28 0000000010000010001010000000
565.111  28 0000000000000010011110000000
559.111  28 0000001000000010001100010000
575.222  28 0100000010000001101100001000
545.111  28 0000000000000010011110000000
465.111  28 0000000000000010011110000000
484.111  28 0000000000000010011110000000
433.167  28 0000100000010010000110000000
411.222  28 0100100000010010000110000000
421.222  28 0100100000010010000110000000
428.167  28 0000100000010010000110000000
549.222  28 0000000010000011101100001000
503.111  28 0000000000000010011110000000
599.111  28 0000000010000010001010000000
584.111  28 0000000000000010011110000000
526.111  28 0000000000000010011110000000
612.111  28 0000000010000010001010000000
521.111  28 0000000000000010011110000000
572.222  28 0000000011000010101100001000
518.111  28 0000000000000010011110000000
451.222  28 0100100000010010000110000000
599.111  28 0000000000000010011110000000
603.111  28 0000000010000010001010000000
441.222  28 0100100000010010000110000000
431.167  28 0000100000010010000110000000
468.222  28 0100100000010010000110000000
573.222  28 0000000001000011101100001000
425.222  28 0100100000010010000110000000
521.167  28 1000000000000011001100001000
492.111  28 0000000000000010011110000000
600.111  28 0000000000000010011010000000
536.111  28 0000000000000010011110000000
401.111  28 0000100001000000001110000000
483.167  28 0100000000010010000110000000
393.222  28 0100100000010010000110000000
532.111  28 0100000001000000001110000000
417.167  28 0100000000010010000110000000
564.222  28 0000000011000010101100001000
571.111  28 0000000010000010001010000000
407.167  28 0100000000010010000110000000
584.222  28 0100000010000001101100001000
504.111  28 0000000000000010011110000000
581.111  28 0000000000000010011010000000
554.111  28 0000000000000010011110000000
