654.111  28 0000010100000000001100000010
614.056  28 0000000000000000010100010000
614.056  28 0000000000000000011100010000
614.056  28 0000000000000000011101000000
614.056  28 0000000000000000010101000000
654.111  28 0000010100000000001100000010
624.111  28 0100000000000001001100010000
614.056  28 0000000000000000011101000000
572.111  28 0000100001000000001110000000
654.111  28 0000010100000000001100000010
614.056  28 0000000000000000011101000000
572.111  28 0100000001000000001110000000
614.056  28 0000000000000000011101000000
614.056  28 0000000000000000011100010000
614.056  28 0000000000000000010101000000
614.056  28 0000000000000000010101000000
614.056  28 0000000000000000011101000000
614.056  28 0000000000000000011100010000
614.056  28 0000000000000000011100010000
617.167  28 1000000000000011001100001000
614.056  28 0000000000000000011100010000
614.056  28 0000000000000000011100010000
614.056  28 0000000000000000011100010000
614.056  28 0000000000000000010100010000
614.056  28 0000000000000000010100010000
614.056  28 0000000000000000010101000000
614.056  28 0000000000000000011100010000
614.056  28 0000000000000000011100010000
614.056  28 0000000000000000011101000000
572.111  28 0100000001000000001110000000
614.056  28 0000000000000000011100010000
614.056  28 0000000000000000010100010000
614.056  28 0000000000000000010101000000
614.056  28 0000000000000000010100010000
614.056  28 0000000000000000010101000000
614.056  28 0000000000000000010100010000
614.056  28 0000000000000000011100010000
614.056  28 0000000000000000010101000000
614.056  28 0000000000000000011101000000
524.222  28 0100100000010010000110000000
614.056  28 0000000000000000011101000000
654.111  28 0000010100000000001100000010
614.056  28 0000000000000000011100010000
617.167  28 1000000000000011001100001000
614.056  28 0000000000000000010100010000
614.056  28 0000000000000000010100010000
614.056  28 0000000000000000011101000000
524.222  28 0100100000010010000110000000
614.056  28 0000000000000000010100010000
614.056  28 0000000000000000011101000000
572.111  28 0100000001000000001110000000
614.056  28 0000000000000000010101000000
654.111  28 0000010100000000001100000010
654.111  28 0000010100000000001100000010
614.056  28 0000000000000000010100010000
614.056  28 0000000000000000010101000000
654.111  28 0000010100000000001100000010
624.111  28 0100000000000001001100010000
617.167  28 1000000000000011001100001000
654.111  28 0000010100000000001100000010
614.056  28 0000000000000000010101000000
614.056  28 0000000000000000011100010000
614.056  28 0000000000000000011100010000
654.111  28 0000010100000000001100000010
614.056  28 0000000000000000011101000000
614.056  28 0000000000000000011100010000
614.056  28 0000000000000000011101000000
614.056  28 0000000000000000011101000000
654.111  28 0000010100000000001100000010
614.056  28 0000000000000000010101000000
614.056  28 0000000000000000011100010000
654.111  28 0000010100000000001100000010
654.111  28 0000010100000000001100000010
614.056  28 0000000000000000010100010000
614.056  28 0000000000000000011100010000
617.167  28 1000000000000011001100001000
617.222  28 0000000001000011101100001000
614.056  28 0000000000000000011100010000
614.056  28 0000000000000000011100010000
614.056  28 0000000000000000011101000000
614.056  28 0000000000000000010100010000
614.056  28 0000000000000000011101000000
617.222  28 0000000001000011101100001000
614.056  28 0000000000000000011101000000
524.222  28 0100100000010010000110000000
614.056  28 0000000000000000010101000000
614.056  28 0000000000000000011101000000
614.056  28 0000000000000000011101000000
614.056  28 0000000000000000010100010000
614.056  28 0000000000000000010100010000
654.111  28 0000010100000000001100000010
614.056  28 0000000000000000010100010000
614.056  28 0000000000000000011101000000
614.056  28 0000000000000000010101000000
654.111  28 0000010100000000001100000010
614.056  28 0000000000000000011101000000
614.056  28 0000000000000000011100010000
614.056  28 0000000000000000010101000000
654.111  28 0000010100000000001100000010
654.111  28 0000010100000000001100000010
