938.278  28 0100011000000000111100100000
938.278  28 0100011000000000111100100000
953.389  28 0010101001011100000100001000
938.278  28 0100011000000000111100100000
904.167  28 0001000100000000011100000010
938.278  28 0100011000000000111100100000
938.278  28 0100011000000000111100100000
904.167  28 0001000100000000011100000010
939.222  28 0100011010000000001100100000
938.278  28 0100011000000000111100100000
938.278  28 0100011000000000111100100000
939.222  28 0100011010000000001100100000
937.278  28 0010011000001000011100000010
938.278  28 0100011000000000111100100000
938.278  28 0100011000000000111100100000
938.278  28 0100011000000000111100100000
904.167  28 0001000100000000011100000010
938.278  28 0100011000000000111100100000
935.111  28 0011000000000000001001000000
938.278  28 0100011000000000111100100000
938.278  28 0100011000000000111100100000
938.278  28 0100011000000000111100100000
938.278  28 0100011000000000111100100000
938.278  28 0100011000000000111100100000
938.278  28 0100011000000000111100100000
939.222  28 0100011010000000001100100000
938.278  28 0100011000000000111100100000
938.278  28 0100011000000000111100100000
954.389  28 0100001001001101010100001000
938.278  28 0100011000000000111100100000
904.167  28 0001000100000000011100000010
938.278  28 0100011000000000111100100000
939.222  28 0100011000000001001100100000
938.278  28 0100011000000000111100100000
938.278  28 0100011000000000111100100000
938.278  28 0100011000000000111100100000
938.278  28 0100011000000000111100100000
938.278  28 0100011000000000111100100000
953.389  28 0110001001011100000100001000
938.278  28 0100011000000000111100100000
935.111  28 0011000000000000001001000000
935.111  28 0011000000000000001001000000
938.278  28 0100011000000000111100100000
938.278  28 0100011000000000111100100000
938.278  28 0100011000000000111100100000
939.222  28 0100011000000001001100100000
938.278  28 0100011000000000111100100000
939.222  28 0100011000100000001100100000
938.278  28 0100011000000000111100100000
953.389  28 0110001001011100000100001000
938.278  28 0100011000000000111100100000
938.278  28 0100011000000000111100100000
939.222  28 1100011000000000001100100000
938.278  28 0100011000000000111100100000
950.222  28 0000011100001000001100100000
938.278  28 0100011000000000111100100000
938.278  28 0100011000000000111100100000
939.222  28 1100011000000000001100100000
938.278  28 0100011000000000111100100000
938.278  28 0100011000000000111100100000
938.278  28 0100011000000000111100100000
938.278  28 0100011000000000111100100000
939.222  28 1100011000000000001100100000
939.222  28 0100011010000000001100100000
938.278  28 0100011000000000111100100000
938.278  28 0100011000000000111100100000
938.278  28 0100011000000000111100100000
938.278  28 0100011000000000111100100000
904.167  28 0001000100000000011100000010
938.278  28 0100011000000000111100100000
938.278  28 0100011000000000111100100000
939.222  28 0100011010000000001100100000
938.278  28 0100011000000000111100100000
938.278  28 0100011000000000111100100000
904.167  28 0001000100000000011100000010
904.167  28 0001000100000000011100000010
938.278  28 0100011000000000111100100000
937.278  28 0010011000001000011100000010
904.167  28 0001000100000000011100000010
938.278  28 0100011000000000111100100000
904.167  28 0001000100000000011100000010
938.278  28 0100011000000000111100100000
938.278  28 0100011000000000111100100000
938.278  28 0100011000000000111100100000
938.278  28 0100011000000000111100100000
938.278  28 0100011000000000111100100000
938.278  28 0100011000000000111100100000
954.389  28 0000101001001101010100001000
938.278  28 0100011000000000111100100000
938.278  28 0100011000000000111100100000
938.278  28 0100011000000000111100100000
935.111  28 0011000000000000001001000000
938.278  28 0100011000000000111100100000
938.278  28 0100011000000000111100100000
938.278  28 0100011000000000111100100000
938.278  28 0100011000000000111100100000
938.278  28 0100011000000000111100100000
938.278  28 0100011000000000111100100000
938.278  28 0100011000000000111100100000
938.278  28 0100011000000000111100100000
