5143.06  28 0000000000000000010100010000
5855.17  28 0000000010000001011100001000
5143.06  28 0000000000000000010100010000
5143.06  28 0000000000000000011100010000
6198.11  28 0000010100000000001100000010
6198.11  28 0000010100000000001100000010
5143.06  28 0000000000000000010100010000
6198.11  28 0000010100000000001100000010
6267.22  28 0000000010000011101100001000
5143.06  28 0000000000000000011100010000
5143.06  28 0000000000000000010100010000
6198.11  28 0000010100000000001100000010
5143.06  28 0000000000000000011100010000
5855.17  28 0000000010000001011100001000
6198.11  28 0000010100000000001100000010
5143.06  28 0000000000000000011100010000
6198.11  28 0000010100000000001100000010
5143.06  28 0000000000000000011100010000
5143.06  28 0000000000000000011100010000
5143.06  28 0000000000000000010100010000
6198.11  28 0000010100000000001100000010
5143.06  28 0000000000000000010100010000
5143.06  28 0000000000000000011100010000
5143.06  28 0000000000000000010100010000
5143.06  28 0000000000000000011100010000
5143.06  28 0000000000000000011100010000
5143.06  28 0000000000000000010100010000
5143.06  28 0000000000000000010100010000
5143.06  28 0000000000000000010100010000
5143.06  28 0000000000000000011100010000
5143.06  28 0000000000000000010100010000
5686.11  28 0100000001000000001110000000
5143.06  28 0000000000000000011100010000
5143.06  28 0000000000000000010100010000
5143.06  28 0000000000000000011100010000
5143.06  28 0000000000000000011100010000
5143.06  28 0000000000000000011100010000
5855.17  28 0000000010000001011100001000
5143.06  28 0000000000000000011100010000
5143.06  28 0000000000000000010100010000
5143.06  28 0000000000000000010100010000
5143.06  28 0000000000000000011100010000
5143.06  28 0000000000000000010100010000
6198.11  28 0000010100000000001100000010
5143.06  28 0000000000000000010100010000
6198.11  28 0000010100000000001100000010
5143.06  28 0000000000000000011100010000
5143.06  28 0000000000000000011100010000
5143.06  28 0000000000000000010100010000
5686.11  28 0000100001000000001110000000
5143.06  28 0000000000000000011100010000
5686.11  28 0000100001000000001110000000
5143.06  28 0000000000000000010100010000
5143.06  28 0000000000000000011100010000
5686.11  28 0100000001000000001110000000
5143.06  28 0000000000000000011100010000
6198.11  28 0000010100000000001100000010
5143.06  28 0000000000000000011100010000
5143.06  28 0000000000000000010100010000
5143.06  28 0000000000000000011100010000
5143.06  28 0000000000000000010100010000
5143.06  28 0000000000000000010100010000
5143.06  28 0000000000000000010100010000
5143.06  28 0000000000000000010100010000
5143.06  28 0000000000000000011100010000
6198.11  28 0000010100000000001100000010
6267.22  28 0000000010000011101100001000
6198.11  28 0000010100000000001100000010
5143.06  28 0000000000000000010100010000
5143.06  28 0000000000000000010100010000
5143.06  28 0000000000000000010100010000
5143.06  28 0000000000000000011100010000
5143.06  28 0000000000000000010100010000
6198.11  28 0000010100000000001100000010
5686.11  28 0000100001000000001110000000
5686.11  28 0100000001000000001110000000
5686.11  28 0000100001000000001110000000
5143.06  28 0000000000000000011100010000
5143.06  28 0000000000000000011100010000
6198.11  28 0000010100000000001100000010
5143.06  28 0000000000000000011100010000
5143.06  28 0000000000000000011100010000
5855.17  28 0000000010000001011100001000
5143.06  28 0000000000000000010100010000
5143.06  28 0000000000000000011100010000
5143.06  28 0000000000000000010100010000
5143.06  28 0000000000000000011100010000
6198.11  28 0000010100000000001100000010
5143.06  28 0000000000000000011100010000
5864.22  28 0100100000010010000110000000
5172.06  28 0000000000000000011101000000
6198.11  28 0000010100000000001100000010
5143.06  28 0000000000000000011100010000
5143.06  28 0000000000000000010100010000
5143.06  28 0000000000000000010100010000
5143.06  28 0000000000000000011100010000
6198.11  28 0000010100000000001100000010
5143.06  28 0000000000000000010100010000
6198.11  28 0000010100000000001100000010
5143.06  28 0000000000000000011100010000
