5207.22  28 0100000010000001101100001000
5135.11  28 0000000010000010001010000000
5135.11  28 0000000000000010011010000000
5135.11  28 0000000010000010001010000000
5135.11  28 0000000010000010001010000000
5135.11  28 0000000010000010001010000000
5135.11  28 0000000010000010001010000000
4039.17  28 0100000000010010000110000000
5135.11  28 0000000010000010001010000000
5207.22  28 0000100010000001101100001000
5135.11  28 0000000010000010001010000000
5347.22  28 0000000001000011101100001000
5135.11  28 0000000010000010001010000000
5135.11  28 0000000010000010001010000000
5135.11  28 0000000010000010001010000000
5135.11  28 0000000010000010001010000000
5135.11  28 0000000010000010001010000000
5135.11  28 0000000000000010011010000000
5135.11  28 0000000010000010001010000000
5103.11  28 0100000001000000001110000000
5135.11  28 0000000000000010011010000000
5207.22  28 0100000010000001101100001000
5135.11  28 0000000010000010001010000000
5135.11  28 0000000000000010011010000000
5135.11  28 0000000000000010011010000000
5135.11  28 0000000000000010011010000000
5135.11  28 0000000000000010011010000000
5135.11  28 0000000010000010001010000000
5135.11  28 0000000010000010001010000000
5135.11  28 0000000000000010011010000000
5135.11  28 0000000010000010001010000000
5135.11  28 0000000000000010011010000000
5135.11  28 0000000000000010011010000000
5135.11  28 0000000010000010001010000000
5135.11  28 0000000000000010011010000000
5135.11  28 0000000010000010001010000000
5135.11  28 0000000000000010011010000000
4039.17  28 0000100000010010000110000000
4039.17  28 0000100000010010000110000000
5135.11  28 0000000000000010011010000000
5135.11  28 0000000010000010001010000000
5135.11  28 0000000000000010011010000000
4039.17  28 0000100000010010000110000000
5135.11  28 0000000010000010001010000000
4039.17  28 0000100000010010000110000000
5135.11  28 0000000010000010001010000000
5135.11  28 0000000000000010011010000000
4039.17  28 0100000000010010000110000000
5135.11  28 0000000000000010011010000000
5135.11  28 0000000010000010001010000000
5135.11  28 0000000000000010011010000000
5135.11  28 0000000010000010001010000000
5135.11  28 0000000000000010011010000000
5135.11  28 0000000010000010001010000000
5135.11  28 0000000000000010011010000000
5103.11  28 0100000001000000001110000000
5135.11  28 0000000010000010001010000000
5135.11  28 0000000010000010001010000000
5135.11  28 0000000000000010011010000000
4039.17  28 0100000000010010000110000000
5135.11  28 0000000000000010011010000000
5135.11  28 0000000000000010011010000000
4039.17  28 0100000000010010000110000000
5347.22  28 0000000001000011101100001000
5135.11  28 0000000000000010011010000000
5135.11  28 0000000010000010001010000000
5135.11  28 0000000010000010001010000000
5135.11  28 0000000010000010001010000000
5135.11  28 0000000010000010001010000000
4039.17  28 0000100000010010000110000000
5135.11  28 0000000010000010001010000000
5135.11  28 0000000010000010001010000000
5356.17  28 1000000001000010001100001000
5135.11  28 0000000010000010001010000000
5135.11  28 0000000010000010001010000000
4039.17  28 0100000000010010000110000000
5135.11  28 0000000010000010001010000000
5347.22  28 0000000001000011101100001000
5135.11  28 0000000000000010011010000000
5135.11  28 0000000010000010001010000000
4039.17  28 0100000000010010000110000000
4039.17  28 0000100000010010000110000000
5347.22  28 0000000001000011101100001000
5135.11  28 0000000010000010001010000000
5135.11  28 0000000000000010011010000000
5135.11  28 0000000000000010011010000000
5135.11  28 0000000010000010001010000000
5135.11  28 0000000010000010001010000000
5135.11  28 0000000000000010011010000000
5135.11  28 0000000000000010011010000000
5135.11  28 0000000000000010011010000000
5135.11  28 0000000010000010001010000000
4039.17  28 0000100000010010000110000000
5135.11  28 0000000010000010001010000000
4039.17  28 0000100000010010000110000000
5135.11  28 0000000000000010011010000000
5135.11  28 0000000000000010011010000000
4039.17  28 0100000000010010000110000000
5135.11  28 0000000010000010001010000000
5135.11  28 0000000000000010011010000000
