162.167  28 0000100000010010000110000000
162.167  28 0100000000010010000110000000
163.111  28 0000000010000010001010000000
163.111  28 0000000010000010001010000000
162.167  28 0100000000010010000110000000
163.111  28 0000000010000010001010000000
163.111  28 0000000010000010001010000000
163.111  28 0000000000000010011010000000
231.111  28 0000000000001010000000010000
162.167  28 0100000000010010000110000000
163.111  28 0000000000000010011010000000
163.111  28 0000000000000010011010000000
163.111  28 0000000010000010001010000000
163.111  28 0000000000000010011010000000
162.167  28 0000100000010010000110000000
163.111  28 0000000010000010001010000000
163.111  28 0000000000000010011010000000
163.111  28 0000000010000010001010000000
163.111  28 0000000000000010011010000000
163.111  28 0000000010000010001010000000
163.111  28 0000000000000010011010000000
163.111  28 0000000000000010011010000000
162.167  28 0100000000010010000110000000
163.111  28 0000000010000010001010000000
163.111  28 0000000010000010001010000000
163.111  28 0000000000000010011010000000
163.111  28 0000000010000010001010000000
240.167  28 0000000000000011101100010000
162.167  28 0000100000010010000110000000
163.111  28 0000000010000010001010000000
163.111  28 0000000010000010001010000000
163.111  28 0000000010000010001010000000
163.111  28 0000000000000010011010000000
163.111  28 0000000000000010011010000000
163.111  28 0000000000000010011010000000
163.111  28 0000000000000010011010000000
163.111  28 0000000010000010001010000000
163.111  28 0000000000000010011010000000
163.111  28 0000000010000010001010000000
163.111  28 0000000000000010011010000000
163.111  28 0000000010000010001010000000
163.111  28 0000000010000010001010000000
163.111  28 0000000000000010011010000000
163.111  28 0000000010000010001010000000
162.167  28 0000100000010010000110000000
162.167  28 0100000000010010000110000000
163.111  28 0000000010000010001010000000
240.167  28 0000000000000011101100010000
162.167  28 0100000000010010000110000000
163.111  28 0000000010000010001010000000
163.111  28 0000000010000010001010000000
163.111  28 0000000000000010011010000000
163.111  28 0000000010000010001010000000
163.111  28 0000000010000010001010000000
162.167  28 0100000000010010000110000000
163.111  28 0000000010000010001010000000
163.111  28 0000000000000010011010000000
163.111  28 0000000000000010011010000000
163.111  28 0000000010000010001010000000
163.111  28 0000000010000010001010000000
163.111  28 0000000010000010001010000000
163.111  28 0000000010000010001010000000
163.111  28 0000000010000010001010000000
163.111  28 0000000000000010011010000000
163.111  28 0000000010000010001010000000
163.111  28 0000000000000010011010000000
163.111  28 0000000000000010011010000000
163.111  28 0000000010000010001010000000
163.111  28 0000000010000010001010000000
163.111  28 0000000010000010001010000000
163.111  28 0000000010000010001010000000
162.167  28 0100000000010010000110000000
163.111  28 0000000000000010011010000000
163.111  28 0000000010000010001010000000
163.111  28 0000000010000010001010000000
163.111  28 0000000010000010001010000000
163.111  28 0000000000000010011010000000
163.111  28 0000000000000010011010000000
162.167  28 0000100000010010000110000000
163.111  28 0000000000000010011010000000
163.111  28 0000000000000010011010000000
163.111  28 0000000000000010011010000000
163.111  28 0000000000000010011010000000
210.167  28 0000100001000000011110000000
240.167  28 0000000000000011101100010000
163.111  28 0000000010000010001010000000
162.167  28 0100000000010010000110000000
162.167  28 0100000000010010000110000000
163.111  28 0000000000000010011010000000
163.111  28 0000000010000010001010000000
162.167  28 0000100000010010000110000000
163.111  28 0000000000000010011010000000
163.111  28 0000000000000010011010000000
163.111  28 0000000010000010001010000000
163.111  28 0000000010000010001010000000
162.167  28 0000100000010010000110000000
163.111  28 0000000000000010011010000000
163.111  28 0000000010000010001010000000
163.111  28 0000000000000010011010000000
163.111  28 0000000000000010011010000000
