1259.11  28 0000000010000010001010000000
2480.44  28 0100100011010011010100001000
1259.11  28 0000000010000010001010000000
1259.11  28 0000000000000010011010000000
1259.11  28 0000000000000010011010000000
1259.11  28 0000000010000010001010000000
1259.11  28 0000000010000010001010000000
1259.11  28 0000000010000010001010000000
1259.11  28 0000000000000010011010000000
1259.11  28 0000000000000010011010000000
1259.11  28 0000000010000010001010000000
1259.11  28 0000000010000010001010000000
1259.11  28 0000000000000010011010000000
2612.22  28 1000000101000000101100100000
1259.11  28 0000000010000010001010000000
1259.11  28 0000000000000010011010000000
1259.11  28 0000000010000010001010000000
1259.11  28 0000000010000010001010000000
1259.11  28 0000000000000010011010000000
1259.11  28 0000000000000010011010000000
1259.11  28 0000000000000010011010000000
1259.11  28 0000000000000010011010000000
1259.11  28 0000000010000010001010000000
1259.11  28 0000000000000010011010000000
1259.11  28 0000000010000010001010000000
1259.11  28 0000000000000010011010000000
1259.11  28 0000000000000010011010000000
1259.11  28 0000000000000010011010000000
1259.11  28 0000000010000010001010000000
1259.11  28 0000000010000010001010000000
1259.11  28 0000000000000010011010000000
1259.11  28 0000000000000010011010000000
1259.11  28 0000000010000010001010000000
1259.11  28 0000000000000010011010000000
1259.11  28 0000000010000010001010000000
2480.44  28 0100100011010010110100001000
1259.11  28 0000000010000010001010000000
1259.11  28 0000000010000010001010000000
1525.11  28 0000000000010010000010000000
1525.11  28 0000000000010010000010000000
1259.11  28 0000000000000010011010000000
2480.44  28 0100100011010011010100001000
1259.11  28 0000000010000010001010000000
1259.11  28 0000000000000010011010000000
1259.11  28 0000000010000010001010000000
1259.11  28 0000000000000010011010000000
1259.11  28 0000000000000010011010000000
2480.5  28 0100111011010010010100001000
1259.11  28 0000000010000010001010000000
1259.11  28 0000000000000010011010000000
1259.11  28 0000000000000010011010000000
1525.11  28 0000000000010010000010000000
1259.11  28 0000000000000010011010000000
1259.11  28 0000000000000010011010000000
1259.11  28 0000000000000010011010000000
1259.11  28 0000000000000010011010000000
1259.11  28 0000000010000010001010000000
1259.11  28 0000000010000010001010000000
1867.11  28 0100000000000000011110000000
1259.11  28 0000000010000010001010000000
1259.11  28 0000000010000010001010000000
1259.11  28 0000000000000010011010000000
1259.11  28 0000000010000010001010000000
1259.11  28 0000000010000010001010000000
1259.11  28 0000000010000010001010000000
1259.11  28 0000000000000010011010000000
1259.11  28 0000000000000010011010000000
1259.11  28 0000000000000010011010000000
1259.11  28 0000000000000010011010000000
1259.11  28 0000000000000010011010000000
1259.11  28 0000000000000010011010000000
1259.11  28 0000000000000010011010000000
1259.11  28 0000000010000010001010000000
1259.11  28 0000000010000010001010000000
2612.22  28 1000000101000000101100100000
2612.22  28 1000000101000000101100100000
1259.11  28 0000000000000010011010000000
1259.11  28 0000000010000010001010000000
1259.11  28 0000000010000010001010000000
2612.22  28 1000000101000000101100100000
1259.11  28 0000000010000010001010000000
1259.11  28 0000000000000010011010000000
1259.11  28 0000000010000010001010000000
1259.11  28 0000000010000010001010000000
1259.11  28 0000000000000010011010000000
2612.22  28 1000000101000000101100100000
1259.11  28 0000000010000010001010000000
2480.44  28 0100100011010011010100001000
1259.11  28 0000000010000010001010000000
1259.11  28 0000000000000010011010000000
1259.11  28 0000000010000010001010000000
1259.11  28 0000000010000010001010000000
1259.11  28 0000000010000010001010000000
1259.11  28 0000000010000010001010000000
1259.11  28 0000000000000010011010000000
1259.11  28 0000000000000010011010000000
1259.11  28 0000000010000010001010000000
1259.11  28 0000000010000010001010000000
1259.11  28 0000000000000010011010000000
1259.11  28 0000000000000010011010000000
