2842.17  28 0000000001000100101001000000
2842.17  28 0000000001000100101001000000
2837.22  28 0010011001000000001100100000
2837.22  28 0010011001000000001100100000
2837.22  28 0010011001000000001100100000
2837.22  28 0010011001000000001100100000
2842.17  28 0000000001000100101001000000
2837.22  28 0010011001000000001100100000
2848.22  28 0001001001000010001010000000
2842.17  28 0000000001000100101001000000
2837.22  28 0010011001000000001100100000
2837.22  28 0010011001000000001100100000
2837.22  28 0010011001000000001100100000
2837.22  28 0010011001000000001100100000
2862.11  28 0000000100000010000000010000
2837.22  28 0010011001000000001100100000
2837.22  28 0010011001000000001100100000
2837.22  28 0010011001000000001100100000
2837.22  28 0010011001000000001100100000
2842.17  28 0000000001000100101001000000
2842.17  28 0000000001000100101001000000
2837.22  28 0010011001000000001100100000
2842.17  28 0000000001000100101001000000
2842.17  28 0000000001000100101001000000
2848.22  28 0001001001000010001010000000
2837.22  28 0010011001000000001100100000
2837.22  28 0010011001000000001100100000
2837.22  28 0010011001000000001100100000
2848.22  28 0001001001000010001010000000
2837.22  28 0010011001000000001100100000
2848.22  28 0001001001000010001010000000
2842.17  28 0000000001000100101001000000
2842.17  28 0000000001000100101001000000
2837.22  28 0010011001000000001100100000
2837.22  28 0010011001000000001100100000
2837.22  28 0010011001000000001100100000
2837.22  28 0010011001000000001100100000
2848.22  28 0001001001000010001010000000
2837.22  28 0010011001000000001100100000
2842.17  28 0000000001000100101001000000
2837.22  28 0010011001000000001100100000
2837.22  28 0010011001000000001100100000
2837.22  28 0010011001000000001100100000
2837.22  28 0010011001000000001100100000
2837.22  28 0010011001000000001100100000
2837.22  28 0010011001000000001100100000
2848.22  28 0001001001000010001010000000
2837.22  28 0010011001000000001100100000
2842.17  28 0000000001000100101001000000
2837.22  28 0010011001000000001100100000
2837.22  28 0010011001000000001100100000
2842.17  28 0000000001000100101001000000
2837.22  28 0010011001000000001100100000
2842.17  28 0000000001000100101001000000
2837.22  28 0010011001000000001100100000
2837.22  28 0010011001000000001100100000
2862.11  28 0000000100000010000000010000
2837.22  28 0010011001000000001100100000
2837.22  28 0010011001000000001100100000
2848.22  28 0001001001000010001010000000
2837.22  28 0010011001000000001100100000
2837.22  28 0010011001000000001100100000
2837.22  28 0010011001000000001100100000
2842.17  28 0000000001000100101001000000
2837.22  28 0010011001000000001100100000
2837.22  28 0010011001000000001100100000
2837.22  28 0010011001000000001100100000
2837.22  28 0010011001000000001100100000
2837.22  28 0010011001000000001100100000
2837.22  28 0010011001000000001100100000
2842.17  28 0000000001000100101001000000
2842.17  28 0000000001000100101001000000
2837.22  28 0010011001000000001100100000
2846.17  28 0000000010000001011000010000
2848.22  28 0001001001000010001010000000
2837.22  28 0010011001000000001100100000
2848.22  28 0001001001000010001010000000
2837.22  28 0010011001000000001100100000
2848.22  28 0001001001000010001010000000
2837.22  28 0010011001000000001100100000
2862.11  28 0000000100000010000000010000
2862.11  28 0000000100000010000000010000
2848.22  28 0001001001000010001010000000
2837.22  28 0010011001000000001100100000
2848.22  28 0001001001000010001010000000
2837.22  28 0010011001000000001100100000
2865.22  28 0000011100000100000000000010
2846.17  28 0000000010000001011000010000
2837.22  28 0010011001000000001100100000
2837.22  28 0010011001000000001100100000
2837.22  28 0010011001000000001100100000
2837.22  28 0010011001000000001100100000
2848.22  28 0001001001000010001010000000
2837.22  28 0010011001000000001100100000
2837.22  28 0010011001000000001100100000
2842.17  28 0000000001000100101001000000
2837.22  28 0010011001000000001100100000
2862.11  28 0000000100000010000000010000
2848.22  28 0001001001000010001010000000
2842.17  28 0000000001000100101001000000
