343.111  28 0000001000001000001000100000
335.167  28 0010000100000010000000000010
343.222  28 0000011000100000011010000000
350.167  28 0110000001000000001110000000
340.222  28 0000011000001001001100100000
339.222  28 0000001100000001011100100000
334.222  28 0010000111000000001100100000
338.222  28 0000010000001000111100100000
345.167  28 0000010000000010011010000000
326.111  28 0000001100000000001100100000
342.222  28 1011000000000000011100100000
339.111  28 0001000000100000001001000000
338.167  28 0000000000001011001100100000
330.222  28 0010011000000001001100100000
323.111  28 0000001100000000001100100000
348.167  28 0000000011000100001010000000
341.222  28 0000001000000100111100100000
336.111  28 0000000100001000001100100000
353.111  28 0000000000000110000000010000
343.167  28 1001010000000000001100100000
347.222  28 0010000000100011001100100000
340.222  28 0000000011001000011100100000
341.222  28 0000111000000000101100100000
346.167  28 0001000000000000111010000000
338.222  28 0001001100000000101100100000
332.278  28 0000000011100100011100100000
350.111  28 0001000000010000000001000000
350.167  28 0000011000100000001000100000
331.278  28 0011000001100000011100100000
357.111  28 0000000000010000010000010000
341.167  28 0000000001001000011100100000
358.167  28 0000010001000000011100100000
342.167  28 0000000000101001001010000000
346.167  28 0001001000000000011010000000
333.222  28 0000001000100000111010000000
348.222  28 0001000001001000101100100000
343.222  28 0010001000000011001100100000
333.111  28 0000000100000010001010000000
316.111  28 0000000010000000011000010000
351.222  28 0000010000001001011100100000
353.167  28 0000001000101000001100100000
337.222  28 1001010000001000001100100000
324.111  28 0000000001000010001010000000
358.222  28 0000000001001000111100100000
322.222  28 0000011010000010001100100000
343.222  28 0011010010000000001010000000
335.167  28 0100000100001000000000000100
329.222  28 0000011100000001001100100000
353.222  28 0000001000101000011100100000
327.167  28 0000000011000100001010000000
332.167  28 0010000101000000001100100000
348.111  28 0000000100001000001100100000
337.167  28 0010000100000000101100100000
340.222  28 0011001001000000001100100000
354.278  28 1001011000100000001100100000
331.167  28 0000000000100010101010000000
338.222  28 0000000001101000011100100000
343.222  28 0001001100000000101100100000
341.167  28 0000010001001000001100100000
351.333  28 0000000100010110110100001000
322.222  28 0000010111000000001100100000
329.278  28 0000011001100000011100100000
351.167  28 0000001000000000111010000000
348.222  28 0110000000000001011100100000
335.278  28 0011010011000000001100100000
330.167  28 0000000100010010000001000000
336.167  28 0000010000100010001100100000
323.111  28 0000000100000100001100100000
341.111  28 0000001000000000011000010000
350.222  28 0000000010000110101100100000
350.222  28 0100011000100000001100100000
350.167  28 0000010001000100001100100000
345.222  28 0011000010000000011100001000
338.167  28 0010010000000001001000100000
339.222  28 0000001001100000011010000000
341.111  28 0000000010000100001010000000
346.222  28 0010010000100000011010000000
341.278  28 0011001001100000001100100000
351.056  28 0000000000000010001001000000
338.222  28 0111000000000000011100100000
354.167  28 0011000010000000001010000000
339.222  28 0000010001000001011100100000
337.167  28 0000000000100011001001000000
360.278  28 0000001001101000011100100000
344.111  28 0000000100000000101010000000
341.167  28 0000000000001001011100100000
342.167  28 0000100000001001001100100000
338.167  28 0000011000001000001100100000
350.167  28 0000000101000000101100100000
333.167  28 0000100001100000001100100000
350.278  28 0000001001101000011100100000
348.222  28 1010000000000100011100100000
340.167  28 0010100010000000001100100000
330.222  28 0011001000100000001100100000
327.167  28 0000011100000000001100100000
339.222  28 0010001000100100001100100000
332.222  28 1000000101000100001100100000
360.111  28 0000000010100000000000000100
322.222  28 1000010000000100011100100000
343.222  28 0001010000001000101100100000
