365.167  28 0000000011000100001010000000
364.167  28 0001001000100000001100100000
365.167  28 0000000011000100001010000000
349.278  28 0010010000100001011100100000
365.167  28 0000000011000100001010000000
364.167  28 0001001000100000001100100000
349.278  28 0010010000000001111100100000
349.278  28 0010010000000001111100100000
364.167  28 0001001000100000001100100000
364.167  28 0001001000100000001100100000
349.278  28 1010010000000001011100100000
365.167  28 0000000011000100001010000000
349.278  28 0010010000000001111100100000
364.167  28 0001001000100000001100100000
380.167  28 0000001100001000000000000010
349.278  28 0010010000100001011100100000
364.167  28 0001001000100000001100100000
365.167  28 0000000011000100001010000000
364.167  28 0001001000100000001100100000
365.167  28 0000000011000100001010000000
364.167  28 0001001000100000001100100000
365.167  28 0000000011000100001010000000
364.167  28 0001001000100000001100100000
365.167  28 0000000011000100001010000000
365.167  28 0000000011000100001010000000
374.167  28 0010010001000000001010000000
375.222  28 0000110100010000000000010000
349.278  28 1010010000000001011100100000
365.167  28 0000000011000100001010000000
364.167  28 0001001000100000001100100000
365.167  28 0000000011000100001010000000
375.222  28 0000110100010000000000010000
364.167  28 0001001000100000001100100000
365.167  28 0000000011000100001010000000
365.167  28 0000000011000100001010000000
364.167  28 0001001000100000001100100000
349.278  28 0010010000100001011100100000
365.167  28 0000000011000100001010000000
365.167  28 0000000011000100001010000000
365.167  28 0000000011000100001010000000
364.167  28 0001001000100000001100100000
349.278  28 0010010000100001011100100000
364.167  28 0001001000100000001100100000
365.167  28 0000000011000100001010000000
349.278  28 0010010000000001111100100000
365.167  28 0000000011000100001010000000
365.167  28 0000000011000100001010000000
365.167  28 0000000011000100001010000000
365.167  28 0000000011000100001010000000
380.167  28 0000001100001000000000000010
364.167  28 0001001000100000001100100000
364.167  28 0001001000100000001100100000
365.167  28 0000000011000100001010000000
365.167  28 0000000011000100001010000000
376.111  28 0000000001000100000000010000
365.167  28 0000000011000100001010000000
365.167  28 0000000011000100001010000000
364.167  28 0001001000100000001100100000
349.278  28 1010010000000001011100100000
365.167  28 0000000011000100001010000000
367.167  28 0010001000100000001100100000
349.278  28 0010010010000001011100100000
365.167  28 0000000011000100001010000000
365.167  28 0000000011000100001010000000
365.167  28 0000000011000100001010000000
365.167  28 0000000011000100001010000000
349.278  28 0010010000000001111100100000
374.167  28 0010010001000000001010000000
364.167  28 0001001000100000001100100000
365.167  28 0000000011000100001010000000
365.167  28 0000000011000100001010000000
365.167  28 0000000011000100001010000000
365.167  28 0000000011000100001010000000
364.167  28 0001001000100000001100100000
365.167  28 0000000011000100001010000000
364.167  28 0001001000100000001100100000
365.167  28 0000000011000100001010000000
365.167  28 0000000011000100001010000000
364.167  28 0001001000100000001100100000
365.167  28 0000000011000100001010000000
365.167  28 0000000011000100001010000000
365.167  28 0000000011000100001010000000
374.167  28 0010010001000000001010000000
365.167  28 0000000011000100001010000000
380.167  28 0000001100001000000000000010
364.167  28 0001001000100000001100100000
364.167  28 0001001000100000001100100000
365.167  28 0000000011000100001010000000
365.167  28 0000000011000100001010000000
365.167  28 0000000011000100001010000000
349.278  28 0010010000000001111100100000
365.167  28 0000000011000100001010000000
349.278  28 0010010010000001011100100000
364.167  28 0001001000100000001100100000
349.278  28 0010010010000001011100100000
364.167  28 0001001000100000001100100000
364.167  28 0001001000100000001100100000
380.167  28 0000001100001000000000000010
365.167  28 0000000011000100001010000000
349.278  28 0010010000000001111100100000
