363.167  28 0000100000000100011100100000
342.167  28 1000101000000000001100100000
347.167  28 1010000000000010001100100000
369.167  28 0000000000000011011010000000
336.222  28 1111000000000000001100100000
381.111  28 0010000000010000000100000010
347.167  28 0000000101000000101110000000
322.167  28 0001000000101000001100100000
355.167  28 0000100000000101001100100000
350.222  28 0010001000100100001100100000
372.222  28 0000011100000100000000000010
348.222  28 0000000111000100001100100000
372.167  28 0010101000000000000001000000
323.222  28 0001001100000001001100100000
355.111  28 0000000100000000011100100000
351.278  28 0011000000000101011100100000
345.333  28 0000011001000100111100100000
365.222  28 0000001000011010000000000100
350.222  28 0001011001000000001100100000
352.222  28 0000010000100001011100100000
347.222  28 0010001001000100001100100000
346.278  28 0001010101100000001100100000
361.167  28 1010000100000000001100100000
359.111  28 0000000110000000001100100000
369.167  28 0000010000000110000000010000
336.222  28 0000001001000100101100100000
349.167  28 0001000100000001001100100000
345.167  28 0000000101000100001100100000
345.222  28 1010000001000100001100100000
353.222  28 0000010001100100001100100000
337.222  28 0000001111000000001100100000
337.278  28 0000001000000101111100100000
340.222  28 0001000100000000111100100000
332.167  28 0000000110000000101100100000
336.222  28 1000010000000011001100100000
338.167  28 1001000000001000001100100000
353.278  28 0001010001000000111100100000
350.222  28 0001001000000110001100100000
327.222  28 1101001000000000001100100000
333.278  28 0001011001100000001100100000
371.167  28 0100010000010000000000000100
341.222  28 0010000101000000011100100000
364.111  28 0000000000000100011010000000
348.167  28 0000000010000011001100100000
353.167  28 0000010000001010001100100000
332.222  28 0000010000100100011100100000
354.167  28 0000000010000110001100100000
345.222  28 0000010110000000101100100000
328.278  28 1000010001000100011100100000
365.167  28 0000110000000100001100100000
340.222  28 0010011000100000001100100000
365.222  28 0100001000100001001100100000
328.333  28 1010001001100000011100100000
345.278  28 0010010001100100001100100000
355.222  28 1000001000001000011100100000
364.222  28 0001000100100001001100100000
350.222  28 0010010000000101001100100000
356.167  28 0000010000011000000000000100
358.222  28 0011000001100000001010000000
337.111  28 0000010000000100001100100000
356.167  28 1000000100000001001100100000
317.222  28 0001000001001001001100100000
350.222  28 0000011000000000111100100000
354.222  28 0001100000000101001100100000
332.222  28 1000001100100000001100100000
344.278  28 1001010000100000011100100000
356.222  28 0101000000100000101100100000
339.167  28 0000000010001010001100100000
361.222  28 0000000010100100011100100000
343.278  28 0011000001100000011100100000
333.167  28 0000011100000000001100100000
376.111  28 0000000100000010000001000000
327.222  28 0000001100000000111100100000
376.222  28 0000010100001010000001000000
355.167  28 0000101010000000001100100000
343.222  28 0000000100100001101100100000
331.222  28 0000000001000100111100100000
334.278  28 0011010001000001001100100000
366.167  28 0000001010000000011010000000
321.222  28 0000001101000000101100100000
336.278  28 0001000101100000101100100000
339.222  28 0000011001000100001100100000
359.222  28 0000000011100100001100100000
333.278  28 0011010011000000001100100000
351.167  28 0010000000000100101100100000
371.167  28 0010100100000000000000000010
336.222  28 1101000000000000101100100000
341.111  28 0000100000100000001100100000
354.333  28 0011011011000000001100100000
368.167  28 0001000000001000100100001000
350.278  28 0010001000100010101100100000
362.222  28 0000011000100010001010000000
353.222  28 0000001010001000011100100000
350.167  28 0000010000100010001100100000
371.111  28 0000000000010010000010000000
338.222  28 1100000000100000101100100000
355.222  28 0001011001000000001100100000
333.222  28 1001011000000000001100100000
377.167  28 0010000010000100001010000000
331.278  28 0011001000001000011100100000
