365.111  28 0000100000000000010100010000
413.111  28 0000000100000000101100000010
406.111  28 0000000100000000101100000010
430.111  28 0000000100000000101100000010
381.056  28 0000000000000000010100010000
404.056  28 0000000000000000011100010000
363.056  28 0000000000000000010100010000
377.111  28 0000100000000000010100010000
452.056  28 0000000000000000010100010000
352.111  28 0000100000000000010100010000
437.111  28 0000000101000000001100000010
437.111  28 0000000100000000101100000010
396.056  28 0000000000000000010100010000
377.111  28 0100000000000000010100010000
368.111  28 0000100000000000010100010000
424.111  28 0000000100000000101100000010
367.111  28 0000100000000000010100010000
393.111  28 0000100000000000010100010000
378.056  28 0000000000000000010100010000
442.111  28 0000000101000000001100000010
413.111  28 0000000100000000101100000010
424.111  28 0100000010000000001110000000
378.111  28 0100000000000000010100010000
411.111  28 0000000101000000001100000010
406.111  28 0100000000000000010100010000
417.111  28 0000000100000000101100000010
366.111  28 0100000000000000010100010000
399.056  28 0000000000000000011100010000
359.111  28 0000100000000000010100010000
392.056  28 0000000000000000011100010000
326.056  28 0000000000000000011100010000
354.111  28 0000100000000000010100010000
400.111  28 0000000100000000101100000010
364.111  28 0000100000000000010100010000
360.111  28 0000100000000000010100010000
374.111  28 0100000000000000010100010000
398.056  28 0000000000000000010100010000
386.111  28 0100000000000000010100010000
436.111  28 0010000100000000001100000010
421.056  28 0000000000000000011100010000
390.111  28 0000100000000000010100010000
400.111  28 0100000000000000010100010000
470.111  28 0000000101000000001100000010
371.056  28 0000000000000000010100010000
361.056  28 0000000000000000010100010000
354.111  28 0000100000000000010100010000
372.111  28 0000100000000000010100010000
416.111  28 0000000101000000001100000010
393.111  28 0000000101000000001100000010
346.111  28 0000100000000000010100010000
378.111  28 0100000000000000010100010000
474.111  28 0000100010000000001110000000
443.111  28 0000000100000000101100000010
374.056  28 0000000000000000011100010000
374.111  28 0100000000000000010100010000
368.056  28 0000000000000000010100010000
450.111  28 0000000100000000101100000010
348.056  28 0000000000000000010100010000
410.111  28 0000100010000000001110000000
441.111  28 0000000101000000001100000010
373.111  28 0100000000000000010100010000
407.111  28 0000000100000000101100000010
379.111  28 0100000000000000010100010000
471.111  28 0000100001000000001110000000
457.111  28 0000000100000000101100000010
409.056  28 0000000000000000011100010000
461.111  28 0000000100000000101100000010
396.056  28 0000000000000000010100010000
365.111  28 0000100000000000010100010000
370.056  28 0000000000000000010100010000
385.056  28 0000000000000000011100010000
485.111  28 0000000010000000011010000000
389.111  28 0000100000000000010100010000
420.111  28 0000000100000000101100000010
427.111  28 0000000100000000101100000010
356.111  28 0100000000000000010100010000
420.111  28 0000000100000000101100000010
404.111  28 0000000100000000101100000010
440.111  28 0000000100000000101100000010
447.111  28 0000000100000000101100000010
399.111  28 0100000000000000010100010000
446.056  28 0000000000000000010100010000
360.111  28 0100000000000000010100010000
424.111  28 0000000101000000001100000010
388.111  28 0000000100000000101100000010
428.111  28 0100000010000000001110000000
359.056  28 0000000000000000010100010000
383.111  28 0100000000000000010100010000
412.111  28 0000000101000000001100000010
388.111  28 0000100000000000010100010000
404.111  28 0000100000000000010100010000
420.111  28 0000000100000000101100000010
388.111  28 0000000101000000001100000010
423.111  28 0000000100000000101100000010
425.167  28 0000010100000000101100000010
464.111  28 0000000101000000001100000010
450.111  28 0000000101000000001100000010
424.056  28 0000000000000000011100010000
410.111  28 0000000101000000001100000010
369.111  28 0100000000000000010100010000
