462.111  28 0000000101000000001100000010
392.056  28 0000000000000000011100010000
392.056  28 0000000000000000010100010000
436.111  28 0000000010000010001010000000
392.056  28 0000000000000000010100010000
392.056  28 0000000000000000011101000000
392.056  28 0000000000000000011101000000
462.111  28 0000000101000000001100000010
392.056  28 0000000000000000010100010000
392.056  28 0000000000000000011100010000
392.056  28 0000000000000000010101000000
392.056  28 0000000000000000010100010000
392.056  28 0000000000000000011100010000
392.056  28 0000000000000000011101000000
436.111  28 0000000010000010001010000000
456.111  28 0000100001000000001110000000
392.056  28 0000000000000000011100010000
436.111  28 0000000000000010011010000000
392.056  28 0000000000000000011100010000
392.056  28 0000000000000000010101000000
441.222  28 0000000010000011101100001000
436.111  28 0000000010000010001010000000
392.056  28 0000000000000000011101000000
436.111  28 0000000010000010001010000000
456.111  28 0000100001000000001110000000
436.111  28 0000000000000010011010000000
392.056  28 0000000000000000010100010000
436.111  28 0000000000000010011010000000
392.056  28 0000000000000000011100010000
392.056  28 0000000000000000011101000000
436.111  28 0000000000000010011010000000
436.111  28 0000000010000010001010000000
436.111  28 0000000000000010011010000000
462.111  28 0000000101000000001100000010
392.056  28 0000000000000000011100010000
436.111  28 0000000010000010001010000000
392.056  28 0000000000000000011101000000
436.111  28 0000000000000010011010000000
430.167  28 0000100000010010000110000000
392.056  28 0000000000000000010101000000
392.056  28 0000000000000000010101000000
392.056  28 0000000000000000010100010000
392.056  28 0000000000000000010101000000
436.111  28 0000000000000010011010000000
456.111  28 0100000001000000001110000000
436.111  28 0000000010000010001010000000
441.222  28 0000000010000011101100001000
456.111  28 0100000001000000001110000000
436.111  28 0000000000000010011010000000
392.056  28 0000000000000000010101000000
436.111  28 0000000000000010011010000000
436.111  28 0000000010000010001010000000
436.111  28 0000000010000010001010000000
392.056  28 0000000000000000011101000000
392.056  28 0000000000000000011100010000
456.111  28 0000100001000000001110000000
392.056  28 0000000000000000011100010000
392.056  28 0000000000000000010100010000
392.056  28 0000000000000000010101000000
392.056  28 0000000000000000010100010000
436.111  28 0000000010000010001010000000
392.056  28 0000000000000000010101000000
436.111  28 0000000010000010001010000000
456.111  28 0100000001000000001110000000
392.056  28 0000000000000000010101000000
392.056  28 0000000000000000011100010000
436.111  28 0000000000000010011010000000
392.056  28 0000000000000000010100010000
392.056  28 0000000000000000011100010000
441.222  28 0000000010000011101100001000
436.111  28 0000000000000010011010000000
392.056  28 0000000000000000011100010000
436.111  28 0000000000000010011010000000
392.056  28 0000000000000000010100010000
392.056  28 0000000000000000011101000000
392.056  28 0000000000000000011101000000
436.111  28 0000000010000010001010000000
392.056  28 0000000000000000010101000000
436.111  28 0000000000000010011010000000
436.111  28 0000000000000010011010000000
392.056  28 0000000000000000011100010000
436.111  28 0000000010000010001010000000
392.056  28 0000000000000000010101000000
436.111  28 0000000010000010001010000000
392.056  28 0000000000000000010100010000
392.056  28 0000000000000000010101000000
446.278  28 0100000011000001101100001000
392.056  28 0000000000000000010100010000
458.222  28 0000100000100001101100001000
456.111  28 0000100001000000001110000000
392.056  28 0000000000000000011101000000
392.056  28 0000000000000000010100010000
392.056  28 0000000000000000010100010000
392.056  28 0000000000000000011100010000
436.111  28 0000000010000010001010000000
456.111  28 0100000001000000001110000000
392.056  28 0000000000000000010101000000
462.111  28 0000000101000000001100000010
392.056  28 0000000000000000010100010000
456.111  28 0100000001000000001110000000
