648.278  28 0010101011000000001100100000
645.278  28 0010010101000100001100100000
651.222  28 1100001001000000001100100000
648.278  28 0010101001000000101100100000
648.278  28 1010101001000000001100100000
648.278  28 0010101001000000011100100000
645.278  28 0000010101100100001100100000
648.278  28 0010101011000000001100100000
648.278  28 0010101001000000011100100000
645.278  28 0000010101100100001100100000
648.278  28 0010101001000000011100100000
645.278  28 0000010101100100001100100000
648.278  28 1010101001000000001100100000
648.278  28 0010101011000000001100100000
648.278  28 0010101011000000001100100000
648.278  28 0010101011000000001100100000
648.278  28 1010101001000000001100100000
648.278  28 0010101011000000001100100000
648.278  28 1010101001000000001100100000
648.278  28 0010101001000000101100100000
648.278  28 0010101011000000001100100000
651.278  28 0001001001100010001100100000
648.278  28 1010101001000000001100100000
648.278  28 0010101001000000011100100000
645.278  28 0000010101100100001100100000
648.278  28 0010101001000000011100100000
648.278  28 1010101001000000001100100000
645.278  28 0000010101100100001100100000
648.278  28 0010101011000000001100100000
648.278  28 1010101001000000001100100000
651.222  28 0100001011000000001100100000
648.278  28 0010101011000000001100100000
648.278  28 1010101001000000001100100000
648.278  28 0010101001000000011100100000
645.278  28 0010010101000100001100100000
648.278  28 0010101011000000001100100000
648.278  28 0010101011000000001100100000
645.278  28 0000010101100100001100100000
645.278  28 0000010101100100001100100000
645.278  28 0010010101000100001100100000
648.278  28 0010101001000000011100100000
651.222  28 1100001001000000001100100000
651.222  28 0100001011000000001100100000
648.278  28 1010101001000000001100100000
648.278  28 1010101001000000001100100000
651.222  28 0100001011000000001100100000
651.222  28 0100001011000000001100100000
648.278  28 0010101011000000001100100000
645.278  28 0010010101000100001100100000
651.222  28 1100001001000000001100100000
648.278  28 0010101001000000011100100000
648.278  28 1010101001000000001100100000
645.278  28 0000010101100100001100100000
648.278  28 0010101001000000011100100000
648.278  28 0010101001000000011100100000
648.278  28 0010101001000000011100100000
648.278  28 0010101001000000101100100000
648.278  28 1010101001000000001100100000
651.222  28 1100001001000000001100100000
645.278  28 0010010101000100001100100000
645.278  28 0000010101100100001100100000
648.278  28 0010101001000000101100100000
648.278  28 0010101011000000001100100000
648.278  28 0010101001000000101100100000
648.278  28 0010101001000000101100100000
648.278  28 0010101001000000011100100000
648.278  28 0010101011000000001100100000
645.278  28 0000010101100100001100100000
645.278  28 0000010101100100001100100000
645.278  28 0010010101000100001100100000
648.278  28 0010101011000000001100100000
648.278  28 1010101001000000001100100000
648.278  28 0010101011000000001100100000
648.278  28 0010101011000000001100100000
645.278  28 0000010101100100001100100000
648.278  28 1010101001000000001100100000
645.278  28 0000010101100100001100100000
651.222  28 0100001011000000001100100000
648.278  28 0010101011000000001100100000
645.278  28 0010010101000100001100100000
648.278  28 0010101001000000101100100000
648.278  28 1010101001000000001100100000
648.278  28 0010101001000000101100100000
648.278  28 0010101011000000001100100000
648.278  28 0010101001000000101100100000
648.278  28 0010101001000000101100100000
645.278  28 0010010101000100001100100000
648.278  28 0010101001000000011100100000
645.278  28 0000010101100100001100100000
648.278  28 1010101001000000001100100000
651.278  28 0001001001100010001100100000
648.278  28 1010101001000000001100100000
648.278  28 1010101001000000001100100000
648.278  28 0010101001000000011100100000
645.278  28 0010010101000100001100100000
648.278  28 1010101001000000001100100000
648.278  28 0010101011000000001100100000
648.278  28 0010101001000000101100100000
651.278  28 0001001001100010001100100000
648.278  28 0010101011000000001100100000
