3463.11  28 0000000010000010001010000000
3463.11  28 0000000010000010001010000000
3463.11  28 0000000010000010001010000000
3463.11  28 0000000000000010011010000000
3463.11  28 0000000000000010011010000000
3463.11  28 0000000000000010011010000000
3463.11  28 0000000010000010001010000000
3219.11  28 0000100001000000001110000000
3463.11  28 0000000000000010011010000000
3463.11  28 0000000010000010001010000000
3099.17  28 0000100000010010000110000000
3463.11  28 0000000000000010011010000000
3463.11  28 0000000010000010001010000000
3463.11  28 0000000000000010011010000000
3463.11  28 0000000000000010011010000000
3463.11  28 0000000000000010011010000000
3463.11  28 0000000010000010001010000000
3099.17  28 0100000000010010000110000000
3219.11  28 0100000001000000001110000000
3463.11  28 0000000000000010011010000000
3463.11  28 0000000010000010001010000000
3463.11  28 0000000000000010011010000000
3463.11  28 0000000000000010011010000000
3463.11  28 0000000010000010001010000000
3219.11  28 0100000001000000001110000000
3463.11  28 0000000010000010001010000000
3099.17  28 0100000000010010000110000000
3099.17  28 0100000000010010000110000000
3463.11  28 0000000000000010011010000000
3219.11  28 0000100001000000001110000000
3463.11  28 0000000000000010011010000000
3219.11  28 0100000001000000001110000000
3463.11  28 0000000000000010011010000000
3463.11  28 0000000000000010011010000000
3463.11  28 0000000010000010001010000000
3463.11  28 0000000010000010001010000000
3463.11  28 0000000000000010011010000000
3463.11  28 0000000000000010011010000000
3463.11  28 0000000000000010011010000000
3219.11  28 0000100001000000001110000000
3463.11  28 0000000000000010011010000000
3463.11  28 0000000000000010011010000000
3463.11  28 0000000000000010011010000000
3463.11  28 0000000000000010011010000000
3219.11  28 0000100001000000001110000000
3463.11  28 0000000010000010001010000000
4118.22  28 0100000000100001101100001000
3463.11  28 0000000000000010011010000000
3463.11  28 0000000010000010001010000000
3463.11  28 0000000000000010011010000000
3463.11  28 0000000010000010001010000000
3099.17  28 0000100000010010000110000000
3463.11  28 0000000010000010001010000000
3463.11  28 0000000010000010001010000000
3463.11  28 0000000000000010011010000000
3463.11  28 0000000000000010011010000000
3463.11  28 0000000010000010001010000000
3463.11  28 0000000000000010011010000000
3463.11  28 0000000000000010011010000000
3099.17  28 0100000000010010000110000000
3463.11  28 0000000000000010011010000000
3463.11  28 0000000010000010001010000000
3463.11  28 0000000000000010011010000000
3463.11  28 0000000000000010011010000000
3463.11  28 0000000000000010011010000000
3463.11  28 0000000010000010001010000000
3463.11  28 0000000000000010011010000000
3463.11  28 0000000010000010001010000000
3219.11  28 0100000001000000001110000000
3099.17  28 0000100000010010000110000000
3463.11  28 0000000000000010011010000000
3463.11  28 0000000010000010001010000000
3463.11  28 0000000000000010011010000000
3463.11  28 0000000000000010011010000000
3099.17  28 0000100000010010000110000000
3463.11  28 0000000010000010001010000000
3463.11  28 0000000010000010001010000000
3219.11  28 0100000001000000001110000000
3463.11  28 0000000000000010011010000000
3463.11  28 0000000010000010001010000000
3463.11  28 0000000010000010001010000000
3463.11  28 0000000000000010011010000000
3099.17  28 0100000000010010000110000000
3463.11  28 0000000000000010011010000000
3463.11  28 0000000000000010011010000000
3463.11  28 0000000000000010011010000000
3463.11  28 0000000010000010001010000000
3463.11  28 0000000010000010001010000000
3099.17  28 0000100000010010000110000000
3463.11  28 0000000010000010001010000000
3463.11  28 0000000000000010011010000000
3463.11  28 0000000000000010011010000000
3463.11  28 0000000000000010011010000000
3219.11  28 0100000001000000001110000000
3463.11  28 0000000000000010011010000000
3463.11  28 0000000010000010001010000000
3463.11  28 0000000000000010011010000000
3463.11  28 0000000000000010011010000000
3463.11  28 0000000000000010011010000000
3463.11  28 0000000000000010011010000000
