5801.17  28 0001100000000100001100100000
5769.11  28 0000010100000000001100100000
5761.17  28 0000110100000000000000000100
5769.11  28 0000010100000000001100100000
5720.17  28 0000000100010000010100000010
5720.17  28 0000000100010000010100000010
5769.11  28 0000010100000000001100100000
5698.17  28 0000000001101000001010000000
5720.17  28 0000000100010000010100000010
5720.17  28 0000000100010000010100000010
5769.11  28 0000010100000000001100100000
5720.17  28 0000000100010000010100000010
5769.11  28 0000010100000000001100100000
5769.11  28 0000010100000000001100100000
5698.17  28 0000000001101000001010000000
5720.17  28 0000000100010000010100000010
5769.11  28 0000010100000000001100100000
5720.17  28 0000000100010000010100000010
5769.11  28 0000010100000000001100100000
5698.17  28 0000000001101000001010000000
5720.17  28 0000000100010000010100000010
5698.17  28 0000000001101000001010000000
5698.17  28 0000000001101000001010000000
5698.17  28 0000000001101000001010000000
5801.17  28 0001100000000100001100100000
5769.11  28 0000010100000000001100100000
5698.17  28 0000000001101000001010000000
5769.11  28 0000010100000000001100100000
5698.17  28 0000000001101000001010000000
5769.11  28 0000010100000000001100100000
5720.17  28 0000000100010000010100000010
5769.11  28 0000010100000000001100100000
5769.11  28 0000010100000000001100100000
5720.17  28 0000000100010000010100000010
5769.11  28 0000010100000000001100100000
5769.11  28 0000010100000000001100100000
5698.17  28 0000000001101000001010000000
5769.11  28 0000010100000000001100100000
5720.17  28 0000000100010000010100000010
5720.17  28 0000000100010000010100000010
5698.17  28 0000000001101000001010000000
5720.17  28 0000000100010000010100000010
5761.17  28 0000110100000000000000000010
5698.17  28 0000000001101000001010000000
5698.17  28 0000000001101000001010000000
5698.17  28 0000000001101000001010000000
5698.17  28 0000000001101000001010000000
5720.17  28 0000000100010000010100000010
5761.17  28 0000110100000000000000000100
5769.11  28 0000010100000000001100100000
5720.17  28 0000000100010000010100000010
5720.17  28 0000000100010000010100000010
5769.11  28 0000010100000000001100100000
5769.11  28 0000010100000000001100100000
5769.11  28 0000010100000000001100100000
5698.17  28 0000000001101000001010000000
5698.17  28 0000000001101000001010000000
5720.17  28 0000000100010000010100000010
5769.11  28 0000010100000000001100100000
5698.17  28 0000000001101000001010000000
5769.11  28 0000010100000000001100100000
5698.17  28 0000000001101000001010000000
5769.11  28 0000010100000000001100100000
5698.17  28 0000000001101000001010000000
5698.17  28 0000000001101000001010000000
5698.17  28 0000000001101000001010000000
5720.17  28 0000000100010000010100000010
5698.17  28 0000000001101000001010000000
5769.11  28 0000010100000000001100100000
5720.17  28 0000000100010000010100000010
5698.17  28 0000000001101000001010000000
5720.17  28 0000000100010000010100000010
5761.17  28 0000110100000000000000000100
5761.17  28 0000110100000000000000000010
5698.17  28 0000000001101000001010000000
5769.11  28 0000010100000000001100100000
5720.17  28 0000000100010000010100000010
5698.17  28 0000000001101000001010000000
5698.17  28 0000000001101000001010000000
5698.17  28 0000000001101000001010000000
5720.17  28 0000000100010000010100000010
5698.17  28 0000000001101000001010000000
5720.17  28 0000000100010000010100000010
5769.11  28 0000010100000000001100100000
5698.17  28 0000000001101000001010000000
5769.11  28 0000010100000000001100100000
5769.11  28 0000010100000000001100100000
5769.11  28 0000010100000000001100100000
5698.17  28 0000000001101000001010000000
5698.17  28 0000000001101000001010000000
5698.17  28 0000000001101000001010000000
5761.17  28 0000110100000000000000000010
5698.17  28 0000000001101000001010000000
5698.17  28 0000000001101000001010000000
5769.11  28 0000010100000000001100100000
5769.11  28 0000010100000000001100100000
5698.17  28 0000000001101000001010000000
5720.17  28 0000000100010000010100000010
5698.17  28 0000000001101000001010000000
5761.17  28 0000110100000000000000000010
