377.111  28 0100000010000000001110000000
427.111  28 0000000000000010011110000000
429.111  28 0000000000000010011010000000
420.111  28 0000000010000010001010000000
475.111  28 0000000101000000001100000010
433.111  28 0000000000000010011010000000
367.111  28 0100000010000000001110000000
413.111  28 0000000010000010001010000000
476.111  28 0000100000000000101100010000
429.056  28 0000000000000000011100010000
413.111  28 0000000010000010001010000000
416.111  28 0000000010000010001010000000
437.111  28 0000000010000010001010000000
403.111  28 0000100010000000001110000000
408.111  28 0000000010000010001010000000
344.111  28 0100000001000000001110000000
429.111  28 0000000000000010011010000000
400.056  28 0000000000000000011100010000
410.111  28 0000000010000010001010000000
415.111  28 0100000001000000001110000000
396.056  28 0000000000000000010100010000
415.056  28 0000000000000000010100010000
419.111  28 0000000000000010011110000000
388.111  28 0100000010000000001110000000
429.111  28 0000000010000010001010000000
449.111  28 0000000010000010001010000000
419.111  28 0000000000000010011010000000
437.056  28 0000000000000000011100010000
442.111  28 0000000101000000001100000010
444.056  28 0000000000000000011100010000
427.056  28 0000000000000000011100010000
412.056  28 0000000000000000011100010000
433.111  28 0000000000000010011010000000
430.111  28 0000000000000010011010000000
411.278  28 0000100011000001101100001000
413.111  28 0000000000000010011110000000
419.056  28 0000000000000000011100010000
440.111  28 0000000000000010011010000000
488.278  28 0000011101000001001100000010
404.056  28 0000000000000000011100010000
416.111  28 0000100010000000001110000000
436.111  28 0000000000000010011010000000
418.056  28 0000000000000000010100010000
514.111  28 0000000100000100001100000010
403.111  28 0000000010000010001010000000
402.111  28 0100000001000000001110000000
414.111  28 0000000000000010011110000000
426.111  28 0000000000000010011010000000
371.111  28 0100000001000000001110000000
418.056  28 0000000000000000010100010000
426.056  28 0000000000000000011100010000
421.111  28 0000000000000010011010000000
411.111  28 0100000001000000001110000000
461.111  28 0000000000000010011010000000
446.111  28 0000000010000010001010000000
427.056  28 0000000000000000011100010000
436.167  28 0010000101000000001100000010
430.111  28 0100000010000000001110000000
407.111  28 0000000000000010011010000000
431.056  28 0000000000000000010100010000
447.056  28 0000000000000000011100010000
431.111  28 0000000010000010001010000000
467.111  28 0000000000000010011010000000
394.056  28 0000000000000000011100010000
431.056  28 0000000000000000010100010000
408.111  28 0000000000000010011110000000
442.111  28 0000100001000000001110000000
425.056  28 0000000000000000010100010000
396.111  28 0100000001000000001110000000
379.056  28 0000000000000000011100010000
448.222  28 0000000010000011101100001000
449.111  28 0000000010000010001010000000
450.111  28 0000000000000010011010000000
422.111  28 0100000001000000001110000000
400.056  28 0000000000000000011100010000
403.111  28 0000000000000010011110000000
463.111  28 0000000000000010011010000000
424.111  28 0000000010000010001010000000
406.056  28 0000000000000000011100010000
407.111  28 0000000010000010001010000000
475.111  28 0000000100000000101100000010
350.111  28 0100000001000000001110000000
431.056  28 0000000000000000011101000000
436.278  28 0000100011000001101100001000
427.111  28 0000100001000000001110000000
386.056  28 0000000000000000010100010000
453.111  28 0100000001000000001110000000
440.056  28 0000000000000000011100010000
403.111  28 0000100010000000001110000000
407.056  28 0000000000000000010100010000
397.056  28 0000000000000000011100010000
437.111  28 0100000000000000101100010000
430.111  28 0000000000000010011110000000
420.056  28 0000000000000000010100010000
432.111  28 0000000010000010001010000000
439.111  28 0000000010000010001010000000
439.111  28 0000000000000010011010000000
437.167  28 0000100000010010000110000000
398.111  28 0000100001000000001110000000
420.056  28 0000000000000000011100010000
