0 22 10000000000000000001010000000
0 20 10000000000000000001010000000
0 17 10000000000000000001010000000
0.0585938 7 00000000100000000001000001000
0 20 10000000000000000011010000000
0 20 10000000000000000001010000000
0.0585938 11 00000000100000000001000001000
0.0585938 7 00000000100000000001000001000
0.0585938 9 00000000100000000011000001000
0 5 10000000000000000001010000000
0 16 10000000000000000001010000000
0.0585938 10 00000000100000000001000010000
0.0585938 9 00000000100000000000000001000
0 21 10000000000000000001010000000
0.0585938 11 00000000100000000000000001000
0 19 10000000000000000001010000000
0 16 10000000000000000001010000000
0 13 10000000000000000001010000000
0 25 10000000000000000001010000000
0.0585938 11 00000000000000000110000001000
0 16 10000000000000000011010000000
0 18 10000000000000000001010000000
0 2 10000000000000000011010000000
0 14 10000000000000000001010000000
0 15 10000000000000000011010000000
0 16 10000000000000000001010000000
0.0585938 10 00000000000000000110000001000
0 15 10000000000000000001010000000
0 21 10000000000000000001010000000
0 14 10000000000000000001010000000
0 20 10000000000000000001010000000
0.0585938 13 00000000100000000010000001000
0 16 10000000000000000001010000000
0 23 10000000000000000001010000000
0 19 10000000000000000001010000000
0.0585938 12 00000000000000000100000001000
0.0585938 9 00000000100000000001000001000
0 17 10000000000000000001010000000
0 16 10000000000000000001010000000
0 15 10000000000000000001010000000
0.0585938 8 00000000100000000000000001000
0 13 10000000000000000001010000000
0 19 10000000000000000001010000000
0 23 10000000000000000001010000000
0 18 10000000000000000001010000000
0 19 10000000000000000001010000000
0 16 10000000000000000011010000000
0.0585938 10 00000000100000000000000001000
0 13 10000000000000000001010000000
0 17 10000000000000000001010000000
0 15 10000000000000000001010000000
0 17 10000000000000000001010000000
0 16 10000000000000000011010000000
0 15 10000000000000000011010000000
0 16 10000000000000000011010000000
0 17 10000000000000000001010000000
0 20 10000000000000000011010000000
0.0585938 9 00000000000000000110000001000
0 22 10000000000000000001010000000
0 20 10000000000000000001010000000
0 19 10000000000000000001010000000
0.00390625 2 10000000000000000001000010000
0 12 10000000000000000001010000000
0 15 10000000000000000011010000000
0 14 10000000000000000001010000000
0 12 10000000000000000011010000000
0 19 10000000000000000001010000000
0 12 10000000000000000011010000000
0.0585938 15 00000000100000000010000001000
0 18 10000000000000000001010000000
0.0585938 9 00000000100000000000000001000
0 23 10000000000000000001010000000
0 20 10000000000000000001010000000
0.0585938 14 00000000000000000101000001000
0 22 10000000000000000001010000000
0.0585938 6 00000000000000000110000001000
0 19 10000000000000000001010000000
0 10 10000000000000000001010000000
0 3 10000000000000000001010000000
0 2 10000000000000000001010000000
0 15 10000000000000000001010000000
0.0585938 13 00000000100000000000000001000
0.0585938 10 00000000000000000100000001000
0 18 10000000000000000001010000000
0 14 10000000000000000001010000000
0.0585938 11 00000000000000000101000001000
0.0585938 11 00000000000000000100000001000
0.0585938 9 00000000100000000000000001000
0.0585938 11 00000000100000000001000001000
0 11 10000000000000000011010000000
0 16 10000000000000000001010000000
0 9 10000000000000000001010000000
0.0585938 9 00000000100000000001000010000
0.0585938 14 00000000100000000000000001000
0 12 10000000000000000001010000000
0 17 10000000000000000011010000000
0 17 10000000000000000001010000000
0 18 10000000000000000001010000000
0.0585938 8 00000000100000000001000001000
0 11 10000000000000000001010000000
