0.0214844 20 01001000100100100101000001000
0.0078125 17 01000000100000000001000000100
0.0078125 16 00001000100000000001000000100
0.0078125 9 01000000100000000001000000001
0.0078125 16 00001000100000000001000000001
0.0214844 16 01001000100100100101000001000
0.0078125 9 01000000100000000001000000100
0.0078125 9 00001000100000000001000000001
0.0078125 13 00001000100000000001000000100
0.0214844 22 01001000100100100101000001000
0.0273438 9 00000000000000011011001000000
0.0214844 18 01001000100100100101000001000
0.0078125 12 00001000100000000001000000100
0.0214844 24 01001000100100100101000001000
0.0078125 9 00001000100000000001000000100
0.0078125 10 01000000100000000001000000001
0.0214844 24 01001000100100100101000001000
0.0214844 16 01001000100100100101000001000
0.0214844 15 01001000100100100101000001000
0.0273438 9 00000000000000011010001000000
0.0078125 10 00001000100000000001000000001
0.0195312 13 00001001010000100001000000100
0.0078125 11 00001000100000000001000000100
0.0214844 24 01001000100100100101000001000
0.0214844 20 01001000100100100101000001000
0.0214844 22 01001000100100100101000001000
0.0078125 10 01000000100000000001000000100
0.0078125 10 00001000100000000001000000100
0.0078125 12 00001000100000000001000000001
0.0273438 16 00000000000000011010010000000
0.0078125 14 00001000100000000001000000001
0.0214844 16 01001000100100100101000001000
0.0214844 18 01001000100100100101000001000
0.0214844 26 01001000100100100101000001000
0.015625 21 00000000100000000110100000000
0.0078125 13 01000000100000000001000000001
0.0078125 5 01000000100000000001000000001
0.0214844 24 01001000100100100101000001000
0.0214844 21 01001000100100100101000001000
0.0214844 23 01001000100100100101000001000
0.015625 20 00000000100000000110100000000
0.0273438 13 00000000000000011010001000000
0.0214844 25 01001000100100100101000001000
0.0078125 10 00001000100000000001000000100
0.0214844 16 01001000100100100101000001000
0.0078125 9 00001000100000000001000000100
0.0078125 7 00001000100000000001000000001
0.0078125 10 01000000100000000001000000100
0.0214844 23 01001000100100100101000001000
0.0273438 12 00000000000000011010010000000
0.0078125 13 01000000100000000001000000100
0.0273438 16 00000000000000011011001000000
0.0078125 12 00001000100000000001000000001
0.0273438 14 00000000000000011011001000000
0.0273438 11 00000000000000011010001000000
0.0214844 25 01001000100100100101000001000
0.015625 24 00000000100000000110100000000
0.0214844 15 01001000100100100101000001000
0.0214844 20 01001000100100100101000001000
0.0214844 24 01001000100100100101000001000
0.0273438 14 00000000000000011011010000000
0.0214844 21 01001000100100100101000001000
0.0214844 23 01001000100100100101000001000
0.0273438 7 00000000000000011010001000000
0.0078125 11 00001000100000000001000000100
0.0214844 24 01001000100100100101000001000
0.0078125 12 01000000100000000001000000100
0.0214844 20 01001000100100100101000001000
0.0078125 11 01000000100000000001000000100
0.0273438 8 00000000000000011010001000000
0.0214844 21 01001000100100100101000001000
0.0214844 28 01001000100100100101000001000
0.0078125 10 01000000100000000001000000001
0.0214844 26 01001000100100100101000001000
0.0214844 22 01001000100100100101000001000
0.0214844 17 01001000100100100101000001000
0.0214844 21 01001000100100100101000001000
0.0214844 27 01001000100100100101000001000
0.0214844 22 01001000100100100101000001000
0.0078125 12 01000000100000000001000000100
0.0078125 8 00001000100000000001000000001
0.0078125 4 00001000100000000001000000001
0.0273438 11 00000000000000011011001000000
0.0078125 11 00001000100000000001000000001
0.0214844 22 01001000100100100101000001000
0.0214844 21 01001000100100100101000001000
0.0214844 25 01001000100100100101000001000
0.0214844 21 01001000100100100101000001000
0.015625 18 00000000100000000110100000000
0.0214844 24 01001000100100100101000001000
0.0214844 20 01001000100100100101000001000
0.0078125 21 01000000100000000001000000100
0.0214844 16 01001000100100100101000001000
0.0214844 18 01001000100100100101000001000
0.0214844 22 01001000100100100101000001000
0.0078125 15 01000000100000000001000000100
0.015625 18 00000000100000000110100000000
0.0195312 14 01000001010000100001000000100
0.0078125 11 01000000100000000001000000100
0.0078125 10 01000000100000000001000000001
