0.0448 24 00100010000011000001000001000
0.0096 16 00000000000010000011100000000
0.0096 19 00000000000010000001100000000
0.0096 12 00000000000010000001100000000
0.0448 22 00100010000011000001000001000
0.0096 4 00000000000010000011100000000
0.0448 21 00100010000011000001000001000
0.0096 13 00000000000010000001100000000
0.0096 14 00000000000010000001100000000
0.0096 19 00000000000010000011100000000
0.0448 22 00100010000011000001000001000
0.0096 17 00000000000010000001100000000
0.0448 21 00100010000011000001000001000
0.0096 16 00000000000010000001100000000
0.0096 15 00000000000010000011100000000
0.0448 19 00100010000011000001000001000
0.0096 11 00000000000010000001100000000
0.0448 20 00100010000011000001000001000
0.0096 15 00000000000010000001100000000
0.0096 10 00000000000010000001100000000
0.0096 13 00000000000010000001100000000
0.0096 12 00000000000010000001100000000
0.0096 17 00000000000010000001100000000
0.0448 23 00100010000011000001000001000
0.0448 22 00100010000011000001000001000
0.0096 16 00000000000010000011100000000
0.0096 13 00000000000010000001100000000
0.0096 15 00000000000010000011100000000
0.0096 18 00000000000010000001100000000
0.0096 12 00000000000010000011100000000
0.0448 22 00100010000011000001000001000
0.0096 21 00000000000010000001100000000
0.0096 15 00000000000010000011100000000
0.0096 14 00000000000010000001100000000
0.0096 12 00000000000010000001100000000
0.0416 1 10100000000000000011000001000
0.0096 16 00000000000010000011100000000
0.0096 18 00000000000010000011100000000
0.0448 19 00100010000011000001000001000
0.0096 13 00000000000010000001100000000
0.0096 13 00000000000010000001100000000
0.0096 14 00000000000010000001100000000
0.0096 9 00000000000010000001100000000
0.0096 16 00000000000010000011100000000
0.0096 16 00000000000010000011100000000
0.0096 13 00000000000010000001100000000
0.0448 23 00100010000011000001000001000
0.0096 18 00000000000010000011100000000
0.0096 20 00000000000010000001100000000
0.0096 16 00000000000010000011100000000
0.0096 18 00000000000010000001100000000
0.0096 13 00000000000010000001100000000
0.0096 16 00000000000010000001100000000
0.0096 22 00000000000010000001100000000
0.0448 16 00100010000011000001000001000
0.0096 17 00000000000010000001100000000
0.0096 18 00000000000010000001100000000
0.0096 14 00000000000010000011100000000
0.0096 14 00000000000010000011100000000
0.0096 12 00000000000010000001100000000
0.0096 19 00000000000010000001100000000
0.0096 18 00000000000010000011100000000
0.0096 14 00000000000010000001100000000
0.0096 21 00000000000010000011100000000
0.0096 20 00000000000010000011100000000
0.0448 15 00100010000011000001000001000
0.0448 21 00100010000011000001000001000
0.0096 14 00000000000010000001100000000
0.0096 13 00000000000010000011100000000
0.0448 17 00100010000011000001000001000
0.0096 12 00000000000010000011100000000
0.0096 18 00000000000010000011100000000
0.0448 26 00100010000011000001000001000
0.0096 19 00000000000010000001100000000
0.0096 2 00000000000010000001100000000
0.0096 17 00000000000010000011100000000
0.0448 26 00100010000011000001000001000
0.0096 16 00000000000010000011100000000
0.0096 15 00000000000010000001100000000
0.0096 14 00000000000010000011100000000
0.0448 22 00100010000011000001000001000
0.0096 12 00000000000010000011100000000
0.0096 12 00000000000010000011100000000
0.0096 4 00000000000010000011100000000
0.0096 16 00000000000010000001100000000
0.0096 15 00000000000010000001100000000
0.0096 12 00000000000010000011100000000
0.0096 10 00000000000010000001100000000
0.0096 12 00000000000010000001100000000
0.0096 13 00000000000010000001100000000
0.0096 17 00000000000010000001100000000
0.0096 14 00000000000010000001100000000
0.0448 26 00100010000011000001000001000
0.0448 20 00100010000011000001000001000
0.0096 6 00000000000010000001100000000
0.0096 17 00000000000010000011100000000
0.0096 15 00000000000010000011100000000
0.0096 16 00000000000010000011100000000
0.0448 23 00100010000011000001000001000
0.0448 23 00100010000011000001000001000
