0.0592 13 00000000001000000010000000010
0.0592 11 00000000001000000000000000100
0.0592 14 00000000001000000010000000100
0.0592 15 00000000001000000000000000010
0.0592 12 00000000001000000010000000010
0.0544 19 00110001000100000001000001000
0.0528 16 00000001000100001001000001000
0.0592 12 00000000001000000010000000010
0.0592 12 00000000001000000010000000100
0.0592 8 00000000001000000000000000010
0.0592 11 00000000001000000000000000010
0.0592 14 00000000001000000010000000100
0.0592 13 00000000001000000000000000100
0.0592 16 00000000001000000010000000100
0.0592 11 00000000001000000000000000010
0.0592 11 00000000001000000000000000010
0.0592 17 00000000001000000010000000100
0.0592 15 00000000001000000000000000100
0.0592 14 00000000001000000010000000010
0.0592 15 00000000001000000010000000100
0.0592 11 00000000001000000010000000100
0.0592 13 00000000001000000010000000010
0.0592 9 00000000001000000000000000010
0.0592 11 00000000001000000010000000100
0.0528 15 00000001000100001001000001000
0.0592 13 00000000001000000010000000010
0.0592 10 00000000001000000000000000010
0.0592 9 00000000001000000010000000100
0.0592 15 00000000001000000000000000010
0.0528 23 00000001000100001001000001000
0.0528 19 00000001000100010001000001000
0.0592 13 00000000001000000000000000100
0.0592 11 00000000001000000010000000010
0.0592 13 00000000001000000000000000010
0.0592 12 00000000001000000000000000010
0.0592 13 00000000001000000010000000100
0.0592 13 00000000001000000000000000010
0.0592 12 00000000001000000000000000100
0.0592 10 00000000001000000010000000100
0.0592 14 00000000001000000000000000010
0.0592 11 00000000001000000000000000010
0.0592 13 00000000001000000010000000010
0.0592 11 00000000001000000010000000010
0.0592 11 00000000001000000010000000010
0.0592 18 00000000001000000010000000100
0.0592 11 00000000001000000010000000010
0.0592 12 00000000001000000000000000100
0.0592 16 00000000001000000010000000010
0.0592 11 00000000001000000010000000100
0.0592 13 00000000001000000000000000010
0.0592 13 00000000001000000000000000100
0.0592 12 00000000001000000000000000010
0.0592 10 00000000001000000000000000010
0.0528 21 00000001000100001001000001000
0.0592 13 00000000001000000000000000100
0 11 00000000000100000000100000000
0.0592 14 00000000001000000000000000010
0 9 00000000000100000010100000000
0.0528 14 00000001000100001001000001000
0.0592 12 00000000001000000000000000010
0.0592 12 00000000001000000000000000010
0.0592 8 00000000001000000000000000010
0.0592 10 00000000001000000010000000100
0.0592 14 00000000001000000010000000100
0.0592 17 00000000001000000010000000010
0.0592 11 00000000001000000000000000010
0.0528 14 00000001000100001001000001000
0.0592 15 00000000001000000000000000100
0.0592 15 00000000001000000010000000010
0.0592 13 00000000001000000000000000010
0.0592 11 00000000001000000010000000010
0.0592 11 00000000001000000010000000010
0.0592 9 00000000001000000000000000010
0.0592 9 00000000001000000010000000010
0.0592 16 00000000001000000010000000100
0.0592 13 00000000001000000000000000010
0.0592 13 00000000001000000010000000100
0.0592 10 00000000001000000000000000010
0.0592 15 00000000001000000010000000100
0.0592 13 00000000001000000010000000010
0.0528 16 00000001000100010001000001000
0.0592 12 00000000001000000000000000100
0.0592 10 00000000001000000000000000010
0.0528 21 00000001000100001001000001000
0.0592 13 00000000001000000000000000100
0.0592 13 00000000001000000010000000100
0.0592 12 00000000001000000010000000100
0.0592 14 00000000001000000010000000010
0.0592 10 00000000001000000010000000100
0.0592 15 00000000001000000000000000100
0.0592 12 00000000001000000000000000010
0.0592 11 00000000001000000000000000100
0.0592 16 00000000001000000000000000010
0.0528 28 00000001000100001001000001000
0 12 00000000000100000010100000000
0.0592 13 00000000001000000010000000010
0.0592 11 00000000001000000000000000010
0.0592 12 00000000001000000010000000010
0.0592 10 00000000001000000010000000010
0.0592 10 00000000001000000000000000010
