0 16 10000000000000000001001000000
0 16 10000000000000000001001000000
0 17 10000000000000000001001000000
0.0449219 6 00000000010000000010000100000
0 20 10000000000000000011001000000
0 15 10000000000000000001001000000
0 12 10000000000000000001001000000
0 15 10000000000000000011001000000
0 18 10000000000000000001001000000
0 13 10000000000000000001001000000
0 20 10000000000000000001001000000
0.0449219 16 00001000000100010011000001000
0.0449219 6 00000000001000000000000000001
0 18 10000000000000000001001000000
0 12 10000000000000000011001000000
0 16 10000000000000000001001000000
0 11 10000000000000000001001000000
0 20 10000000000000000011001000000
0.0390625 15 00100100000100001011000100000
0.0449219 5 00000000001000000000100000000
0 16 10000000000000000001001000000
0 20 10000000000000000001001000000
0 20 10000000000000000001001000000
0 14 10000000000000000001001000000
0 4 10000001000000000001001000000
0 19 10000000000000000001001000000
0 19 10000000000000000001001000000
0 15 10000000000000000001001000000
0 15 10000000000000000001001000000
0 16 10000000000000000001001000000
0 22 10000000000000000001001000000
0 24 10000000000000000001001000000
0.0449219 5 01001000000100000111000100000
0 22 10000000000000000001001000000
0.0449219 7 00000000001000000010000000001
0 17 10000000000000000001001000000
0.0449219 6 00000000001000000011000000001
0.0449219 20 00001000000100010011000001000
0 15 10000000000000000001001000000
0.0449219 6 00000001000000000001100000000
0 20 10000000000000000001001000000
0 17 10000000000000000001001000000
0.0449219 6 00000000001000000000000100000
0 16 10000000000000000001001000000
0 16 10000000000000000001001000000
0 16 10000000000000000001001000000
0 19 10000000000000000001001000000
0 18 10000000000000000001001000000
0 21 10000000000000000001001000000
0 11 10000000000000000001001000000
0 18 10000000000000000001001000000
0 18 10000000000000000001001000000
0 21 10000000000000000001001000000
0 16 10000000000000000001001000000
0 23 10000000000000000001001000000
0 19 10000000000000000001001000000
0 20 10000000000000000001001000000
0.0449219 6 00000000001000000010000000001
0 19 10000000000000000001001000000
0 21 10000000000000000011001000000
0 22 10000000000000000001001000000
0.0449219 8 00000000010000000001100000000
0 11 10000000000000000001001000000
0.0449219 6 00000000001000000011000100000
0 17 10000000000000000001001000000
0 14 10000000000000000001001000000
0 17 10000000000000000001001000000
0 14 10000000000000000001001000000
0 18 10000000000000000011001000000
0 20 10000000000000000001001000000
0 18 10000000000000000001001000000
0 16 10000000000000000001001000000
0 17 10000000000000000001001000000
0.0449219 7 00000001000000000001000000001
0 19 10000000000000000001001000000
0 18 10000000000000000001001000000
0 21 10000000000000000001001000000
0 25 10000000000000000001001000000
0.0390625 9 00100100000100001011000100000
0.0429688 10 00000000000100101011000100000
0.0390625 4 00100100000100001011000100000
0 16 10000000000000000001001000000
0.0449219 9 00000000001000000000100000000
0 22 10000000000000000001001000000
0 24 10000000000000000001001000000
0.0449219 5 00000000010000000011000000001
0 23 10000000000000000001001000000
0.0449219 4 00000000001000000000000000001
0 16 10000000000000000001001000000
0 18 10000000000000000011001000000
0 18 10000000000000000001001000000
0.0449219 1 00100000000100100011000100000
0 23 10000000000000000001001000000
0 2 10000000010000000001001000000
0 20 10000000000000000001001000000
0 19 10000000000000000011001000000
0 18 10000000000000000001001000000
0.0449219 18 00001000000100010011000001000
0.0449219 5 00000001000000000000000000001
0 15 10000000000000000011001000000
