0 13 01000000000000000000100000000
0 17 00001000000000000010100000000
0 11 00001000000000000010100000000
0 13 01000000000000000010100000000
0 16 01000000000000000010100000000
0 16 01000000000000000000100000000
0 14 00001000000000000010100000000
0 9 00001000000000000010100000000
0 13 01000000000000000000100000000
0 12 01000000000000000010100000000
0 13 01000000000000000000100000000
0 18 00001000000000000010100000000
0 15 01000000000000000000100000000
0 12 01000000000000000000100000000
0 12 01000000000000000010100000000
0 18 00001000000000000010100000000
0 13 00001000000000000000100000000
0 15 00001000000000000010100000000
0 14 01000000000000000010100000000
0 8 00001000000000000000100000000
0 13 01000000000000000010100000000
0 16 01000000000000000010100000000
0 15 01000000000000000010100000000
0 10 01000000000000000000100000000
0 15 01000000000000000010100000000
0 16 00001000000000000010100000000
0 13 01000000000000000010100000000
0 12 01000000000000000010100000000
0 12 01000000000000000010100000000
0 25 00001000000000000010100000000
0 16 00001000000000000010100000000
0 11 01000000000000000000100000000
0 19 00001000000000000010100000000
0 17 01000000000000000010100000000
0 15 00001000000000000000100000000
0 13 00001000000000000000100000000
0 12 00001000000000000000100000000
0 19 00001000000000000000100000000
0 22 00001000000000000010100000000
0 18 01000000000000000010100000000
0 10 00001000000000000010100000000
0 13 01000000000000000010100000000
0 13 00001000000000000000100000000
0 16 01000000000000000010100000000
0 17 01000000000000000010100000000
0 17 00001000000000000010100000000
0 18 01000000000000000000100000000
0 12 00001000000000000010100000000
0 12 01000000000000000010100000000
0 14 00001000000000000000100000000
0 13 00001000000000000010100000000
0 19 00001000000000000010100000000
0 15 01000000000000000010100000000
0 18 01000000000000000010100000000
0 15 01000000000000000000100000000
0 16 00001000000000000000100000000
0 11 01000000000000000010100000000
0 15 01000000000000000000100000000
0 13 01000000000000000010100000000
0 9 01000000000000000000100000000
0 15 00001000000000000000100000000
0 12 00001000000000000010100000000
0 1 01000000000000000010100000000
0 15 00001000000000000010100000000
0 15 00001000000000000010100000000
0 9 00001000000000000010100000000
0 14 01000000000000000000100000000
0 17 01000000000000000010100000000
0 11 01000000000000000010100000000
0 15 01000000000000000010100000000
0 16 00001000000000000000100000000
0 13 00001000000000000010100000000
0 14 01000000000000000010100000000
0 12 00001000000000000010100000000
0 15 01000000000000000010100000000
0 15 00001000000000000010100000000
0 11 01000000000000000000100000000
0 12 00001000000000000010100000000
0 17 00001000000000000000100000000
0 12 00001000000000000000100000000
0 15 00001000000000000010100000000
0 14 00001000000000000000100000000
0 22 00001000000000000010100000000
0 14 01000000000000000010100000000
0 15 00001000000000000000100000000
0 8 00001000000000000000100000000
0 13 01000000000000000000100000000
0 8 01000000000000000000100000000
0 17 01000000000000000010100000000
0 11 00001000000000000010100000000
0 21 01000000000000000000100000000
0 17 00001000000000000010100000000
0 16 01000000000000000000100000000
0 13 01000000000000000010100000000
0 16 00001000000000000000100000000
0 16 01000000000000000000100000000
0 16 01000000000000000010100000000
0 18 01000000000000000010100000000
0 14 01000000000000000010100000000
0 18 00001000000000000010100000000
