0.0605469 5 10000000100000010111000010000
0 19 10000000000000000001000100000
0.0605469 4 10000000100000010111000010000
0 19 10000000000000000011000100000
0 17 10000000000000000001000100000
0.0605469 14 10000000100000010111000010000
0 3 10000000000000000011000100000
0 12 10000000000000000011000100000
0 12 10000000000000000001000100000
0 16 10000000000000000001000100000
0.0605469 16 10000000100000010111000010000
0 11 10000000000000000011000100000
0 18 10000000000000000001000100000
0.0820312 27 10000000000000001101000010000
0 18 10000000000000000001000100000
0 16 10000000000000000011000100000
0.0820312 19 10000000000000001101000010000
0 11 10000000000000000001000100000
0.0820312 17 10000000000000001101000010000
0 23 10000000000000000001000100000
0 15 10000000000000000001000100000
0 16 10000000000000000001000100000
0 16 10000000000000000001000100000
0 19 10000000000000000001000100000
0 18 10000000000000000001000100000
0 15 10000000000000000001000100000
0.0820312 24 10000000000000001101000010000
0 19 10000000000000000001000100000
0 22 10000000000000000001000100000
0 19 10000000000000000001000100000
0.0820312 33 10000000000000010101000010000
0 20 10000000000000000001000100000
0.0820312 22 10000000000000111001000010000
0 11 10000000000000000001000100000
0.0605469 20 10000000100000010111000010000
0 14 10000000000000000011000100000
0 1 10000000000000000011000100000
0 15 10000000000000000001000100000
0 17 10000000000000000001000100000
0.0820312 25 10000000000000001101000010000
0 13 10000000000000000011000100000
0.0820312 6 10010010000000110001000010000
0 18 10000000000000000011000100000
0.0605469 24 10000000100000010111000010000
0 24 10000000000000000001000100000
0.0820312 3 10000000000000010101000010000
0 16 10000000000000000011000100000
0 15 10000000000000000011000100000
0 22 10000000000000000001000100000
0.0820312 15 10000000000000001101000010000
0 14 10000000000000000001000100000
0.0820312 26 10000000000000001101000010000
0.0820312 20 10000110000000000101000010000
0 16 10000000000000000001000100000
0 12 10000000000000000001000100000
0 19 10000000000000000001000100000
0 16 10000000000000000001000100000
0.0820312 20 10000000000000111001000010000
0 19 10000000000000000001000100000
0 16 10000000000000000011000100000
0 16 10000000000000000001000100000
0 16 10000000000000000001000100000
0 2 10000000000000000001000100000
0 14 10000000000000000001000100000
0 11 10000000000000000011000100000
0 14 10000000000000000001000100000
0 19 10000000000000000001000100000
0 20 10000000000000000001000100000
0.0605469 12 10000000100000010111000010000
0 18 10000000000000000001000100000
0 2 10000001000000000001000100000
0 17 10000000000000000001000100000
0 18 10000000000000000001000100000
0 18 10000000000000000001000100000
0.0820312 15 10000000000000001101000010000
0 17 10000000000000000001000100000
0 17 10000000000000000001000100000
0.0820312 15 10000000000000001101000010000
0 17 10000000000000000001000100000
0.0820312 21 10000000000000001101000010000
0.0820312 8 10000000000000001101000010000
0 18 10000000000000000001000100000
0.0820312 16 10000110000000110001000010000
0 12 10000000000000000011000100000
0 17 10000000000000000001000100000
0 17 10000000000000000001000100000
0.0605469 14 10000000100000010111000010000
0 17 10000000000000000001000100000
0 16 10000000000000000001000100000
0 18 10000000000000000001000100000
0.0820312 23 10000000000000001101000010000
0 15 10000000000000000011000100000
0 16 10000000000000000001000100000
0 17 10000000000000000011000100000
0.0820312 19 10000000000000001101000010000
0.0820312 5 10000000000000010101000010000
0.00976562 1 11000000011000000001000100000
0 23 10000000000000000001000100000
0 16 10000000000000000001000100000
0 19 10000000000000000001000100000
