0 : 85 84 75 45 92 85 79 92 85 47 33 47 41 92 78 59 49 39 33 55 37 67 66 55 59 58 68 93 32 75 62 74 37 65 69 94 70 49 85 52 63 63 58 83 36 61 56 85 31 47 81 81 78 56 74 47 74 76 94 87 59 85 45 49 31 70 62 83 37 82 62 30 51 47 40 56 38 50 98 43 49 91 98 82 47 79 53 50 90 96 82 67 83 32 50 72 70 49 75 95 
0 : 41 71 96 100 49 45 75 40 93 49 93 91 53 79 94 87 55 89 33 90 72 34 64 60 97 56 44 86 98 62 42 56 51 48 40 65 41 74 43 74 37 58 31 76 41 34 38 48 32 57 46 71 94 53 95 84 82 52 32 64 41 61 86 52 44 42 66 31 77 79 87 46 50 33 46 56 64 52 96 47 49 49 69 74 60 85 93 95 96 52 77 87 98 84 87 74 35 51 58 91 
0 : 65 32 97 38 35 72 70 40 88 67 54 45 81 55 95 87 81 70 84 81 42 94 71 30 93 46 80 88 37 31 38 36 82 70 45 37 93 55 53 36 33 77 80 67 87 56 44 68 57 51 81 70 86 53 98 67 65 73 79 30 84 57 34 72 80 43 67 97 85 80 37 42 78 41 90 33 43 92 46 97 97 71 59 98 100 53 45 40 69 75 85 45 82 100 52 43 92 37 77 67 
0 : 40 34 42 49 53 62 32 79 56 50 75 77 48 68 31 80 82 68 32 37 93 69 97 79 60 43 46 80 86 46 96 50 42 87 50 78 71 96 42 50 66 51 44 97 91 94 81 98 58 42 36 78 65 63 42 36 44 80 63 83 94 87 52 72 82 62 44 90 70 30 30 85 35 79 89 99 43 71 48 42 40 68 62 97 57 71 46 85 43 33 47 69 99 57 97 54 100 41 60 90 
0 : 34 58 91 33 98 60 81 52 77 96 89 59 91 72 55 100 72 72 94 63 80 78 36 58 71 43 86 68 45 63 85 93 78 95 41 83 49 41 98 54 75 43 56 40 50 38 47 42 32 41 100 61 96 47 75 100 84 50 31 88 70 79 37 53 95 96 51 34 36 70 65 52 84 80 31 60 49 86 99 39 35 42 41 50 39 38 90 82 71 50 57 66 90 98 98 83 54 71 48 62 
0 : 86 95 87 84 67 43 41 49 67 93 41 45 71 41 48 52 31 65 58 71 81 67 37 83 62 99 100 68 35 71 79 71 100 57 34 60 43 67 98 36 91 43 98 66 78 76 68 86 95 47 56 92 76 99 85 51 78 30 30 48 88 99 43 76 65 36 85 96 91 59 86 83 97 60 69 41 81 44 56 95 98 65 76 98 53 64 76 41 86 59 36 51 31 92 88 69 47 81 66 73 
0 : 72 74 35 88 45 36 56 55 43 34 76 68 45 84 82 59 68 45 31 43 40 38 48 94 42 75 75 58 85 95 90 96 43 67 31 37 55 54 66 88 96 98 91 93 71 72 89 84 76 77 48 41 44 79 76 91 69 84 43 59 90 95 40 37 48 46 60 98 77 100 59 78 93 30 84 65 37 45 85 51 72 74 33 53 59 47 97 100 100 63 67 92 42 95 47 59 91 91 76 33 
0 : 45 80 35 30 74 31 98 68 77 76 94 34 52 96 44 84 80 32 59 58 68 82 85 89 86 30 95 34 37 76 67 73 78 85 38 30 83 41 54 54 90 47 39 79 62 93 81 54 95 74 35 81 75 68 70 70 64 37 79 95 61 49 94 80 57 91 86 95 34 82 83 80 46 72 86 88 89 55 38 37 53 56 57 80 95 93 41 72 45 33 75 53 76 32 78 95 38 48 77 57 
0 : 93 86 40 85 96 64 49 86 48 52 35 75 75 93 35 99 32 88 60 72 39 55 63 97 71 94 48 45 62 49 71 92 41 75 69 53 86 68 41 55 50 79 38 33 97 85 56 52 31 99 83 72 47 64 35 38 93 55 63 92 63 88 66 37 72 66 87 59 87 45 63 90 46 50 96 45 50 36 92 30 70 99 44 75 75 72 89 52 58 39 66 99 56 72 84 39 37 64 54 94 
0 : 40 45 61 100 30 45 48 67 95 53 59 80 31 83 37 71 56 83 59 75 35 89 63 51 51 93 41 91 52 43 74 34 58 41 84 80 75 84 39 31 71 85 89 41 50 51 97 62 53 32 53 64 40 94 64 71 94 74 52 74 56 47 89 36 35 86 63 91 77 86 50 53 46 69 43 66 100 76 44 68 37 96 54 94 69 69 54 41 54 71 59 86 43 49 68 50 88 61 44 54 
0 : 39 62 68 59 99 87 95 63 45 98 77 43 70 90 61 46 85 63 44 60 77 93 67 59 93 61 35 40 33 58 33 53 93 67 77 40 72 59 65 93 90 83 32 69 95 46 52 85 54 93 67 55 97 43 37 85 73 33 69 73 63 30 64 71 69 75 53 73 35 52 84 52 33 78 73 58 60 55 60 74 55 74 35 98 69 69 89 79 59 60 30 82 78 86 62 63 59 68 57 42 
0 : 72 50 32 59 32 36 32 35 49 89 55 59 68 44 54 71 43 38 73 46 60 47 99 35 76 76 44 82 94 50 76 34 41 47 49 78 66 64 53 79 88 67 38 80 37 71 98 96 59 78 58 42 50 40 49 53 83 74 67 65 55 60 68 79 91 43 51 30 88 87 49 59 34 89 50 66 67 96 89 92 100 65 90 44 91 91 64 64 51 57 37 67 35 52 62 86 73 75 83 82 
0 : 37 78 75 51 37 47 52 36 63 37 58 51 64 50 47 80 73 44 57 82 43 58 82 95 46 94 37 32 95 72 91 86 31 57 43 96 69 91 64 34 31 92 43 47 80 64 94 60 39 98 31 81 90 38 31 80 68 35 83 96 69 96 53 31 91 95 94 44 44 55 76 69 67 81 68 77 97 41 44 45 82 65 94 57 84 80 86 73 85 88 42 33 85 94 93 80 36 72 66 73 
0 : 55 90 51 48 46 52 59 52 41 51 79 50 83 60 77 43 77 54 42 51 74 67 59 71 63 77 54 37 51 73 85 86 85 76 54 86 91 93 42 32 54 33 60 56 98 89 39 41 94 64 83 83 36 81 61 68 71 57 59 55 94 54 66 91 88 69 69 42 78 74 88 71 57 57 32 60 38 100 31 89 34 80 81 81 60 39 69 35 72 50 57 65 64 83 57 35 59 96 38 35 
0 : 80 52 58 73 66 97 34 67 42 74 49 47 95 51 51 86 37 36 36 43 48 39 76 57 50 53 55 70 67 47 61 90 93 62 65 96 92 37 100 56 42 99 66 77 53 77 66 53 45 53 80 90 38 54 57 47 90 75 76 58 82 58 58 45 68 48 53 33 94 34 74 63 60 68 47 80 94 54 70 34 59 36 50 67 49 35 85 47 35 81 88 43 46 51 43 66 100 45 49 90 
0 : 93 59 80 44 30 70 62 64 71 57 47 63 35 67 87 66 84 98 59 90 36 48 95 55 88 88 34 32 86 86 63 34 59 51 76 48 68 48 50 95 52 75 52 33 92 46 81 97 97 64 95 71 76 59 82 47 87 92 91 47 53 94 36 46 69 73 63 49 68 73 65 51 37 77 48 56 94 71 97 61 68 69 75 65 71 80 99 78 78 40 67 36 49 81 42 53 37 53 85 66 
0 : 78 34 56 35 98 48 45 83 73 35 79 85 50 31 46 45 37 42 93 58 42 55 57 61 46 76 39 84 47 89 91 30 55 38 93 67 79 63 40 30 61 35 60 31 84 60 97 64 58 68 96 68 32 74 37 79 30 95 85 43 74 65 94 87 77 77 69 73 94 40 40 37 46 62 64 81 73 74 51 35 99 82 59 85 96 99 71 87 56 78 61 62 36 38 31 45 99 100 90 62 
0 : 73 42 46 39 80 71 91 79 78 85 94 77 82 82 89 34 48 83 35 48 73 31 67 32 53 52 83 51 71 69 38 45 62 39 68 81 87 54 73 84 76 33 86 47 84 43 69 74 78 72 41 55 75 71 42 96 54 91 30 100 33 70 86 77 38 100 52 30 94 71 52 67 46 52 57 31 39 98 64 87 80 98 82 46 80 78 61 82 74 68 50 90 55 97 62 63 53 74 34 38 
0 : 100 76 92 72 56 86 79 39 80 44 99 78 60 98 49 66 84 34 54 30 96 96 65 37 70 89 50 77 100 71 98 83 42 36 63 65 100 56 83 83 100 94 85 33 87 71 50 56 38 51 64 60 54 85 52 82 30 32 88 72 67 35 81 90 92 40 51 72 39 34 31 56 60 31 68 97 54 69 81 69 73 91 66 94 82 58 57 83 85 83 59 72 58 64 61 76 82 49 100 80 
0 : 56 68 91 47 66 54 49 93 63 34 63 46 72 94 74 100 41 99 65 97 39 85 89 41 88 43 42 90 51 33 99 44 85 48 49 60 71 91 97 44 33 46 74 58 80 67 41 85 73 90 63 36 74 42 33 74 89 75 92 51 32 69 71 54 40 35 55 87 32 92 42 39 70 83 78 79 56 61 86 100 86 75 70 30 32 33 77 96 84 62 49 32 52 41 90 54 70 60 48 31 
0 : 67 92 74 87 81 31 33 81 41 98 65 40 98 64 40 53 70 31 87 33 63 78 61 78 62 100 76 45 59 47 67 44 91 80 83 55 30 44 64 83 76 56 82 35 96 74 80 58 97 39 82 85 41 95 31 63 32 80 99 48 98 82 75 95 41 38 100 48 91 62 69 96 71 72 72 89 39 97 89 83 40 43 85 66 77 37 90 46 86 85 66 38 98 38 63 41 35 94 49 65 
0 : 68 47 97 94 96 89 82 47 73 70 79 44 84 55 43 75 44 72 53 37 82 44 32 44 80 46 92 33 99 56 47 47 99 59 86 30 88 77 80 63 89 49 62 35 56 58 89 34 94 40 74 89 43 100 85 100 52 87 85 89 54 98 81 89 99 97 43 37 44 96 30 39 81 84 42 52 62 98 65 98 39 99 56 35 76 34 93 88 33 94 87 86 39 35 62 45 44 66 44 64 
0 : 75 43 73 88 89 70 77 55 33 59 83 64 79 37 90 39 47 73 83 52 93 57 43 78 67 55 58 88 96 79 30 30 64 60 55 79 62 59 48 90 58 72 93 76 44 49 85 94 67 76 64 52 89 34 80 51 44 63 78 54 87 61 75 95 54 51 52 45 94 43 91 39 30 63 94 59 60 80 69 60 87 75 91 92 74 73 40 37 44 31 45 69 69 45 78 94 36 79 78 35 
0 : 55 57 93 45 38 84 39 75 34 65 54 91 99 65 60 52 100 42 55 80 78 41 59 89 69 54 93 56 30 72 65 82 83 79 82 35 91 82 45 90 89 84 73 34 52 42 41 97 83 50 93 97 93 81 54 38 89 38 79 52 76 88 95 80 70 100 83 38 96 99 66 74 94 79 44 65 72 57 35 39 46 90 94 43 96 49 47 76 31 77 68 62 88 38 78 92 99 59 31 56 
0 : 75 58 60 56 66 71 71 30 100 90 92 73 35 100 85 41 31 34 45 89 30 45 47 32 56 86 53 96 74 100 41 100 54 92 81 98 66 78 32 41 40 85 85 36 51 41 92 99 93 95 56 65 83 44 58 61 36 40 41 46 51 73 97 79 95 39 82 90 31 96 72 82 57 89 60 49 59 58 32 98 58 92 40 89 63 99 47 96 63 90 35 61 50 77 42 100 34 30 62 82 
45 : 51 39 56 10 17 98 74 86 46 49 22 3 58 17 27 22 19 15 33 21 10 8 81 59 17 27 94 8 44 19 76 63 8 73 27 19 96 93 9 46 6 50 80 42 17 87 70 58 85 81 5 93 9 53 50 16 2 12 21 38 48 72 88 7 11 28 74 63 37 63 98 58 59 12 41 2 28 91 10 21 46 25 51 29 10 57 15 40 81 79 28 41 4 21 22 84 52 22 73 80 
43 : 100 11 80 17 37 7 32 66 96 27 19 81 45 29 21 29 62 8 51 22 75 67 84 66 45 32 20 76 4 98 92 76 70 70 81 54 37 34 17 1 55 16 33 3 23 94 39 45 99 1 73 7 99 45 23 12 28 57 85 15 61 1 59 28 76 18 63 37 15 86 12 27 20 89 34 77 22 43 65 79 21 50 18 56 23 19 3 19 40 29 69 64 20 86 8 55 21 15 26 48 
39 : 32 61 13 53 96 75 44 37 21 3 69 24 70 9 4 44 95 65 49 99 50 67 27 34 46 96 89 45 66 91 14 52 41 1 79 87 54 26 65 92 1 42 24 87 28 55 39 67 17 19 2 34 6 33 42 30 87 10 8 40 8 39 26 7 64 17 76 26 7 18 60 78 29 57 96 32 14 12 16 99 24 74 7 99 20 58 26 52 61 85 64 35 24 73 23 18 12 94 54 27 
45 : 59 34 78 25 86 26 17 4 78 92 57 60 26 25 67 43 43 23 70 1 66 21 43 83 35 42 19 84 16 53 2 63 1 32 92 2 5 14 5 45 47 34 12 40 2 8 16 32 60 23 38 5 76 91 23 68 45 62 31 61 22 85 3 12 7 18 85 9 17 11 43 65 81 12 23 15 43 26 47 43 98 17 12 98 7 76 37 1 55 15 56 3 26 9 28 40 86 75 76 31 
35 : 51 34 86 49 23 32 25 98 61 4 38 3 66 46 12 13 18 73 32 79 69 75 40 76 62 23 9 99 24 59 45 4 23 70 74 47 26 22 16 88 35 56 4 49 26 29 41 51 4 87 88 42 92 86 72 89 62 46 94 98 34 92 20 85 92 96 21 88 24 19 91 12 7 83 60 71 93 45 48 7 97 10 5 37 37 7 53 4 18 36 5 12 87 10 75 75 83 65 8 61 
43 : 29 46 17 28 36 22 61 9 20 1 41 62 4 58 78 46 65 29 10 53 1 10 39 70 29 77 26 14 52 47 66 84 14 41 19 86 8 46 18 18 86 48 63 66 2 21 48 64 54 92 11 76 26 33 97 15 58 1 38 53 21 17 3 3 94 90 5 51 39 38 22 26 89 20 55 23 56 11 18 71 78 89 96 75 20 22 24 73 72 70 31 8 93 70 54 76 96 4 23 99 
36 : 7 42 6 91 100 18 67 46 11 26 68 25 86 16 26 52 1 91 52 40 9 42 35 16 33 19 76 40 28 73 32 35 90 96 55 72 95 6 50 22 93 45 37 88 13 62 64 43 12 20 4 42 83 75 47 14 7 14 7 9 17 71 35 52 44 97 90 56 37 47 41 61 26 21 3 67 56 96 22 85 22 87 86 87 6 57 31 29 39 72 24 30 44 55 46 25 20 67 50 27 
37 : 29 52 28 96 34 85 74 12 88 89 14 75 31 76 31 41 35 79 18 1 12 79 92 33 52 85 73 46 6 1 8 17 34 58 31 69 8 36 11 62 99 54 54 95 21 13 82 9 87 79 28 10 22 17 16 10 69 46 91 58 52 23 56 19 1 17 56 84 13 64 22 1 21 92 44 36 11 83 72 98 47 79 50 4 13 1 98 89 79 73 77 46 84 16 36 61 75 12 37 29 
44 : 79 35 92 41 12 27 50 12 41 18 37 35 79 5 43 8 5 1 37 21 59 69 25 5 33 86 57 99 14 3 18 27 91 23 52 91 83 48 44 19 60 20 25 69 37 21 15 52 99 35 47 29 13 15 79 10 45 13 79 16 32 3 12 45 90 10 20 33 51 5 68 46 52 21 48 91 72 34 89 3 80 7 55 92 44 29 93 93 23 100 23 13 2 64 27 95 1 19 41 8 
37 : 25 42 59 85 7 27 36 16 40 55 24 17 6 83 28 68 25 32 1 30 4 74 86 45 75 82 34 25 45 74 52 50 13 69 94 47 14 21 63 80 11 17 63 93 51 44 11 31 63 42 96 59 16 46 89 83 48 10 12 5 65 93 33 73 22 68 31 89 69 90 13 63 1 66 6 53 71 24 91 61 3 34 6 98 51 1 3 41 14 30 76 20 15 13 77 23 76 53 79 20 
35 : 67 52 40 34 31 11 47 68 5 57 46 4 4 98 23 11 5 35 78 35 26 31 3 18 29 32 36 67 4 33 93 7 24 42 48 96 32 7 10 78 79 30 52 68 98 67 90 22 80 55 10 39 10 93 45 79 2 16 16 88 1 16 8 53 26 57 76 32 14 48 65 67 57 95 28 15 82 91 57 43 98 48 16 39 45 8 39 69 19 5 41 62 58 85 19 37 23 79 34 31 
51 : 59 15 14 8 25 51 34 21 19 31 51 30 66 23 80 14 3 89 96 9 47 16 45 24 77 24 3 27 59 51 1 28 19 29 69 19 14 35 13 68 25 13 17 17 60 13 11 28 33 39 8 53 100 22 98 6 27 8 31 89 42 49 41 76 2 97 99 3 85 26 49 7 23 66 76 16 71 54 79 17 94 68 25 26 26 52 29 86 25 24 83 80 3 25 57 2 53 71 6 68 
48 : 97 61 28 32 11 7 83 27 21 84 3 84 2 85 32 71 37 42 4 100 27 91 81 42 76 27 11 17 84 25 95 75 28 15 38 76 68 14 63 36 11 72 42 34 19 33 60 13 23 14 20 24 7 11 82 44 87 49 25 31 71 15 28 23 81 26 64 14 15 4 71 42 28 4 4 13 9 25 74 28 19 82 63 8 77 22 46 69 68 3 57 43 98 70 26 29 9 96 8 63 
32 : 2 10 18 27 58 92 21 50 73 25 19 23 82 41 60 86 32 87 4 79 2 12 79 37 32 85 20 82 57 6 31 24 90 73 77 20 77 46 67 77 77 62 75 20 89 47 25 80 79 13 83 28 28 16 53 12 40 76 49 81 39 70 57 65 44 69 76 72 33 71 93 93 22 84 92 86 97 14 90 79 23 64 9 23 72 44 18 98 34 38 16 5 34 34 87 66 28 43 59 22 
50 : 4 26 44 83 13 20 17 11 87 45 12 9 4 16 31 10 8 29 97 21 35 36 46 100 29 18 69 7 83 1 33 9 2 45 96 90 78 86 72 10 60 2 68 11 32 12 49 10 22 29 4 29 14 4 19 13 87 91 39 13 55 12 20 22 25 88 90 58 50 27 28 73 23 87 81 30 18 1 38 19 35 53 24 99 8 64 65 27 16 8 87 51 39 97 89 46 49 17 47 32 
43 : 41 66 51 81 23 32 82 18 9 13 34 75 92 19 45 31 30 39 94 22 22 75 46 59 1 45 12 78 18 17 59 27 22 43 11 63 78 15 71 24 92 95 96 24 11 16 75 78 16 17 47 29 76 26 21 89 59 22 4 11 6 76 15 30 51 89 41 88 15 6 24 75 22 77 37 22 15 89 86 6 30 52 95 53 21 21 78 80 34 18 23 98 86 85 10 62 17 34 36 16 
32 : 9 22 61 94 46 8 38 94 81 79 58 4 18 33 12 73 82 100 10 44 17 80 71 75 75 75 20 6 37 37 1 10 94 60 1 28 82 57 37 7 81 22 63 51 28 66 18 82 86 81 43 4 1 78 4 65 73 96 28 37 59 73 71 68 19 76 28 56 80 23 20 25 66 24 46 93 84 64 92 78 71 78 60 15 10 52 85 44 20 58 71 41 94 65 52 49 71 16 87 86 
38 : 73 73 6 19 31 62 2 72 68 38 79 37 100 44 78 80 64 71 23 10 90 58 20 27 21 75 69 19 22 7 46 97 16 88 87 47 46 22 19 57 70 37 87 20 4 76 88 23 31 9 53 19 54 28 72 3 29 68 4 49 11 31 58 33 61 21 90 44 30 48 29 27 61 25 65 14 45 63 77 14 4 8 26 94 42 80 11 58 13 70 60 2 82 35 80 50 16 21 65 83 
40 : 86 18 37 56 66 54 61 39 100 32 49 81 81 9 59 7 52 4 2 15 76 83 92 4 86 79 29 37 17 100 100 33 97 18 100 20 58 16 8 75 93 83 55 22 1 6 89 6 23 86 76 1 49 18 1 47 18 71 7 16 78 59 13 32 2 5 67 93 31 15 38 93 10 6 69 40 10 17 25 26 43 10 15 48 48 24 78 93 75 48 8 28 95 67 34 16 32 88 75 53 
34 : 48 72 39 30 61 39 73 63 12 55 49 1 23 14 30 40 23 21 8 98 69 2 28 26 35 20 66 26 26 12 75 53 16 30 59 95 48 12 73 92 30 87 53 5 5 14 35 53 97 5 80 93 96 81 11 69 55 95 28 17 92 79 70 25 98 41 21 76 27 70 40 20 17 65 96 33 58 12 27 54 70 82 36 73 88 84 21 51 51 98 14 93 46 86 28 49 18 37 42 93 
30 : 78 42 51 98 23 7 43 7 1 90 80 74 11 37 8 67 71 98 47 88 73 36 33 88 13 47 99 24 79 97 28 75 25 75 82 2 33 87 36 5 59 34 6 68 49 84 46 2 91 67 22 77 38 48 25 80 84 64 99 34 97 81 13 4 18 97 92 34 23 69 91 29 62 47 8 51 76 10 53 78 30 18 56 32 47 29 97 52 26 53 100 95 100 27 86 66 29 61 21 14 
43 : 4 2 13 29 71 13 25 50 19 43 88 13 11 60 59 8 86 39 53 26 86 84 77 95 85 87 11 88 11 91 65 69 66 56 74 82 23 49 10 92 2 28 62 9 85 58 33 10 83 79 51 93 2 11 51 18 14 1 45 22 97 36 69 70 93 39 24 13 19 54 76 15 21 39 64 21 6 23 10 77 9 20 12 30 97 14 93 59 51 68 1 24 55 3 86 10 5 87 95 34 
37 : 47 79 70 28 2 21 28 68 93 68 73 16 91 65 27 38 49 41 62 64 32 98 11 6 69 64 6 37 5 13 72 76 46 23 77 90 13 2 54 49 20 3 83 51 2 62 65 12 10 54 33 72 31 1 66 82 70 22 75 61 26 10 3 81 18 46 10 22 36 99 21 26 77 14 50 99 51 64 20 91 38 70 98 54 5 12 91 34 28 29 93 91 82 96 38 35 58 40 23 14 
44 : 40 45 59 67 22 6 33 8 23 100 6 15 26 16 13 3 56 59 74 37 81 32 97 29 69 20 11 46 35 9 25 66 97 2 13 46 99 76 78 71 50 91 31 56 19 57 35 26 21 9 75 21 18 14 68 77 6 30 12 58 15 3 47 20 61 21 56 79 11 86 23 62 73 61 28 8 18 42 4 90 17 2 76 4 28 83 53 95 12 82 88 45 94 72 1 72 24 73 100 6 
38 : 65 85 77 38 78 70 19 71 67 38 13 59 64 33 81 10 21 92 23 97 56 58 13 81 29 6 95 55 6 54 73 36 11 43 23 13 97 26 19 99 58 78 60 14 81 52 68 37 60 57 96 51 49 50 71 92 23 60 27 18 81 95 98 19 26 100 73 40 18 60 10 10 50 13 8 77 13 4 77 6 6 64 5 52 81 59 16 33 27 64 16 14 16 52 7 97 72 14 2 67 
33 : 19 69 32 3 60 18 6 94 8 91 99 60 35 53 85 71 59 80 60 25 52 40 69 62 4 71 80 78 80 65 11 92 91 10 20 21 34 28 33 11 20 47 35 80 23 22 57 89 96 40 68 4 31 17 9 95 15 46 26 62 12 94 96 64 71 74 73 68 31 88 6 85 61 7 10 69 84 48 8 21 48 58 18 100 93 75 29 48 88 57 92 47 92 72 18 6 70 96 7 20 
46 : 36 44 70 21 20 96 29 74 23 63 17 7 17 35 90 79 4 20 83 35 32 29 94 28 47 71 51 14 75 1 17 62 7 36 87 39 85 6 67 43 40 31 62 96 4 75 2 16 48 77 33 38 9 99 73 40 76 87 26 26 18 29 93 14 19 63 44 18 69 100 16 85 18 6 6 15 23 41 12 74 19 3 8 4 100 5 5 59 33 11 11 27 33 23 71 79 1 73 3 98 
30 : 10 67 44 78 4 1 39 96 18 69 86 20 29 31 77 25 52 2 45 49 95 17 5 26 51 21 35 72 20 61 37 94 86 77 52 80 31 18 32 16 89 68 72 36 99 91 56 73 62 47 96 59 41 79 3 6 57 76 27 81 17 61 97 40 34 76 11 44 8 68 40 34 26 4 86 75 51 11 13 14 53 15 85 75 29 86 96 90 94 52 43 32 76 18 75 75 9 79 42 36 
42 : 97 26 28 34 17 3 97 15 87 75 38 79 80 42 8 27 72 10 81 13 59 4 62 53 74 19 78 99 36 33 82 29 96 48 73 81 83 56 8 38 88 59 40 79 55 87 52 40 14 44 50 59 86 68 2 29 11 29 7 71 3 69 31 1 18 41 16 1 2 8 83 2 85 2 97 83 50 51 3 48 99 13 13 59 34 65 28 14 89 16 17 2 6 12 21 35 9 29 25 93 
35 : 14 77 52 49 22 28 1 39 48 31 78 76 79 33 83 75 98 8 25 56 20 64 100 89 67 34 31 38 87 18 7 1 55 48 58 10 25 11 26 39 75 86 3 100 69 86 1 61 37 22 79 90 62 100 84 37 43 95 55 21 86 84 1 79 9 51 100 11 53 16 27 72 87 86 24 92 2 44 86 33 66 27 10 4 59 51 95 30 64 16 67 6 65 13 51 31 16 28 7 21 
40 : 75 4 61 14 72 24 2 6 21 55 85 57 62 14 84 27 72 69 29 19 29 8 26 66 68 49 21 22 63 64 59 54 93 69 36 75 6 35 42 17 88 29 57 83 4 83 82 54 29 98 75 55 10 15 15 15 27 18 23 14 52 72 31 36 33 25 95 57 10 66 62 23 34 5 28 72 31 63 68 60 44 14 5 21 56 42 77 24 68 71 92 37 5 80 11 29 52 39 44 59 
34 : 94 82 75 5 61 23 47 4 14 4 84 46 71 15 70 59 47 15 80 17 64 36 69 16 76 21 16 98 43 28 77 81 60 99 16 35 10 9 64 82 98 57 14 46 50 30 89 95 39 2 100 12 97 2 57 13 77 1 4 29 98 29 16 26 22 100 99 64 70 74 4 26 74 12 96 47 90 100 100 34 54 22 24 16 66 48 94 38 39 42 18 53 68 57 97 88 64 40 56 82 
53 : 85 26 39 32 24 92 9 66 79 29 65 19 65 7 100 97 29 24 58 16 14 27 22 28 4 17 20 7 13 13 46 43 73 25 98 10 52 98 17 32 59 28 26 13 84 89 7 15 4 21 16 25 82 11 88 56 55 64 46 21 75 2 100 75 68 29 20 3 93 12 88 7 3 41 11 13 67 49 4 26 2 16 37 60 63 56 2 71 81 3 28 80 83 14 10 24 95 29 54 98 
40 : 7 56 5 46 60 48 57 32 23 46 72 64 54 31 20 50 63 10 38 100 7 76 17 2 50 32 67 14 2 85 57 80 75 70 36 6 28 19 9 20 25 87 19 92 25 27 15 36 24 90 1 1 64 50 84 59 6 79 51 53 50 6 11 39 96 80 32 27 64 15 9 84 92 57 65 87 92 27 26 75 27 12 65 23 23 65 60 2 98 25 83 73 14 2 64 59 45 79 29 84 
42 : 38 3 6 8 17 56 47 67 76 3 48 96 96 99 96 4 6 58 31 38 9 29 57 13 10 72 89 79 82 44 39 68 71 16 15 10 35 3 26 77 45 79 72 29 48 12 19 41 16 11 9 71 61 3 89 95 30 26 49 19 30 82 25 84 22 44 74 17 5 35 52 14 97 19 20 69 85 21 17 58 8 42 52 31 32 27 56 32 94 24 9 38 24 9 10 40 87 51 33 28 
40 : 86 46 91 74 94 59 94 16 7 96 29 12 28 56 42 15 7 1 32 22 59 64 38 7 93 5 70 81 27 24 93 13 36 79 41 27 17 93 80 41 89 1 40 5 8 41 3 50 96 14 35 87 46 75 29 28 91 63 50 30 34 98 55 23 25 97 11 50 2 27 99 99 63 22 12 70 94 8 48 61 41 87 3 36 27 9 44 20 8 4 45 40 99 30 17 35 64 25 16 73 
37 : 21 52 49 33 29 83 36 27 69 38 7 83 65 72 2 59 69 5 23 55 17 47 10 71 32 29 37 34 79 27 16 34 33 20 97 99 15 73 34 91 25 98 79 28 31 56 59 78 93 56 57 6 51 24 24 34 77 41 29 47 68 73 29 92 70 12 32 76 14 53 22 2 57 15 56 75 69 80 70 93 44 21 22 99 24 3 23 42 5 83 29 75 15 25 11 28 89 66 91 60 
42 : 68 68 96 64 6 68 25 52 65 30 5 22 9 51 98 56 9 31 82 28 28 39 63 60 12 24 70 87 61 22 28 27 11 2 15 63 86 21 46 80 26 24 95 8 76 13 17 96 34 77 78 35 11 95 88 72 27 11 11 98 47 35 33 66 19 28 38 93 25 23 26 62 60 93 52 7 17 24 5 23 92 71 61 84 95 35 68 41 25 22 99 37 38 95 18 4 17 72 90 20 
42 : 24 53 85 58 19 100 91 49 71 16 79 1 80 30 17 2 94 70 89 93 86 63 26 12 68 32 2 35 6 7 60 22 26 34 83 36 80 68 85 24 6 17 60 47 100 57 55 23 97 6 12 16 90 16 41 87 39 46 90 97 21 47 12 32 94 7 13 51 39 60 22 36 79 1 3 18 14 70 27 18 61 21 71 40 90 22 6 2 20 39 19 14 41 15 91 75 87 71 13 18 
27 : 66 56 66 4 87 40 26 93 52 13 67 95 73 73 82 51 16 11 62 83 41 84 61 88 46 78 33 30 98 6 71 77 68 47 86 80 66 37 51 68 64 15 72 7 6 84 16 59 93 24 14 76 16 57 58 52 50 6 12 79 5 73 39 29 86 95 25 21 97 17 100 4 53 42 56 86 88 38 14 90 46 48 81 72 71 24 44 47 64 95 98 11 71 49 84 18 7 86 54 23 
37 : 70 1 15 21 33 55 56 29 59 24 12 68 25 14 85 7 25 13 91 70 88 88 20 67 38 26 90 15 83 77 33 65 73 46 28 6 32 46 71 47 100 32 34 22 55 59 23 13 5 98 59 18 13 60 59 57 38 50 46 45 94 57 6 11 6 11 98 68 36 9 71 29 54 33 86 42 32 65 54 10 100 33 8 4 26 6 99 2 89 1 48 23 72 81 100 65 51 10 69 37 
44 : 66 77 97 30 23 26 34 18 28 15 9 49 1 96 54 52 21 20 17 67 6 36 2 27 65 78 10 83 22 78 90 51 79 91 67 24 64 75 81 22 65 61 70 65 66 39 68 45 3 7 33 3 42 64 14 18 82 14 59 54 72 18 4 13 56 86 4 21 33 23 65 13 26 70 60 13 51 7 19 6 66 97 1 36 11 11 60 39 10 68 22 6 91 11 8 26 90 69 42 71 
45 : 32 28 3 12 13 37 11 97 34 97 39 67 26 23 26 3 24 93 57 6 44 39 90 45 26 13 7 52 52 2 2 17 13 21 28 24 57 63 17 54 18 74 92 19 21 8 97 9 12 40 94 37 4 79 42 21 92 2 12 56 16 38 59 75 14 53 10 10 79 13 69 80 5 52 48 35 72 23 82 20 73 93 75 21 77 2 37 70 47 65 71 92 2 90 48 5 48 30 85 22 
25 : 99 11 20 17 83 34 88 92 51 37 35 52 88 79 65 6 1 33 94 1 82 98 52 91 90 36 60 33 64 78 92 82 22 75 83 98 94 25 44 86 37 94 48 26 66 44 63 51 5 87 32 59 80 64 57 21 3 69 53 35 81 92 67 2 14 22 33 18 51 27 45 11 17 64 57 72 79 2 21 66 55 32 48 85 73 69 47 98 37 83 85 6 59 34 26 90 13 59 88 20 
54 : 1 50 25 75 87 31 79 7 28 98 20 48 35 27 13 94 12 23 42 12 31 1 4 61 9 49 17 25 10 8 13 6 9 7 13 93 5 89 3 23 58 3 4 72 12 65 7 89 78 83 54 28 29 76 42 22 5 73 14 39 90 88 11 75 50 40 9 32 17 61 7 77 25 94 9 7 85 28 15 39 7 68 4 36 54 78 24 50 54 24 14 26 84 25 7 22 93 7 60 1 
36 : 19 10 95 98 50 43 94 84 28 94 71 25 71 18 40 48 48 22 37 56 50 20 50 33 51 9 47 59 21 1 16 84 94 88 78 21 53 76 7 100 24 24 79 67 21 7 59 7 2 6 1 26 84 71 92 24 63 32 20 20 50 69 83 77 46 22 76 5 92 32 94 76 35 82 56 98 27 60 78 78 41 79 99 14 24 12 43 20 75 52 11 30 34 26 25 96 33 58 32 20 
38 : 98 1 42 29 80 90 76 26 2 36 10 54 36 98 11 13 79 24 56 49 13 6 9 28 9 26 4 28 14 85 50 53 64 26 61 17 77 45 10 52 17 64 26 14 14 41 15 90 60 71 90 74 40 43 15 69 44 5 12 7 97 65 1 100 8 49 46 97 50 83 24 67 39 18 48 95 22 34 10 86 92 25 27 32 36 70 68 34 88 86 86 11 82 44 44 55 33 41 85 61 
47 : 6 96 43 97 3 25 74 28 2 100 96 40 9 4 48 5 41 14 13 1 17 79 40 50 24 61 12 52 100 67 75 18 48 40 49 56 26 6 9 94 3 16 14 3 84 22 87 8 2 7 73 32 77 2 12 45 98 12 94 68 64 90 15 65 18 99 22 2 54 22 4 52 29 53 9 64 79 10 18 26 1 2 91 70 27 55 13 96 17 51 12 87 16 95 63 56 56 57 52 35 
40 : 3 6 4 63 46 15 8 3 55 30 17 9 91 20 35 24 95 41 20 30 8 2 85 82 56 25 76 2 24 84 26 57 56 17 47 68 16 12 58 31 4 5 41 82 90 96 25 62 23 24 15 48 13 52 25 31 93 37 32 93 7 71 84 98 16 97 7 48 51 87 58 60 5 31 17 87 24 38 58 27 78 13 91 21 30 67 49 50 82 28 95 51 81 85 98 98 83 9 12 77 
44 : 27 55 51 9 87 87 15 70 28 4 17 5 13 75 89 29 100 91 54 18 58 72 34 59 9 34 15 16 1 60 32 85 11 72 27 97 11 21 62 79 30 16 53 97 28 5 1 35 18 25 18 35 26 84 1 26 11 99 99 83 50 5 82 20 40 55 74 20 40 44 31 15 24 64 56 25 8 45 10 36 43 66 78 96 75 96 54 1 15 18 74 33 63 19 10 35 85 17 15 96 
45 : 97 20 42 98 6 48 52 22 98 21 87 46 22 5 46 19 75 3 23 99 46 60 22 22 44 95 11 56 55 45 25 72 19 96 56 16 59 8 18 55 100 21 76 47 88 14 63 77 13 5 14 6 91 100 96 23 78 39 39 65 19 15 3 3 77 16 58 47 23 13 85 6 28 7 62 100 79 28 4 65 87 20 54 77 7 22 72 56 63 5 23 57 48 35 17 26 13 34 16 80 
39 : 80 13 21 68 6 2 56 48 88 8 65 86 73 19 67 29 20 47 84 90 6 87 18 5 55 39 68 18 57 88 57 3 66 10 6 7 98 21 11 30 82 93 21 81 75 3 45 14 65 69 79 56 7 68 68 100 41 91 7 35 18 82 65 1 7 24 77 95 76 48 1 93 53 63 20 33 83 95 68 1 47 68 5 5 21 18 34 40 50 75 17 100 51 8 23 16 85 6 75 53 
31 : 93 9 50 59 1 47 4 69 43 16 23 21 8 22 86 83 43 6 94 6 43 58 70 89 13 98 5 37 83 20 58 79 97 57 92 91 33 57 24 12 55 82 22 51 44 90 52 2 44 7 37 59 12 79 25 56 69 43 47 78 61 81 95 22 100 39 49 30 17 4 74 26 40 86 80 32 5 88 54 91 80 7 32 90 35 97 60 26 61 18 13 37 25 75 85 87 16 35 66 70 
46 : 5 83 7 27 84 43 58 25 68 60 86 22 30 31 8 2 63 88 35 86 36 27 35 90 95 12 63 21 81 6 86 18 22 19 73 79 41 95 86 35 97 65 4 19 61 88 25 14 77 5 81 60 37 53 45 8 29 74 27 64 70 12 93 27 13 68 86 9 4 22 29 24 2 60 96 16 24 35 11 9 3 39 32 51 15 20 8 18 82 16 21 99 53 14 27 79 51 13 16 66 
37 : 11 76 9 63 17 76 8 86 100 41 17 24 12 6 99 26 62 45 65 99 51 10 25 92 34 40 57 27 100 28 20 6 79 47 99 82 29 22 31 2 92 6 57 57 43 2 79 88 39 19 68 20 75 58 8 37 3 85 52 100 53 31 17 26 92 58 64 18 28 3 11 88 72 32 7 35 2 20 58 46 87 61 83 42 49 55 69 16 84 60 2 93 54 51 15 79 36 68 42 19 
40 : 33 29 83 55 4 32 19 44 5 29 67 26 20 48 90 92 67 2 27 55 66 15 11 70 26 58 18 62 25 27 36 3 24 32 16 32 96 48 20 89 4 79 77 91 92 29 30 59 21 90 59 53 32 20 80 16 17 16 94 66 29 39 47 30 21 11 24 13 89 67 13 69 14 63 82 97 26 31 41 41 94 64 16 96 84 84 63 68 71 13 16 41 19 64 51 69 21 20 32 81 
44 : 82 23 94 14 4 49 26 12 60 76 24 1 19 73 28 7 1 71 57 81 48 7 55 24 87 26 43 82 7 58 90 23 37 51 43 9 12 71 88 85 94 53 2 23 47 18 57 31 5 31 5 27 70 17 20 18 16 1 36 33 34 16 93 20 98 37 77 40 46 14 42 10 22 22 57 27 99 56 46 52 86 98 9 28 90 16 69 81 7 58 5 55 72 91 35 6 6 10 98 37 
26 : 8 50 21 68 75 47 30 91 81 45 75 95 59 38 46 56 63 84 77 91 95 67 39 42 33 14 77 92 96 95 46 87 67 62 24 44 66 88 14 83 50 13 76 63 18 94 97 81 16 10 41 35 95 47 41 64 25 77 59 48 82 73 26 22 11 71 92 74 12 21 88 23 15 67 16 2 4 5 81 82 82 36 70 34 62 68 22 64 49 5 64 24 85 100 57 72 59 49 9 5 
41 : 45 34 98 60 4 44 12 66 95 20 8 8 11 66 13 12 20 49 71 17 61 85 10 27 3 66 59 63 6 98 16 19 15 40 29 78 56 86 19 2 20 25 54 31 97 86 43 78 59 17 17 52 24 52 88 59 76 51 38 48 99 63 45 45 23 66 62 30 70 18 78 29 12 100 30 38 8 29 19 27 20 56 93 93 93 17 77 12 95 14 70 38 71 70 54 56 19 9 22 1 
37 : 58 98 23 67 40 92 24 61 44 91 56 7 53 92 19 81 94 21 84 66 59 63 71 22 6 63 25 80 4 81 8 20 7 20 24 42 38 56 96 73 28 2 9 46 30 53 8 1 91 73 36 84 79 31 28 40 53 23 70 87 35 84 14 52 12 97 4 55 4 56 14 64 4 42 23 46 8 81 24 32 5 10 23 91 48 82 94 30 3 31 21 69 93 78 25 9 38 58 53 75 
33 : 29 81 19 84 90 58 73 36 99 86 17 21 12 34 69 14 11 49 40 71 93 37 67 59 98 5 27 36 4 73 1 12 39 34 72 3 11 79 76 66 16 72 95 33 75 98 20 16 8 22 1 66 58 100 75 65 49 12 11 90 90 1 72 41 75 62 12 13 77 83 73 83 10 3 72 98 86 97 30 21 51 4 55 79 19 68 54 61 94 24 64 69 1 10 79 32 55 78 39 39 
29 : 59 82 56 73 38 7 28 93 24 27 87 71 4 79 47 91 25 13 83 41 37 9 57 69 8 85 73 97 93 84 42 52 7 64 88 53 96 49 79 52 79 36 89 8 29 36 22 5 46 94 37 47 39 7 96 76 28 59 21 97 14 11 79 61 61 59 44 15 55 89 28 2 70 53 20 46 90 83 97 61 34 20 93 56 5 29 74 73 19 69 73 68 11 73 56 82 92 75 91 12 
34 : 58 68 18 95 61 16 63 85 49 94 53 43 70 62 67 31 8 17 25 7 4 58 41 53 62 20 74 16 2 7 42 20 44 25 18 100 15 26 63 32 79 41 7 41 31 69 27 85 88 64 82 3 32 79 39 44 31 97 46 11 83 12 23 31 91 40 13 39 78 76 65 79 84 11 10 30 83 70 84 99 7 26 47 17 85 68 26 4 21 66 80 87 83 58 19 73 38 26 27 69 
42 : 22 45 57 52 79 66 74 62 17 67 72 4 14 36 90 7 98 4 95 24 82 19 38 77 2 64 44 7 24 3 44 13 85 29 52 45 26 96 10 98 97 72 83 26 38 8 29 1 63 5 37 18 56 19 99 10 46 74 49 18 15 15 33 76 21 31 32 16 19 10 63 97 65 25 77 47 100 46 24 28 53 59 37 80 94 9 79 52 94 29 7 10 13 6 65 95 70 38 11 13 
35 : 41 72 25 4 59 86 70 99 1 96 29 8 60 99 65 1 62 97 41 35 92 80 91 15 85 18 8 70 80 57 8 60 12 20 81 46 19 97 56 81 58 9 97 63 71 39 9 96 1 3 32 13 89 87 35 16 58 40 80 77 59 24 57 77 27 18 48 29 12 19 68 86 54 82 74 17 17 26 70 70 44 83 74 90 4 94 2 76 19 8 97 49 22 6 41 73 95 32 11 82 
36 : 54 39 93 83 78 97 15 42 32 21 52 71 53 3 65 54 64 25 42 55 55 49 57 15 25 88 87 55 15 51 84 92 5 50 37 27 29 4 44 28 85 54 18 18 29 4 74 63 15 14 29 37 36 8 10 62 80 90 3 57 84 90 84 33 83 20 20 10 63 24 53 72 17 37 24 12 97 38 24 32 12 5 85 21 60 48 13 59 79 54 32 46 48 21 87 78 13 39 75 46 
43 : 8 86 5 50 76 77 19 68 53 21 26 71 11 46 9 29 17 54 44 25 87 10 44 2 38 27 91 27 36 28 23 11 10 1 62 70 28 25 91 92 88 49 42 12 51 27 88 24 9 80 40 28 7 16 59 57 33 17 87 48 81 45 7 36 28 8 31 85 27 18 25 29 47 83 23 72 97 2 66 64 81 62 72 66 3 16 30 58 35 68 27 92 84 24 33 80 55 28 52 70 
49 : 42 11 79 61 29 75 4 18 5 42 9 20 86 94 43 2 66 17 12 78 59 17 86 20 26 28 21 49 48 19 14 21 16 39 93 41 83 30 21 75 24 45 4 30 83 91 14 39 10 38 19 72 78 5 78 96 25 89 25 74 89 28 4 16 79 17 19 64 89 77 36 49 66 89 22 23 79 18 87 35 64 3 43 18 4 52 22 21 28 60 71 14 58 21 8 18 25 27 95 8 
46 : 6 75 27 51 21 81 1 82 19 90 8 65 58 52 3 84 22 61 8 63 20 11 61 3 93 5 1 37 46 14 82 85 51 92 9 32 39 91 12 78 65 83 56 23 9 41 44 41 98 57 20 24 47 71 52 77 9 45 75 34 13 26 76 31 10 13 3 27 16 99 6 100 24 97 10 9 11 39 14 20 17 62 49 14 23 65 45 13 62 13 14 10 42 33 24 41 62 59 24 25 
42 : 89 27 61 7 94 41 9 3 28 74 29 30 25 46 89 89 49 1 27 100 14 76 10 44 20 31 76 32 5 17 29 18 89 96 33 53 15 69 93 67 80 19 19 65 26 54 44 10 63 10 97 37 20 9 38 57 32 9 78 28 92 2 9 60 39 30 38 44 20 32 39 70 87 69 15 58 1 96 14 29 10 13 23 13 89 16 71 92 74 49 17 97 4 85 13 56 33 41 63 20 
43 : 75 9 20 44 39 55 80 96 43 11 64 21 36 33 16 86 62 60 6 27 63 39 43 21 23 87 65 7 8 100 71 4 25 18 8 22 37 89 95 98 9 64 96 29 56 46 17 67 95 62 38 87 67 13 86 63 15 12 51 65 70 11 40 29 5 8 63 13 2 22 59 69 70 65 21 58 78 8 10 23 69 41 87 96 13 73 46 20 55 3 8 22 15 24 13 10 37 61 92 20 
41 : 15 79 1 41 79 58 3 83 51 1 23 6 10 52 29 51 30 1 61 21 93 55 31 1 6 78 28 8 28 23 45 95 37 6 59 96 6 77 45 66 10 94 12 71 2 34 36 48 13 51 20 99 58 49 37 95 75 68 13 76 45 10 59 80 45 75 19 27 68 19 11 47 98 5 56 4 68 62 82 16 82 98 1 78 75 17 58 39 89 76 25 14 84 17 9 57 22 29 62 16 
40 : 4 9 58 94 62 10 33 38 36 44 27 13 65 35 75 3 65 51 4 27 14 82 65 83 42 60 19 54 68 87 70 72 31 53 95 40 17 16 43 53 5 12 82 8 78 61 3 32 19 46 52 54 37 3 19 46 4 62 7 24 2 19 80 19 4 56 96 20 14 3 14 86 26 10 30 27 79 35 8 1 59 34 13 30 45 57 18 93 36 24 73 93 23 99 52 53 65 1 74 36 
45 : 21 37 80 13 11 63 14 65 20 30 1 80 2 62 60 90 71 44 2 53 52 22 61 75 10 65 82 21 80 18 18 55 24 33 25 82 24 8 1 79 18 6 95 76 16 14 75 22 28 27 87 5 40 23 18 38 70 66 37 36 78 19 98 64 27 21 64 12 89 96 3 91 63 96 15 25 5 28 95 52 85 15 38 14 57 22 54 40 37 24 100 60 20 73 4 17 97 37 21 35 
36 : 6 43 88 56 92 48 83 67 84 92 5 64 62 51 24 4 6 91 24 24 6 1 97 98 72 87 50 22 54 61 72 47 95 60 26 43 91 57 8 31 12 10 8 36 72 3 77 24 53 3 20 13 5 13 76 56 5 54 81 7 84 63 43 15 29 5 51 39 39 23 6 36 44 41 49 28 96 72 69 92 7 45 62 98 65 4 60 52 81 29 84 18 75 95 10 10 39 73 76 64 
