0 : 85 64 83 8 62 54 58 32 16 31 86 94 68 47 51 56 72 33 57 4 18 95 92 61 63 76 35 13 45 21 88 2 29 48 65 1 15 55 82 97 96 66 36 14 52 81 19 7 22 42 3 34 79 80 71 39 40 38 73 23 24 41 91 10 53 74 78 28 100 5 50 75 90 69 12 43 46 49 20 60 9 70 44 59 27 37 17 89 11 93 87 6 67 26 25 77 98 30 84 99 
0 : 78 91 10 16 64 89 92 3 33 74 53 83 39 70 65 25 60 55 88 40 77 87 61 68 1 19 35 82 57 80 54 96 97 38 5 29 26 95 50 84 72 79 41 22 2 13 69 51 15 47 52 45 12 43 30 8 42 31 66 20 81 99 48 63 37 75 34 67 9 58 44 21 49 17 23 76 73 94 28 36 93 71 6 59 46 90 27 98 85 32 86 100 11 56 24 62 14 18 4 7 
0 : 19 47 8 66 54 53 81 2 89 75 82 39 79 14 44 36 98 32 4 51 97 71 85 18 45 57 62 37 12 15 52 73 49 38 91 58 13 3 65 46 93 6 69 22 100 7 74 11 59 77 42 72 48 40 92 20 86 23 84 21 56 9 88 41 35 99 5 27 34 26 16 60 50 90 1 94 67 68 96 10 63 30 29 64 28 43 17 83 24 31 87 95 80 33 55 25 76 61 70 78 
0 : 1 40 97 98 53 96 37 36 58 95 3 89 63 16 30 82 49 32 20 6 12 48 26 69 99 73 84 79 13 100 61 29 60 83 78 34 45 62 64 23 77 54 67 47 80 42 8 94 81 41 90 72 71 24 22 28 55 27 7 56 86 66 15 91 9 92 87 59 65 33 19 74 21 38 17 2 14 10 31 76 35 44 43 88 93 52 5 75 18 51 50 25 39 68 85 70 46 11 4 57 
0 : 76 83 73 9 48 100 90 32 20 45 46 11 92 63 67 86 81 64 52 66 26 14 72 22 10 49 75 74 78 93 37 19 17 94 5 89 21 2 6 71 91 62 28 34 54 44 51 29 16 53 68 36 47 12 87 79 41 8 60 1 43 3 56 35 50 38 39 96 95 13 84 99 30 61 55 15 31 65 85 80 97 70 40 57 7 82 24 18 23 58 77 42 25 33 27 4 98 88 59 69 
0 : 80 49 50 93 65 96 75 77 95 61 76 67 31 87 45 19 64 36 15 30 53 70 35 27 81 92 46 43 97 13 21 1 78 54 29 41 79 59 8 33 51 44 32 63 48 69 94 24 88 3 14 42 84 85 40 89 5 83 58 68 62 86 66 11 37 12 91 4 7 17 25 22 60 55 26 71 99 18 2 100 6 73 28 72 47 82 23 98 74 90 20 16 10 39 57 52 9 38 56 34 
0 : 36 67 92 72 2 33 26 79 27 77 45 78 6 74 98 41 7 83 52 31 22 87 46 38 40 5 14 69 3 65 1 35 56 8 99 59 15 97 81 84 28 89 29 85 86 44 23 34 96 30 94 24 73 9 80 12 76 4 13 62 90 42 70 57 11 93 60 32 61 55 43 71 95 16 82 18 39 10 88 47 20 51 49 25 100 37 58 75 54 91 21 68 17 63 66 50 48 64 19 53 
0 : 45 71 21 66 34 44 15 14 72 23 32 93 39 1 69 35 98 61 65 48 81 86 20 87 38 2 84 49 10 95 22 57 60 82 73 88 59 41 99 42 17 11 26 70 64 53 55 33 46 13 9 24 25 28 54 19 89 7 68 3 47 4 29 85 97 77 62 31 5 50 80 67 16 56 100 91 96 8 51 58 79 75 52 37 36 40 6 30 76 63 27 12 18 43 94 90 92 83 78 74 
0 : 61 65 31 60 9 27 83 87 42 80 47 26 39 55 15 52 40 100 24 17 95 46 84 35 91 66 22 33 67 18 88 28 20 78 93 74 44 25 56 49 54 73 63 99 6 13 82 86 90 4 45 85 53 68 96 79 62 12 70 2 92 14 8 7 10 51 71 5 16 11 34 32 94 29 89 1 41 76 50 77 58 23 48 98 59 72 21 97 37 81 75 30 69 57 43 19 38 64 36 3 
0 : 30 41 29 92 16 1 39 45 42 32 38 24 64 15 8 96 43 28 62 47 37 54 14 9 3 83 76 61 56 68 10 17 25 77 44 63 80 78 65 87 94 2 18 49 12 23 95 35 86 79 74 48 22 27 36 4 53 93 69 26 67 85 52 84 99 31 21 97 34 72 82 71 13 20 70 55 100 50 7 58 89 88 59 6 11 60 33 5 19 73 75 57 40 66 81 91 98 90 51 46 
0 : 78 79 29 52 62 97 23 19 69 66 84 94 73 24 92 40 47 89 46 28 80 14 67 76 31 57 34 60 88 12 74 99 50 75 36 7 95 16 39 43 86 53 45 30 49 63 15 90 42 55 91 98 35 100 21 83 17 11 77 68 41 65 61 72 1 3 70 56 25 48 71 64 82 38 22 85 27 93 81 8 96 87 13 10 6 9 5 51 2 58 18 33 44 37 20 59 32 26 4 54 
0 : 60 50 52 82 31 43 63 28 3 12 33 27 68 79 66 73 69 51 39 29 61 21 38 91 93 96 49 25 41 77 97 48 36 58 87 45 92 10 55 74 53 46 98 4 2 83 90 81 89 17 24 9 72 42 32 22 15 94 47 64 76 16 40 6 67 84 13 11 8 26 14 44 65 99 86 7 88 23 78 100 54 20 59 37 57 56 80 75 71 70 19 95 34 35 62 5 18 1 30 85 
0 : 45 42 12 50 43 85 52 46 76 54 95 75 94 68 86 16 84 97 47 69 11 57 7 13 55 39 53 41 28 27 31 63 60 71 23 82 91 70 3 40 80 18 14 58 30 22 89 36 20 90 92 83 49 59 65 35 93 96 37 64 25 32 98 48 72 1 29 100 33 17 15 81 99 88 51 5 6 66 44 73 8 56 24 21 62 74 19 26 78 67 34 79 38 61 77 10 87 2 9 4 
0 : 7 9 1 84 74 45 18 44 14 95 78 100 98 27 57 47 80 33 42 19 92 91 85 6 20 81 97 24 51 34 8 58 36 37 29 89 4 64 63 12 39 46 86 26 76 60 55 43 13 94 77 65 82 69 96 71 25 48 73 87 17 15 61 23 93 30 79 88 68 49 21 83 32 38 31 75 35 53 41 72 28 40 16 70 54 67 11 99 56 3 10 66 59 50 62 5 22 52 90 2 
0 : 17 100 51 35 72 79 93 83 71 76 6 60 64 96 48 13 28 65 55 89 86 43 44 32 67 19 58 38 12 50 80 77 16 21 29 74 5 4 9 37 23 90 54 36 98 30 41 56 15 27 45 73 95 8 1 40 70 69 18 10 33 53 99 66 84 25 94 75 47 31 52 61 88 78 2 14 63 57 82 46 20 3 11 85 81 62 39 59 91 92 26 34 42 49 68 97 87 22 24 7 
0 : 78 67 65 62 39 20 75 83 93 31 21 60 33 11 53 77 94 44 95 5 38 24 66 84 90 76 61 64 49 7 46 80 2 99 82 40 56 29 59 73 57 15 97 55 69 42 32 89 86 63 37 14 70 4 68 51 72 1 48 36 9 13 30 19 54 98 52 87 27 100 17 41 50 34 96 3 26 16 12 43 6 45 25 85 10 35 88 74 71 79 91 81 23 47 28 8 18 58 22 92 
0 : 5 77 50 40 17 88 59 84 56 31 75 37 38 73 87 29 35 62 24 92 34 16 15 72 66 74 60 49 89 12 13 100 42 14 3 28 86 83 91 7 9 67 33 45 21 51 96 44 2 94 36 58 8 54 85 95 63 53 65 61 71 47 46 78 57 79 98 25 4 20 32 19 76 6 93 1 22 41 26 90 70 64 11 48 43 69 55 18 30 82 68 52 10 99 97 23 81 39 27 80 
0 : 58 27 2 52 51 21 97 15 37 53 87 82 41 19 69 55 46 62 61 100 92 20 39 26 11 94 40 17 86 12 38 14 54 81 29 5 1 24 84 72 89 48 44 60 23 65 57 83 4 31 99 49 74 90 98 9 59 16 22 85 34 79 36 3 10 32 35 43 56 18 78 6 70 93 96 47 76 30 25 7 8 71 67 75 33 91 77 88 80 50 73 66 63 42 45 68 13 64 95 28 
0 : 70 52 57 47 8 54 69 64 89 25 11 99 37 41 58 60 79 14 12 29 33 91 74 73 45 80 59 85 63 43 26 61 86 10 5 40 46 90 75 76 66 35 96 98 21 55 6 83 56 34 44 49 82 3 93 16 28 27 88 67 22 1 48 87 2 31 17 53 13 92 78 71 51 77 24 95 94 15 32 36 65 20 97 100 42 19 9 18 39 62 38 72 4 30 84 23 7 81 68 50 
0 : 31 34 58 1 26 68 85 53 59 64 67 40 17 66 7 95 100 9 63 6 23 10 21 2 39 20 47 98 13 69 76 36 94 46 15 80 72 77 25 55 48 44 86 74 96 51 33 52 91 61 89 82 38 62 73 88 3 30 28 19 4 83 78 16 50 81 8 79 14 11 87 56 42 84 92 18 29 5 27 12 24 99 32 90 65 35 37 54 97 49 43 41 45 93 57 60 75 71 22 70 
0 : 93 86 6 14 72 89 31 4 84 29 43 25 15 82 81 52 41 32 39 22 51 73 23 76 66 2 17 94 46 28 77 45 55 36 68 100 83 58 40 74 11 53 56 96 62 59 5 60 87 97 8 12 24 18 21 65 80 35 30 85 20 38 44 70 91 90 61 47 7 34 3 42 67 48 71 37 57 79 98 13 54 95 49 75 16 88 27 99 33 1 26 63 78 10 19 64 50 92 9 69 
0 : 54 23 16 11 83 51 37 5 53 6 36 59 38 24 58 96 77 39 26 81 3 40 46 34 61 76 74 90 45 18 66 82 7 29 10 99 15 84 93 52 89 86 65 27 33 60 47 70 48 71 85 35 72 31 1 13 12 20 80 88 44 28 94 87 30 50 32 21 14 95 98 22 79 64 78 9 55 17 8 97 68 19 43 92 49 25 62 41 56 42 63 57 2 91 100 4 75 67 73 69 
0 : 3 92 89 59 33 64 34 49 45 52 50 57 88 46 96 54 21 74 42 75 4 27 86 79 71 82 23 78 6 47 55 97 38 36 98 58 35 69 99 20 83 70 72 2 11 62 24 37 29 39 16 41 100 13 9 14 48 15 56 25 76 87 19 53 67 66 28 65 93 90 91 30 44 32 7 73 60 1 80 68 94 26 63 77 10 22 18 61 40 17 81 95 84 12 31 85 8 5 43 51 
0 : 77 54 67 6 40 28 68 61 91 7 98 84 74 34 35 20 3 51 18 82 19 52 9 81 57 66 87 10 13 97 16 79 22 69 38 42 23 99 1 73 62 2 36 64 44 21 37 39 86 47 76 94 24 43 72 78 55 25 46 88 31 4 80 95 32 60 63 93 48 11 53 75 58 30 41 92 26 45 5 56 8 50 59 17 27 15 14 89 65 70 71 100 96 29 33 49 83 85 90 12 
0 : 22 14 62 46 34 11 7 67 99 95 60 32 92 43 50 39 25 98 4 5 74 56 68 100 8 44 48 24 18 76 37 88 73 83 87 61 59 81 12 90 96 2 77 71 65 69 31 29 89 82 30 51 27 84 49 45 20 19 93 10 54 23 16 47 41 28 78 66 1 52 63 35 97 40 9 86 38 64 3 91 33 36 72 42 53 6 94 13 75 80 70 58 55 17 57 85 26 21 79 15 
18 : 52 23 51 82 5 37 28 78 6 32 45 42 4 48 69 25 61 64 41 12 15 43 11 34 86 23 37 32 18 49 95 42 47 65 27 36 85 67 73 88 86 17 97 74 77 50 1 69 24 20 54 59 56 13 98 10 57 40 68 16 39 84 46 86 72 62 22 76 99 29 91 9 22 64 31 38 83 89 85 79 27 75 93 58 49 14 2 81 19 98 3 87 44 11 71 73 53 19 39 46 
14 : 58 63 16 55 67 54 32 40 41 70 80 88 42 84 16 37 24 56 45 27 52 82 78 91 50 43 22 2 20 69 11 74 3 12 64 29 10 39 5 57 19 77 62 25 76 72 100 33 53 70 8 6 13 83 4 99 6 48 87 94 28 80 1 29 70 92 89 86 58 90 17 36 79 38 95 61 81 21 46 14 71 51 77 93 84 75 59 85 56 3 31 74 33 96 26 39 68 73 30 18 
5 : 5 31 57 77 87 42 13 3 63 78 51 93 39 17 19 25 50 32 82 99 47 52 62 91 80 22 74 53 28 6 41 37 91 89 64 20 7 26 84 96 44 80 94 16 73 10 48 71 11 79 88 38 1 83 29 60 18 14 81 35 58 45 12 92 86 40 72 43 55 75 98 67 97 91 4 34 23 33 65 8 76 24 68 21 27 36 69 48 27 56 61 15 54 90 2 30 100 95 46 85 
8 : 62 86 14 35 56 85 47 14 79 34 82 28 80 23 27 71 66 21 38 65 52 45 40 11 74 93 81 22 16 3 41 97 99 13 89 43 57 75 32 88 92 90 53 76 46 4 48 36 69 34 78 44 73 42 51 67 17 15 6 83 54 68 10 59 98 18 49 37 64 33 39 13 33 58 84 55 72 87 100 70 7 45 94 1 5 9 30 95 8 20 91 38 26 58 60 63 2 68 77 24 
13 : 33 50 3 85 45 46 82 31 72 34 43 78 10 53 36 12 29 93 16 94 18 24 47 98 81 89 27 80 38 46 68 97 17 26 67 13 63 49 2 55 2 62 30 23 32 1 21 58 97 42 95 43 56 90 92 73 22 71 37 62 4 70 65 60 54 20 40 99 87 6 5 19 75 62 96 52 27 88 76 28 11 7 86 55 57 47 71 35 39 83 16 9 51 40 4 59 91 69 8 84 
19 : 97 85 69 70 16 96 27 61 36 13 31 74 53 26 82 12 87 77 34 96 1 79 55 68 47 40 71 9 67 54 49 11 59 22 4 72 46 45 48 50 40 63 17 32 84 45 7 73 62 66 62 81 85 93 69 65 51 79 82 39 80 37 39 5 8 41 19 15 53 75 64 21 46 100 83 9 52 94 24 30 2 43 60 47 38 20 43 15 44 6 58 74 92 42 54 99 9 66 78 23 
4 : 11 97 4 76 66 62 54 72 8 44 21 13 96 39 57 14 37 38 92 83 81 90 36 86 9 41 12 27 50 75 49 15 52 61 84 70 40 85 10 32 88 69 30 11 47 19 89 74 56 73 33 60 63 3 82 53 35 91 43 7 25 64 16 51 20 71 26 87 68 78 98 2 34 65 99 63 77 48 18 24 59 93 6 28 94 88 79 46 100 45 42 80 58 5 30 17 22 1 31 67 
5 : 47 34 21 87 77 3 6 10 88 66 89 49 59 29 9 20 85 36 31 73 18 62 13 44 8 94 11 56 82 2 99 6 43 48 35 81 51 96 37 19 95 64 38 76 86 68 45 65 33 75 100 30 28 27 4 47 25 61 84 79 72 26 53 57 70 60 99 69 12 93 98 5 46 14 22 58 57 66 16 23 52 91 90 7 92 17 78 55 50 15 71 63 24 40 39 1 80 54 41 74 
1 : 4 64 49 9 58 5 53 67 44 35 33 79 99 59 86 90 94 50 21 75 92 98 2 52 89 34 23 60 77 20 78 65 62 11 25 26 12 76 22 81 56 71 1 16 43 93 54 3 69 39 73 42 95 46 55 84 63 19 18 41 70 7 36 15 29 6 85 45 48 32 72 30 17 68 66 31 51 57 27 38 10 74 40 61 97 80 98 100 14 47 24 37 96 91 83 28 8 13 82 88 
18 : 20 58 81 19 31 28 86 60 77 79 97 74 13 35 73 56 70 32 94 96 99 22 78 21 29 91 23 44 15 5 3 18 69 38 36 77 68 6 48 83 59 27 52 92 37 46 45 6 84 7 13 87 36 93 60 47 89 94 54 20 57 10 4 90 11 26 100 53 95 21 41 66 25 49 43 45 3 61 75 81 5 65 90 8 76 51 17 39 95 62 9 1 14 63 50 66 88 8 93 50 
2 : 50 26 43 96 28 93 33 37 21 100 58 42 80 27 12 99 57 36 48 62 60 55 29 82 51 89 39 8 97 75 77 25 30 23 65 1 71 69 85 72 59 88 15 83 25 41 87 16 70 76 66 64 38 24 74 63 79 11 5 52 10 98 73 78 4 86 49 95 47 91 53 9 6 44 68 56 54 46 7 67 44 2 81 20 45 17 34 92 90 31 22 35 13 19 18 40 84 94 3 32 
6 : 77 87 82 14 5 48 31 12 73 40 79 47 62 27 97 9 90 7 96 55 65 15 67 10 34 74 30 1 41 66 89 17 46 75 78 81 72 46 83 99 38 36 4 16 48 39 33 56 84 61 57 69 45 58 63 37 3 54 92 55 85 53 32 60 2 18 91 88 20 25 60 35 6 8 98 44 86 76 64 50 26 23 7 69 49 52 11 43 51 59 70 100 24 93 13 21 42 80 29 71 
5 : 80 52 17 14 39 96 32 69 26 54 1 60 83 58 91 4 93 22 23 89 15 63 66 75 48 50 48 56 17 45 68 81 43 73 62 2 10 99 31 88 74 70 11 87 92 18 94 72 42 85 100 59 24 20 13 30 9 47 86 64 61 97 34 62 38 91 78 65 35 7 51 27 53 44 40 82 5 90 6 29 55 3 16 37 12 77 76 84 36 25 95 49 28 8 19 98 67 46 79 14 
18 : 72 97 6 32 31 85 58 14 48 37 21 44 87 69 80 35 88 70 53 29 31 63 68 44 61 54 61 91 25 42 63 25 50 9 45 82 13 15 57 79 67 20 75 52 67 56 56 4 2 16 93 40 41 23 69 77 22 1 86 99 60 34 33 27 34 47 12 46 30 100 83 61 36 10 38 94 89 77 96 78 3 5 50 32 81 55 17 19 22 15 90 76 71 24 24 59 11 92 52 97 
13 : 3 100 56 60 81 40 21 4 36 32 87 47 52 35 62 20 92 30 87 96 15 59 80 8 44 7 71 23 68 68 33 58 36 28 10 55 45 98 1 86 88 25 74 100 70 77 37 91 13 22 38 49 29 2 84 35 27 83 51 14 5 88 53 34 89 76 26 95 57 11 94 48 9 63 79 97 50 85 75 72 31 53 73 24 34 43 6 30 69 39 61 14 99 12 17 93 30 23 96 66 
9 : 8 40 90 62 40 23 63 33 20 72 27 98 4 41 31 21 88 59 19 54 98 34 22 26 100 72 57 30 88 9 70 85 87 79 99 37 80 84 28 48 39 42 67 15 97 65 10 58 66 45 78 50 3 29 51 68 96 50 13 82 69 76 25 36 24 47 76 17 14 12 2 55 61 10 71 32 77 81 6 91 80 49 46 83 11 38 94 89 86 18 75 90 64 44 56 7 73 35 60 93 
11 : 88 19 17 32 23 8 49 62 2 74 77 20 28 48 69 40 35 37 79 15 75 18 38 44 50 61 92 47 26 41 52 84 68 11 27 4 97 13 43 73 39 41 76 79 29 44 22 16 87 93 99 82 86 80 33 58 10 63 72 78 6 75 70 96 60 99 4 90 3 59 54 55 81 1 9 68 89 7 79 95 71 30 31 12 98 42 53 35 45 91 25 26 1 56 83 46 64 14 65 85 
10 : 17 40 57 32 28 91 7 72 52 73 35 16 80 82 12 56 95 10 22 21 72 94 61 72 44 69 23 93 81 30 25 55 53 99 83 50 51 3 89 84 34 13 64 65 37 8 98 2 31 29 1 67 43 14 20 100 11 29 66 1 47 86 87 9 79 52 33 24 97 46 60 92 63 4 36 49 59 78 15 54 95 26 48 90 41 27 68 81 44 88 62 39 79 38 54 75 74 70 42 18 
15 : 66 98 56 61 9 29 7 45 72 40 38 41 57 6 42 14 69 80 82 78 49 35 79 85 55 31 83 86 3 64 99 87 37 13 30 66 7 41 73 92 27 76 77 38 48 50 22 9 34 17 91 78 19 89 44 70 52 28 12 20 38 37 49 5 95 52 16 63 23 65 70 90 68 58 60 25 100 18 88 5 11 39 67 53 74 46 10 47 36 59 43 94 33 81 87 15 26 20 97 53 
20 : 96 56 67 51 7 27 86 64 48 81 54 56 76 66 8 2 72 90 40 25 49 85 61 19 64 18 99 29 38 67 34 21 100 46 39 89 71 5 52 17 68 74 65 8 42 81 100 12 75 41 44 77 23 94 79 3 78 62 57 24 95 14 49 35 83 51 15 98 6 32 61 48 38 20 43 87 73 45 4 5 31 69 69 10 41 84 32 63 54 53 88 33 41 27 16 37 91 7 65 1 
15 : 87 49 6 31 98 56 89 37 2 60 41 73 54 71 90 98 27 100 86 57 91 63 11 45 19 47 74 56 10 67 30 40 33 33 33 86 50 96 35 48 21 78 12 22 4 66 76 20 24 3 25 49 81 34 83 72 46 39 15 80 88 92 5 29 21 13 35 95 85 77 42 28 55 23 84 1 58 75 98 94 7 18 34 98 65 70 7 44 79 16 8 2 26 68 51 17 36 45 91 69 
16 : 68 36 32 20 91 64 19 23 15 57 52 18 95 78 26 58 62 26 65 67 12 44 8 38 97 88 71 84 75 60 85 28 77 30 100 72 83 2 73 39 95 62 15 28 42 1 51 33 9 45 86 69 61 11 82 54 95 74 31 43 3 93 99 80 70 24 13 68 79 41 40 9 50 67 50 66 37 56 81 92 33 47 17 94 21 37 50 48 10 90 14 94 27 41 49 26 76 98 55 6 
20 : 8 93 86 75 55 37 48 32 5 78 100 54 76 73 84 16 100 17 33 95 23 12 44 15 13 73 51 29 46 99 70 80 26 37 10 28 21 41 30 28 36 18 35 14 41 67 9 71 85 19 75 23 49 91 81 11 96 56 6 7 58 60 20 42 65 85 42 34 54 25 92 71 77 13 69 53 1 63 38 57 77 62 50 74 88 14 22 72 8 10 86 55 66 5 25 90 82 40 27 94 
1 : 20 68 54 60 6 31 32 17 22 76 93 15 52 18 56 88 27 16 62 98 40 41 42 96 49 19 7 79 50 80 94 8 77 75 5 10 87 37 48 23 45 51 36 73 85 61 97 59 29 58 82 74 4 21 9 86 1 83 95 35 65 11 71 33 38 100 91 47 26 53 44 30 57 63 67 90 24 72 70 81 25 2 34 46 55 39 99 64 78 69 84 92 14 13 43 66 3 89 37 12 
20 : 12 52 30 71 84 81 8 58 93 68 72 24 80 45 65 45 35 97 44 3 88 5 13 21 27 62 46 40 65 90 40 48 37 23 22 25 46 26 83 57 20 81 33 74 50 96 53 33 32 67 39 69 24 1 70 47 93 86 27 66 65 18 97 99 69 92 56 87 4 95 76 69 76 36 34 9 73 51 42 47 11 61 21 53 73 38 7 60 59 55 34 2 27 19 82 6 64 41 43 63 
17 : 15 24 42 70 29 90 4 60 33 27 55 16 5 6 15 54 52 46 96 34 6 91 55 19 68 87 53 44 57 10 94 21 42 14 88 81 40 41 63 73 83 76 64 8 89 84 98 86 45 12 25 38 62 18 93 71 50 39 57 25 69 49 61 32 22 44 100 82 54 47 78 72 92 2 59 56 89 77 74 35 85 67 53 26 16 18 88 79 89 28 58 75 1 2 65 66 48 59 43 60 
8 : 91 7 57 93 79 19 71 24 33 16 6 100 3 96 83 86 88 30 22 17 29 38 37 92 66 68 28 85 4 16 39 82 12 75 47 65 2 43 99 69 90 39 76 35 18 21 31 20 48 81 74 63 72 55 50 70 11 25 10 26 77 78 87 62 97 14 1 60 46 80 99 49 8 73 62 44 51 20 56 41 58 5 52 91 15 23 89 95 45 98 9 13 94 32 53 5 40 59 24 64 
13 : 36 41 98 8 25 55 65 26 85 87 76 57 94 93 58 17 9 6 28 94 100 61 36 70 6 20 73 81 50 40 5 49 71 34 34 80 90 48 100 53 27 52 80 23 97 42 77 79 38 21 45 30 68 24 7 11 12 37 16 5 63 5 60 58 26 88 33 74 96 82 95 66 3 26 2 14 46 67 31 78 48 29 84 35 13 32 59 51 39 99 3 62 86 18 44 83 1 91 15 75 
3 : 71 79 43 62 81 86 24 36 22 97 31 49 56 85 96 20 3 28 5 61 27 100 8 1 14 17 84 65 73 42 93 90 18 66 95 67 38 88 12 69 77 51 68 58 26 5 33 7 54 53 19 92 80 30 21 2 83 50 25 4 91 10 16 45 9 78 48 55 64 89 98 13 52 59 35 6 47 41 40 74 44 60 11 87 70 46 82 34 37 99 29 23 32 63 72 39 64 89 15 94 
18 : 98 39 3 29 45 81 60 79 56 35 50 76 8 26 57 52 24 91 77 38 65 73 32 95 19 9 85 78 1 58 74 48 27 42 93 26 79 86 30 54 74 44 95 34 31 99 2 51 94 89 22 55 25 72 73 53 7 4 10 62 38 41 82 20 100 84 18 75 12 55 66 5 47 50 11 51 64 33 59 71 57 64 91 26 46 37 88 27 21 17 67 61 37 63 87 79 28 39 18 43 
2 : 72 91 80 54 55 8 32 62 82 10 90 3 50 34 95 58 88 97 37 19 16 74 12 84 21 4 17 33 18 40 52 42 94 68 96 29 22 44 87 27 11 47 100 48 25 93 92 30 26 83 57 20 56 23 77 15 1 41 13 9 43 31 75 53 18 59 70 14 49 35 38 67 5 39 71 89 6 76 63 73 98 46 17 24 51 61 69 65 81 28 36 64 45 79 99 2 66 78 86 60 
5 : 59 30 2 13 74 33 90 32 83 15 75 25 88 82 17 50 66 73 41 9 60 85 81 53 69 35 70 78 58 21 95 37 1 34 4 68 26 7 22 49 24 11 18 12 84 97 61 14 72 28 77 86 54 19 44 10 43 65 71 91 45 55 59 56 80 42 5 29 100 2 36 39 80 61 76 99 94 27 23 47 16 48 62 20 8 67 79 31 89 63 6 40 92 93 11 52 51 87 57 3 
1 : 73 5 23 26 46 11 13 43 30 95 4 22 98 70 15 37 53 29 96 45 75 1 75 31 34 88 14 94 99 55 97 59 92 72 17 91 36 21 38 62 50 35 63 25 44 10 81 48 69 67 82 79 49 19 56 40 27 64 47 12 84 9 65 86 78 24 83 54 42 57 58 80 8 18 61 100 76 6 85 39 32 71 2 68 3 51 28 33 90 20 41 52 93 16 60 77 74 89 66 7 
15 : 13 88 22 82 22 27 80 71 5 78 67 17 75 12 39 19 80 77 90 54 31 14 100 87 42 15 8 73 7 18 44 83 58 56 41 68 89 46 71 88 76 35 83 53 16 51 61 85 30 97 36 59 32 50 48 47 81 21 91 49 97 26 65 43 34 20 38 11 96 95 56 64 25 2 3 33 6 28 52 37 40 39 1 91 46 24 25 7 69 67 78 60 79 9 70 23 65 86 29 74 
15 : 43 50 31 70 28 33 5 11 100 31 78 69 59 72 95 76 87 16 74 46 68 69 23 76 11 20 61 3 29 12 22 25 9 15 63 44 10 89 88 75 41 98 65 85 33 100 19 24 51 37 27 73 43 4 89 7 81 1 42 13 96 8 86 79 77 94 35 6 54 84 34 52 91 81 62 93 53 60 90 57 14 17 55 92 26 2 79 45 99 4 37 47 64 65 82 77 19 40 71 39 
17 : 32 56 50 5 16 11 47 82 38 69 65 37 79 45 73 95 57 51 93 52 13 85 77 89 98 100 58 64 4 75 31 49 14 29 62 22 74 65 43 16 5 3 59 35 97 39 44 69 79 63 99 68 21 27 67 96 11 36 81 98 17 48 46 3 100 87 54 59 88 91 38 24 4 23 18 41 9 44 80 66 73 92 25 30 53 90 19 61 94 2 24 1 15 38 71 78 47 72 6 70 
10 : 52 26 100 77 70 75 62 11 54 28 7 51 14 38 58 39 45 37 19 76 1 92 72 95 55 66 31 71 57 64 88 97 25 73 23 20 10 46 18 60 91 54 47 22 63 17 33 88 6 35 82 48 43 24 10 49 87 12 5 65 64 53 15 74 40 79 86 30 83 69 81 21 16 78 41 67 36 50 19 73 26 56 4 99 13 44 29 59 8 9 29 80 61 68 93 89 90 54 96 38 
5 : 25 28 78 17 71 19 32 30 70 72 1 37 46 85 84 38 92 70 62 56 67 57 98 26 53 90 33 96 55 83 13 15 14 54 66 39 35 10 68 59 8 5 94 64 79 88 31 89 42 91 44 23 7 75 51 4 81 24 6 27 3 40 99 2 87 47 97 36 20 65 48 18 80 23 65 72 50 9 11 43 12 73 52 89 69 63 41 45 29 76 100 86 21 82 22 16 60 74 77 61 
15 : 99 11 42 61 22 39 8 64 100 15 34 31 30 74 65 29 46 46 60 82 45 28 69 56 44 43 16 24 20 12 1 78 38 11 88 37 98 47 36 27 53 94 87 93 70 14 79 50 67 91 90 97 64 48 62 41 85 69 26 54 58 51 93 72 40 77 13 89 76 96 9 35 18 97 59 5 68 30 67 78 61 17 90 3 52 66 53 6 23 84 63 7 46 2 57 86 61 56 55 19 
5 : 71 83 96 29 54 60 50 41 50 49 29 64 95 31 36 10 18 30 66 19 11 78 13 3 43 25 59 80 22 53 99 87 56 8 24 98 45 52 82 33 34 5 46 23 61 28 84 68 48 81 94 72 97 32 91 39 74 73 77 42 40 55 35 75 14 12 69 57 89 7 37 93 1 63 4 16 100 47 79 27 97 2 44 26 62 85 13 88 92 65 90 76 76 6 58 9 21 51 17 20 
11 : 99 81 77 39 91 7 69 45 9 11 4 97 80 32 98 89 82 41 62 78 25 48 92 61 39 94 87 1 58 52 18 59 70 26 67 77 82 34 79 2 20 27 73 23 28 75 71 38 44 19 14 47 63 49 43 37 22 85 60 71 8 83 40 76 84 68 63 42 10 96 74 21 50 72 10 51 18 55 88 54 64 12 93 31 17 29 57 30 19 24 1 90 59 20 56 53 36 13 5 6 
19 : 83 16 69 88 90 9 77 62 91 44 35 21 25 95 88 19 67 16 75 8 30 22 10 99 30 34 10 89 7 12 48 32 17 65 21 84 47 61 63 80 37 31 47 65 97 25 45 49 42 11 36 31 4 73 78 27 29 71 82 43 42 62 80 2 52 81 74 13 51 92 98 32 81 38 27 32 86 26 57 57 18 39 54 72 53 3 23 55 29 28 59 79 15 42 40 100 96 20 87 5 
16 : 79 6 44 80 69 27 42 84 62 7 4 1 54 78 86 13 23 59 3 67 95 1 36 90 94 52 25 17 41 32 50 19 18 11 58 51 89 87 64 15 55 92 22 77 85 31 65 49 41 9 68 92 26 14 15 8 10 72 37 34 80 32 16 82 56 14 57 31 99 43 5 89 12 19 76 69 40 11 48 91 100 61 81 96 29 97 30 17 74 76 70 71 83 31 28 98 75 8 73 63 
7 : 19 9 34 29 40 61 14 76 53 91 45 38 3 84 56 25 48 50 8 58 64 26 46 16 72 23 27 90 95 51 62 86 49 44 24 41 18 47 33 32 98 55 100 57 7 80 87 66 11 4 94 42 17 52 43 29 35 77 67 60 56 99 78 71 62 2 5 79 96 68 15 13 21 12 36 6 92 97 2 69 37 73 85 31 11 75 88 55 59 81 65 54 74 1 89 70 16 39 30 93 
16 : 44 26 3 71 82 69 28 90 37 3 65 3 46 99 6 48 13 23 51 28 41 63 70 92 30 1 29 31 21 80 92 55 92 76 42 96 77 83 15 2 9 24 38 25 59 32 84 42 4 19 45 58 73 35 94 91 60 33 64 16 67 18 97 47 52 40 5 66 30 14 86 17 36 72 85 7 57 64 96 95 79 20 50 74 68 34 50 86 43 10 87 62 23 7 85 27 31 39 51 78 
14 : 9 33 72 88 59 73 95 36 57 66 15 1 61 77 30 38 22 44 16 34 74 62 92 87 85 84 35 6 18 4 26 68 5 5 89 40 90 62 43 12 86 48 80 31 55 82 76 7 70 8 94 88 13 98 77 46 78 59 75 2 76 60 71 58 83 96 34 36 92 20 85 28 29 25 41 17 56 13 99 50 14 10 21 63 27 42 93 52 4 95 49 37 11 53 45 83 97 100 19 3 
12 : 34 87 81 68 23 62 18 39 70 65 73 32 79 35 84 5 1 50 46 31 47 13 19 24 12 49 93 97 56 43 91 16 10 3 5 81 84 98 26 82 48 8 38 15 56 2 89 33 14 57 27 42 11 42 37 74 40 85 22 50 77 96 55 92 41 7 29 75 44 80 58 79 54 69 17 61 30 72 66 45 61 95 90 89 67 63 6 25 37 21 59 53 58 9 52 88 83 36 94 55 
1 : 54 10 30 11 73 16 57 93 36 46 27 97 71 58 79 35 20 83 80 95 85 60 23 64 19 99 15 49 31 21 96 24 72 6 100 88 75 38 52 26 63 61 3 66 1 90 40 48 98 81 70 74 50 33 42 89 9 56 39 67 17 45 29 32 18 4 59 65 47 5 53 91 8 13 28 14 51 62 87 12 2 84 69 37 57 78 55 43 25 68 34 44 22 94 92 76 41 86 77 82 
1 : 100 51 58 92 49 7 71 93 25 72 35 4 20 95 60 91 59 5 88 32 68 23 81 40 78 42 97 3 72 10 48 27 30 67 37 99 24 44 38 17 52 18 39 21 43 55 90 1 61 65 56 31 14 69 82 13 63 41 19 2 73 62 87 15 89 8 53 80 75 74 26 64 77 57 46 16 83 29 98 70 11 9 96 66 47 45 22 6 36 50 94 28 76 79 12 34 85 54 84 33 
21 : 57 16 20 60 12 84 78 22 98 21 10 15 97 26 44 19 2 89 20 92 23 73 37 17 94 7 43 64 41 42 12 81 34 80 41 87 86 98 85 52 8 48 27 38 39 3 56 22 45 58 70 91 70 54 49 20 19 28 30 100 53 47 11 83 40 95 29 74 46 99 67 56 61 18 90 68 75 78 4 63 5 60 21 1 24 63 42 83 16 25 71 96 17 52 85 30 65 88 7 33 
1 : 79 29 10 76 100 72 75 67 82 24 6 47 80 41 61 13 38 62 35 63 30 88 26 44 45 73 68 77 3 65 80 64 14 66 22 19 2 4 40 57 39 58 91 42 55 70 93 16 90 32 20 96 60 59 85 9 8 87 86 53 99 89 12 83 71 84 1 33 18 92 95 43 21 50 52 56 97 37 46 49 48 51 28 27 74 54 5 34 15 81 94 31 23 25 7 69 17 78 36 11 
18 : 98 17 36 96 10 67 12 43 5 90 87 33 79 46 77 86 78 84 42 94 44 7 23 61 99 57 48 39 15 18 9 75 97 82 73 11 99 39 45 30 81 84 25 28 53 63 74 58 66 42 56 31 27 19 49 39 76 59 93 41 92 9 22 100 28 91 30 42 20 57 31 47 69 87 50 60 37 33 38 55 54 71 14 32 4 3 64 40 24 7 80 94 35 24 53 13 16 51 89 66 
18 : 57 82 17 5 82 27 22 41 73 29 51 93 37 22 9 28 53 73 61 77 13 42 8 99 70 20 81 74 23 78 14 18 69 58 1 62 67 4 72 68 56 86 35 71 7 11 57 68 33 31 91 98 90 16 84 25 59 16 59 66 36 88 21 7 15 92 73 93 32 100 72 24 46 83 97 26 42 45 76 87 44 88 80 63 19 40 49 94 60 75 48 36 41 65 21 50 10 38 29 72 
12 : 58 49 67 78 68 34 36 9 40 34 70 23 39 92 64 14 13 74 22 38 18 84 74 12 5 98 26 88 20 6 53 68 85 44 94 69 2 80 71 79 62 76 28 25 73 61 9 19 93 100 51 54 10 3 37 86 50 33 32 60 56 46 29 55 2 93 80 89 81 83 24 42 45 15 65 87 43 16 91 95 31 82 97 75 7 73 57 1 79 92 11 50 30 17 59 21 52 100 47 99 
17 : 37 3 73 39 65 23 44 31 59 64 83 100 42 61 58 13 74 67 87 10 63 57 38 40 70 79 5 45 41 76 70 96 72 93 56 98 81 92 66 81 51 26 2 6 29 11 99 22 83 71 5 34 45 23 49 25 55 1 2 35 35 98 14 82 69 16 84 71 11 25 20 48 95 77 6 7 91 28 90 4 97 68 32 53 47 54 78 86 51 74 17 94 15 62 19 75 16 80 97 50 
22 : 88 32 53 30 100 66 22 47 96 97 75 24 26 86 13 11 59 20 65 63 62 99 72 76 58 49 37 67 46 61 5 77 16 28 33 81 23 94 70 30 99 40 9 35 56 54 88 57 29 38 45 65 46 84 44 56 11 69 92 16 79 87 91 1 15 4 71 30 47 90 38 51 12 100 89 57 95 52 19 54 26 34 85 45 87 93 74 39 58 52 98 40 2 83 75 30 80 8 82 68 
17 : 70 43 33 46 56 92 77 12 8 100 66 99 70 34 14 70 71 93 60 16 1 17 97 5 53 24 57 39 85 32 50 83 11 20 7 26 96 31 46 40 18 28 42 4 27 45 88 77 54 15 71 91 66 3 67 51 78 85 88 79 37 6 84 61 73 80 68 90 3 69 76 34 32 89 62 58 29 36 98 94 35 87 31 22 49 17 82 75 23 72 65 9 60 59 94 21 42 15 10 38 
6 : 91 41 45 81 31 88 87 43 82 25 86 34 64 13 94 27 28 72 85 44 76 80 90 95 99 74 26 23 68 59 30 37 7 3 90 6 21 1 19 49 56 94 60 59 55 10 77 83 92 84 93 57 33 89 22 58 4 18 2 16 12 42 17 17 9 62 8 53 66 67 47 78 65 36 73 39 52 96 24 38 20 48 61 97 50 98 11 54 100 63 40 79 71 5 32 78 51 74 46 69 
18 : 98 22 78 3 68 77 97 17 26 52 93 54 27 37 88 39 25 97 14 11 62 10 15 12 87 36 79 90 20 71 67 100 47 76 72 66 23 92 64 95 43 54 63 50 2 48 91 51 98 6 94 4 5 8 38 4 53 33 31 60 80 90 13 12 3 32 83 62 69 59 21 44 57 49 95 29 30 56 28 93 97 37 85 75 89 76 65 22 24 63 41 1 46 21 7 62 58 70 43 55 
5 : 89 87 25 98 14 86 74 39 64 15 19 94 62 8 45 50 27 71 21 44 90 34 24 63 96 80 92 22 70 69 54 93 7 17 23 84 83 5 12 53 18 46 88 16 59 61 82 44 49 29 73 3 17 67 79 11 1 81 57 32 9 75 76 52 60 66 77 48 20 70 31 33 68 51 58 30 13 75 36 37 72 99 78 2 28 97 10 55 56 35 78 40 38 42 95 26 100 41 85 43 
20 : 10 75 15 39 42 14 58 73 87 36 96 60 64 31 85 95 80 35 80 45 2 93 85 76 83 91 40 75 41 86 8 92 32 98 81 45 55 46 89 22 70 59 9 68 69 44 55 99 100 42 31 13 39 30 6 61 17 18 7 83 3 1 50 48 60 67 12 42 82 62 72 65 66 16 27 46 52 48 65 24 94 64 14 34 33 29 71 16 81 51 5 45 20 38 87 78 90 23 25 54 
10 : 78 8 83 95 8 43 99 94 82 100 10 19 77 25 59 1 65 68 24 37 21 69 56 41 55 49 5 34 13 79 81 46 67 87 48 44 53 23 47 36 58 50 63 7 15 43 11 40 45 3 30 30 70 87 12 2 66 51 90 74 89 86 28 31 32 62 54 80 81 98 71 84 4 29 14 91 69 61 35 9 54 57 87 97 73 6 16 88 56 6 33 64 93 60 22 76 27 26 42 20 
10 : 85 2 62 30 5 44 14 21 95 10 52 21 78 18 23 20 21 27 56 22 75 6 72 80 89 51 54 63 87 77 86 96 11 97 43 34 45 90 49 9 83 17 58 38 29 19 4 88 40 12 65 11 3 83 47 91 84 7 76 74 57 51 98 31 42 55 16 79 69 14 26 64 13 48 39 20 59 100 61 32 24 89 66 82 45 15 70 92 71 53 46 50 28 60 81 8 71 67 94 93 
10 : 12 63 24 56 2 59 21 31 78 89 69 32 96 45 1 3 67 41 10 33 17 91 34 61 62 54 48 8 39 30 68 74 77 26 83 51 47 28 6 20 37 27 9 23 15 50 46 53 65 25 44 79 95 82 42 27 64 36 38 80 29 86 73 97 7 99 11 22 12 89 13 88 75 72 41 84 70 52 76 64 58 32 55 4 5 5 92 100 98 94 31 14 4 90 40 87 18 78 93 71 
1 : 80 33 52 83 76 70 2 34 89 30 91 25 77 82 24 20 13 92 88 97 95 50 68 45 73 90 4 41 66 62 67 49 7 15 40 38 60 86 65 36 74 78 93 42 14 94 63 10 8 21 96 85 51 19 17 87 32 58 48 54 99 31 79 100 43 16 59 56 23 44 27 98 9 1 57 72 29 26 11 55 71 53 35 12 46 47 61 37 81 3 75 84 33 18 28 22 6 64 5 69 
5 : 23 49 74 99 94 8 92 40 61 68 58 9 77 83 2 13 17 34 97 26 6 93 89 56 59 53 44 68 36 87 66 54 19 37 25 71 96 11 31 51 41 30 67 14 3 33 70 85 82 1 20 60 32 72 86 80 78 29 38 62 100 50 76 73 27 16 39 63 10 42 24 91 75 55 90 98 48 79 65 15 57 88 46 32 21 64 69 84 81 47 75 87 28 52 22 15 4 43 5 18 
12 : 20 83 21 85 86 22 34 16 9 47 5 95 18 75 51 92 82 17 4 68 72 74 7 94 84 11 91 78 39 57 53 2 42 79 40 66 58 8 31 65 28 33 97 50 65 26 96 25 3 67 43 96 89 41 60 63 37 72 89 55 64 17 52 88 14 81 1 12 87 61 43 62 90 23 76 56 59 69 77 59 98 19 70 26 27 97 29 43 35 80 3 46 71 48 10 24 13 38 84 93 
13 : 19 42 38 54 59 15 74 45 79 6 14 46 10 57 89 98 23 12 33 73 41 21 34 66 61 87 89 18 27 100 73 81 60 29 61 83 3 33 72 85 26 25 9 44 68 28 92 1 35 49 21 53 40 11 83 24 59 31 64 55 70 41 78 67 97 22 13 84 8 2 80 65 50 30 32 36 16 75 4 95 20 79 43 69 47 86 93 48 19 82 52 91 39 64 37 95 58 76 56 93 
1 : 75 96 52 19 28 4 16 91 21 27 92 41 78 40 71 44 56 33 63 70 79 93 46 14 64 87 59 8 76 55 5 13 80 69 53 51 58 9 24 98 29 62 12 6 97 54 23 66 67 2 45 74 90 1 20 17 94 61 89 31 39 99 25 34 32 81 72 68 88 86 35 48 95 88 36 38 26 49 18 11 7 65 50 47 100 15 85 83 30 57 77 60 84 10 82 3 37 43 22 73 
12 : 54 76 13 89 16 94 41 33 100 82 61 37 83 20 32 84 54 73 5 91 17 66 2 18 75 66 64 1 85 7 71 58 70 48 44 83 87 45 82 40 10 16 35 29 45 96 98 93 22 46 86 74 92 90 59 15 99 97 35 95 65 80 27 26 63 9 39 21 72 67 8 6 60 23 81 43 36 50 56 52 76 33 53 69 51 31 19 88 11 12 34 66 58 49 8 55 25 3 14 62 
12 : 66 20 61 3 36 47 100 12 66 84 42 45 4 40 86 67 1 95 82 48 65 27 71 50 38 5 77 41 58 70 73 15 88 37 44 79 2 42 99 75 16 10 43 60 41 94 24 32 13 31 68 27 87 97 57 52 62 39 30 74 93 6 96 55 65 25 90 76 35 43 34 48 51 63 9 54 36 69 83 81 49 22 7 89 59 86 76 28 17 14 18 64 58 5 8 98 80 53 92 21 
5 : 75 36 67 99 77 85 26 35 31 41 45 38 56 58 85 43 15 74 48 88 95 78 71 54 80 32 57 70 55 61 83 42 44 76 96 2 75 68 17 51 62 60 47 5 1 93 11 37 38 20 66 49 40 53 6 24 22 39 16 7 73 91 81 94 75 87 30 84 9 46 65 64 29 23 20 21 82 10 33 72 4 98 59 52 50 100 89 28 79 3 13 63 97 18 14 34 90 25 86 19 
21 : 24 59 50 12 48 94 68 28 19 99 100 23 61 49 71 1 65 52 55 62 29 1 14 93 51 81 92 15 44 90 5 11 36 26 56 63 35 10 37 20 53 49 72 12 51 60 63 72 58 87 83 9 78 15 91 86 35 30 79 57 85 96 7 61 27 14 15 88 70 8 73 97 10 16 67 34 35 82 78 94 43 81 4 75 6 55 17 33 16 32 84 59 25 27 77 74 66 40 42 57 
3 : 78 94 57 44 79 13 15 34 80 2 83 28 31 65 53 88 68 40 97 41 82 90 4 37 12 25 39 6 60 89 47 77 46 92 56 70 51 27 96 10 7 72 54 43 75 58 8 73 78 97 100 45 14 9 5 86 95 93 85 21 35 64 1 19 33 63 23 67 81 22 87 26 49 11 16 69 66 52 38 17 71 24 59 29 55 18 32 20 36 99 30 50 3 88 61 48 98 62 76 91 
6 : 29 39 11 72 77 65 51 48 80 54 18 50 69 13 62 55 73 27 90 60 1 83 20 58 4 61 26 46 17 91 67 92 44 21 6 15 34 14 96 42 62 89 9 93 49 22 76 52 5 63 36 71 78 32 95 13 32 84 81 62 56 3 38 12 75 33 59 99 74 43 97 35 23 40 86 37 100 1 25 16 70 30 82 24 31 8 19 85 68 7 87 88 53 94 41 79 32 28 98 45 
