100
1 5 7 7 7 9 11 12 12 
2 3 5 9 9 10 10 10 11 
1 3 4 7 7 7 8 9 9 
2 2 2 2 4 4 5 6 11 
1 3 6 7 7 7 10 10 11 
1 3 4 7 7 9 10 13 13 
1 1 4 4 4 4 5 6 11 
1 2 2 2 5 10 10 10 11 
4 4 8 11 12 12 12 12 12 
1 1 2 6 6 6 6 9 10 
1 3 4 6 8 11 11 11 12 
1 1 1 6 6 7 8 8 10 
4 4 4 4 5 8 9 9 9 
1 5 5 5 5 5 5 8 11 
1 2 3 3 5 8 8 12 13 
1 2 3 5 8 9 10 12 12 
1 3 5 5 7 7 8 10 12 
1 2 4 7 9 9 10 11 11 
1 1 1 1 2 2 4 7 10 
2 2 3 6 7 9 11 11 12 
1 2 2 3 8 9 9 10 10 
3 3 4 4 4 7 8 9 12 
4 5 7 7 7 9 9 11 11 
2 2 6 6 6 6 8 10 11 
2 4 6 6 6 6 6 12 13 
3 3 3 4 8 10 10 12 13 
4 4 7 7 10 10 11 13 13 
1 1 1 1 1 1 2 3 3 
1 3 5 5 5 8 11 11 13 
2 7 7 8 9 9 11 11 12 
1 4 4 5 6 9 10 13 13 
2 2 4 8 8 8 10 10 12 
1 1 1 1 1 2 4 13 13 
1 1 1 1 3 6 11 13 13 
2 4 4 5 7 8 8 11 11 
5 5 7 8 10 11 11 12 12 
5 6 7 7 8 10 12 13 13 
4 4 4 6 8 11 11 11 13 
1 2 3 4 11 11 11 11 12 
1 1 1 4 6 9 9 11 13 
1 2 3 4 7 8 13 13 13 
1 2 3 3 6 6 10 11 13 
2 2 2 3 6 6 6 8 8 
1 1 1 2 3 3 6 11 11 
3 4 4 4 4 4 4 5 11 
2 2 6 10 12 12 12 13 13 
2 2 2 3 3 5 8 9 10 
1 1 3 5 8 9 9 11 13 
2 2 4 5 5 5 7 8 12 
5 6 6 7 8 8 11 11 13 
4 4 5 7 7 10 12 12 13 
1 1 2 2 2 2 6 7 12 
1 1 4 5 5 5 5 10 11 
4 4 5 5 5 8 13 13 13 
1 7 7 7 8 8 8 8 13 
1 2 4 5 6 9 9 10 10 
3 4 4 4 5 7 7 8 10 
2 7 10 10 11 11 13 13 13 
5 5 7 7 10 10 10 13 13 
1 1 1 5 6 6 9 9 10 
1 2 3 4 4 8 9 10 12 
2 4 8 10 12 12 12 12 13 
4 4 5 9 11 12 12 12 13 
1 2 3 5 6 7 8 10 12 
1 1 4 4 5 7 11 13 13 
3 3 4 5 5 8 11 12 12 
1 5 8 8 8 9 9 11 13 
3 3 3 3 5 7 7 8 9 
4 4 4 4 5 5 5 8 10 
1 3 4 4 7 7 8 12 12 
2 3 3 3 3 4 4 5 11 
2 5 5 7 9 11 11 12 12 
1 2 2 2 6 6 6 12 13 
4 6 6 6 6 7 8 8 11 
2 6 7 8 8 11 11 11 11 
2 2 6 8 8 9 9 12 12 
2 2 7 7 7 7 7 7 10 
4 8 8 8 10 10 11 11 11 
2 3 7 7 7 7 10 10 10 
2 6 6 9 12 12 12 12 13 
2 4 4 5 5 5 9 9 13 
1 2 2 8 11 13 13 13 13 
2 2 2 4 5 7 11 13 13 
3 4 4 5 7 7 9 9 11 
2 4 5 5 5 5 5 7 13 
1 2 5 6 9 9 10 10 13 
4 4 9 9 10 10 10 12 13 
1 1 1 2 2 3 3 5 11 
5 5 7 7 8 10 11 11 11 
1 1 1 1 1 3 9 10 10 
3 4 5 5 7 7 9 9 9 
2 2 2 3 3 4 5 5 9 
2 3 4 6 11 11 11 12 12 
4 4 4 7 7 13 13 13 13 
2 3 7 8 11 13 13 13 13 
1 2 3 5 8 10 13 13 13 
8 9 9 10 10 10 10 12 13 
1 2 6 7 7 9 9 11 13 
3 3 3 4 4 7 10 10 10 
2 2 3 3 4 6 9 10 11 
7 6 2 13 6 13 7 6 11 
8 12 13 4 6 13 6 1 13 
12 13 13 2 3 9 9 8 4 
8 11 9 1 6 2 13 2 10 
2 12 12 1 2 8 8 11 13 
5 12 7 1 8 5 3 8 5 
8 4 5 2 12 3 8 12 2 
4 5 6 8 10 8 4 9 10 
7 8 12 9 10 7 4 1 13 
5 3 7 13 3 8 1 6 1 
11 10 13 11 5 13 4 8 6 
8 11 5 12 9 9 10 5 1 
12 4 3 6 13 2 12 6 9 
8 1 9 10 10 12 9 4 5 
6 5 11 13 10 9 6 7 10 
9 4 10 10 9 3 12 6 11 
3 13 10 4 11 4 4 11 5 
6 13 1 6 3 8 9 1 3 
13 6 13 3 13 13 10 11 5 
7 7 4 2 11 11 1 3 9 
7 12 4 1 6 12 1 5 5 
3 1 4 8 13 1 10 1 3 
6 12 2 1 2 8 1 4 1 
8 1 3 9 11 4 6 3 8 
4 8 7 7 11 5 8 2 6 
2 6 8 13 7 5 6 5 3 
13 5 1 9 5 2 2 5 10 
12 6 9 11 12 4 13 12 12 
12 1 3 6 4 12 1 9 4 
13 8 5 5 1 3 8 5 8 
6 6 13 4 1 12 5 7 9 
11 1 6 3 5 1 11 3 13 
9 10 13 5 8 11 13 10 5 
5 3 8 6 11 1 4 7 9 
7 11 9 1 8 1 10 5 3 
2 10 1 13 6 10 2 4 1 
6 8 10 9 1 13 10 6 7 
1 12 5 9 12 4 7 3 10 
6 1 4 7 7 6 6 12 9 
3 13 8 1 10 1 5 8 4 
3 13 9 13 9 11 8 5 2 
11 9 8 11 10 12 7 11 10 
10 6 6 6 9 9 5 13 3 
13 3 12 9 2 10 4 12 10 
9 10 2 2 10 11 13 6 6 
4 9 11 11 6 11 2 12 2 
7 1 12 9 8 8 7 10 6 
6 10 12 9 2 11 10 13 12 
5 12 5 2 7 9 11 7 8 
9 5 7 9 5 7 4 13 11 
9 12 6 13 13 2 4 8 8 
6 12 13 5 8 12 3 10 9 
10 6 12 10 10 3 3 2 9 
2 5 1 6 11 10 3 8 11 
6 6 5 6 13 6 3 9 10 
8 5 8 11 11 3 8 3 11 
10 11 1 9 1 13 13 2 4 
13 12 1 4 8 9 8 6 10 
9 13 13 8 2 13 8 5 11 
5 10 6 9 7 2 11 5 3 
3 6 8 6 12 10 11 3 6 
13 2 3 9 6 1 5 9 6 
2 2 11 3 3 5 6 9 10 
3 6 9 9 13 9 13 5 6 
11 10 7 13 11 6 6 1 11 
13 8 3 1 9 9 1 10 5 
6 12 4 9 13 10 10 13 4 
8 10 1 4 6 13 6 5 11 
12 5 13 10 1 8 12 4 5 
9 8 1 8 9 5 11 10 9 
9 2 5 11 13 8 9 3 2 
5 3 9 13 2 10 1 6 10 
5 4 6 8 11 12 10 7 1 
2 12 1 9 8 13 2 3 6 
3 11 2 10 7 12 8 4 4 
9 7 8 13 7 7 1 7 3 
1 5 5 12 10 10 2 3 3 
10 13 1 1 13 9 2 1 9 
8 8 13 4 2 13 2 11 1 
13 13 12 11 10 6 8 6 10 
12 12 5 9 9 13 8 3 5 
3 5 9 9 13 12 1 4 6 
9 13 13 11 10 10 10 3 6 
4 6 7 9 11 3 10 2 9 
9 3 13 8 6 8 1 8 1 
6 6 11 10 1 13 3 5 8 
13 8 2 8 1 6 1 13 6 
10 12 6 13 10 5 4 1 13 
4 9 11 10 3 11 3 5 10 
12 1 9 10 10 8 4 7 12 
6 7 2 12 6 6 6 1 10 
4 12 3 10 2 1 1 7 2 
1 12 7 11 9 10 12 9 3 
12 1 7 3 3 10 5 11 12 
4 1 3 2 4 8 8 4 7 
10 10 1 3 1 8 7 5 1 
9 11 12 4 5 13 9 11 12 
3 5 7 5 13 7 4 10 6 
4 12 4 13 5 13 7 1 11 
4 10 9 1 7 9 13 4 7 
