1000
41 40 38 37 20 19 4 2 46 35 1 5 
32 3 40 7 5 26 33 42 48 16 18 34 
25 48 19 35 6 13 15 24 32 20 47 36 
3 30 26 32 38 18 14 25 6 7 12 2 
6 24 18 38 36 20 8 10 14 44 45 46 
43 23 13 29 21 44 1 19 41 14 7 32 
9 33 28 15 2 16 20 8 38 21 34 6 
27 15 22 36 3 7 13 6 2 17 10 9 
37 10 1 46 23 43 39 47 29 34 19 21 
10 27 4 33 24 7 12 17 44 8 1 28 
26 30 2 19 31 45 48 6 27 33 8 32 
12 42 48 47 19 10 16 9 17 13 20 44 
23 14 24 18 45 21 2 32 13 30 7 5 
36 23 17 12 33 40 32 22 38 1 16 48 
31 8 10 24 16 34 4 19 32 3 17 41 
21 5 32 27 23 33 7 20 48 16 15 18 
32 6 16 10 11 29 23 27 21 25 24 9 
19 26 38 6 42 22 43 45 15 9 5 25 
25 48 13 44 18 16 3 41 40 10 26 43 
6 3 27 38 13 41 47 18 11 39 45 30 
5 16 3 22 46 2 18 12 36 29 21 33 
44 40 1 26 41 3 9 7 45 48 33 12 
1 43 5 7 27 8 19 36 25 41 11 21 
18 39 6 29 3 32 30 15 43 7 47 46 
48 32 23 9 37 42 35 38 46 4 14 19 
37 47 40 39 32 44 38 16 14 12 35 31 
24 11 26 3 17 12 45 13 22 6 28 36 
43 48 21 5 45 1 4 27 14 22 32 15 
4 23 27 39 48 33 35 29 36 21 24 46 
27 22 33 1 44 36 21 28 39 20 34 4 
17 29 26 36 31 38 27 6 48 18 16 7 
42 16 25 41 43 35 14 26 45 12 20 29 
34 3 35 8 36 5 39 13 27 33 1 40 
47 28 34 27 26 11 32 36 35 1 10 39 
37 26 23 33 9 21 18 4 20 47 19 25 
13 34 28 9 39 29 43 20 32 48 36 41 
1 40 6 37 17 28 24 38 5 7 2 45 
12 31 3 45 29 18 5 15 4 9 37 32 
15 11 1 21 25 28 13 5 26 34 9 27 
30 44 28 40 12 9 11 36 21 33 48 6 
36 7 32 6 40 45 43 38 19 18 23 47 
31 48 4 38 43 13 1 9 45 39 17 21 
12 3 5 32 8 37 18 34 15 22 25 43 
41 46 13 15 35 4 16 20 27 38 6 24 
3 24 19 41 10 26 2 46 35 13 39 8 
17 37 41 48 46 44 36 39 34 20 24 42 
29 26 47 19 13 12 45 1 2 43 34 10 
13 9 7 5 48 3 10 23 30 42 45 1 
37 18 30 29 36 35 26 42 41 48 13 31 
35 6 21 37 7 41 15 4 25 8 47 33 
32 31 24 1 22 27 47 29 18 4 15 35 
38 42 3 37 28 39 23 10 45 41 5 13 
33 46 14 18 11 9 28 23 7 48 39 3 
46 19 28 15 35 13 38 33 12 31 32 17 
35 14 43 7 45 24 6 32 47 23 48 38 
20 15 48 28 17 2 3 36 5 44 1 6 
30 47 37 34 20 35 7 11 24 46 3 44 
22 26 20 29 36 31 19 7 37 42 35 43 
27 21 10 44 16 12 29 15 9 33 40 14 
42 39 33 9 37 11 48 14 46 34 26 29 
48 12 45 38 15 6 8 25 43 32 33 34 
24 4 22 45 44 33 20 42 21 9 13 27 
27 44 12 6 10 18 24 19 14 41 22 25 
20 46 48 28 7 16 36 17 38 9 3 27 
23 6 10 21 43 38 18 31 25 11 15 44 
46 35 27 22 1 47 12 40 33 44 19 11 
9 2 16 12 20 14 27 18 8 17 30 47 
7 9 13 41 40 25 4 43 6 3 16 32 
34 43 46 9 27 39 1 37 19 14 2 21 
24 40 47 45 9 17 7 5 4 18 42 36 
5 47 25 40 45 26 28 38 10 35 37 7 
24 4 28 31 47 3 1 21 8 16 45 6 
35 2 14 1 31 7 13 45 39 17 18 27 
21 11 45 9 32 41 10 43 7 36 19 33 
45 36 7 11 1 20 23 6 25 39 4 46 
26 8 27 16 35 47 42 4 31 30 38 9 
38 1 31 22 15 35 10 45 26 6 13 14 
8 33 10 30 13 11 23 48 39 36 47 31 
31 41 42 44 8 40 46 21 2 32 36 30 
13 24 37 47 10 29 5 9 28 40 35 19 
40 4 41 11 22 18 45 35 9 20 37 15 
17 39 36 21 34 27 24 28 31 19 1 38 
43 37 3 26 17 13 47 25 32 24 14 39 
42 35 46 3 38 32 7 5 43 45 27 8 
33 38 30 19 36 8 12 37 11 21 2 34 
18 45 5 10 44 31 19 3 35 28 33 37 
41 40 11 48 16 21 6 32 9 12 29 18 
2 30 48 26 7 22 4 25 31 23 10 47 
40 19 39 1 11 6 13 4 8 30 35 38 
28 15 27 39 14 36 3 7 34 45 8 48 
38 33 32 22 25 44 24 37 42 31 36 15 
44 38 17 18 43 3 29 10 22 5 12 42 
34 37 46 42 18 27 20 31 29 17 21 24 
43 13 45 12 27 40 35 5 6 21 30 1 
42 1 38 29 10 8 30 45 33 9 15 7 
46 21 14 20 6 38 47 9 40 22 5 25 
31 36 13 23 12 43 25 24 38 47 16 4 
21 5 27 40 15 1 6 4 44 16 36 12 
26 31 40 18 33 14 17 48 27 24 6 43 
40 13 38 44 26 43 11 41 7 47 9 18 
3 47 43 45 41 44 4 40 36 27 33 34 
2 28 21 41 43 9 19 5 25 14 40 4 
28 19 15 33 24 4 31 22 13 25 37 9 
42 41 6 32 28 37 43 19 30 17 38 40 
33 24 19 20 32 28 36 14 26 22 34 39 
35 27 7 31 46 16 33 9 40 38 28 14 
41 11 36 46 6 31 23 47 20 13 26 7 
27 46 16 14 17 2 39 8 3 44 31 19 
20 18 35 12 42 30 1 26 38 37 13 16 
15 14 22 39 1 10 27 13 21 19 7 26 
37 9 41 13 23 25 10 11 42 12 30 5 
38 4 33 42 8 18 9 44 1 2 25 24 
14 3 10 19 31 48 2 25 39 26 42 47 
3 42 2 1 26 15 35 22 10 48 17 40 
28 18 47 3 12 45 25 41 13 26 31 44 
45 36 1 35 2 44 29 32 24 41 18 30 
43 41 29 46 32 38 45 33 6 23 44 36 
6 35 23 41 33 31 14 38 27 3 40 8 
14 31 6 2 13 12 21 43 40 5 42 47 
2 22 11 43 1 9 8 24 17 18 5 48 
1 17 32 44 39 41 13 48 28 27 24 2 
22 10 21 25 11 7 43 40 47 36 12 23 
18 38 22 32 21 20 30 35 34 31 33 45 
26 30 18 40 44 32 4 42 41 38 3 10 
30 40 43 34 47 18 48 19 36 6 25 27 
40 23 30 39 41 26 15 25 29 12 14 21 
3 28 14 22 19 36 33 12 2 46 26 15 
9 46 32 30 21 20 29 7 39 25 2 27 
4 23 24 3 2 46 43 10 45 28 41 7 
8 45 44 16 23 3 24 18 46 4 5 37 
24 38 5 26 25 14 7 33 35 1 48 2 
36 4 7 43 12 44 21 15 18 29 8 3 
22 16 19 39 47 1 27 23 8 34 38 46 
14 3 1 42 9 32 47 20 26 8 33 35 
39 48 38 6 44 5 14 29 23 32 24 41 
15 19 37 44 8 43 3 41 9 26 27 21 
20 9 10 45 5 8 11 39 28 15 6 43 
12 5 3 42 26 24 15 39 43 38 36 46 
9 19 1 25 28 37 23 5 10 6 32 16 
16 10 18 22 25 31 27 2 34 1 5 8 
18 39 12 23 44 30 29 8 14 5 3 41 
39 25 15 45 2 33 26 28 35 43 10 36 
19 17 29 43 40 46 13 14 48 39 23 9 
17 2 45 34 47 14 46 31 4 32 11 30 
27 28 4 48 38 22 16 12 13 35 29 34 
29 21 33 8 31 25 41 18 22 10 27 45 
9 21 11 46 6 17 47 26 48 30 23 27 
35 32 30 1 3 42 23 12 11 9 14 16 
29 15 19 13 17 1 45 43 27 38 28 32 
32 14 17 34 30 39 4 29 38 12 26 1 
30 33 32 15 10 19 41 22 13 28 43 36 
42 28 35 48 46 16 11 27 17 4 38 7 
43 17 46 22 19 27 12 37 8 10 24 9 
38 12 4 17 47 5 21 31 3 7 33 15 
21 22 23 1 42 6 41 45 38 35 43 36 
23 36 21 15 22 40 35 5 9 47 19 6 
7 17 9 13 36 44 22 29 43 23 5 40 
37 11 3 45 25 43 34 7 28 13 36 30 
17 4 16 19 30 26 42 20 12 32 25 22 
31 30 33 37 32 12 7 23 48 45 20 29 
30 19 44 16 26 15 14 42 36 38 23 3 
47 39 42 10 15 13 32 43 5 9 38 1 
29 46 41 30 9 38 13 35 26 27 7 24 
23 33 16 2 13 15 8 28 22 14 20 7 
31 8 15 33 6 22 18 40 14 12 34 48 
27 12 37 7 3 39 35 34 42 1 14 10 
26 29 33 11 23 24 14 25 31 18 41 36 
1 16 17 34 5 43 28 3 12 21 7 11 
12 11 40 16 34 17 13 22 15 39 42 31 
45 4 47 9 27 18 25 44 20 29 21 39 
33 32 28 5 4 16 19 24 37 42 13 1 
47 36 13 24 2 41 3 46 16 17 32 12 
12 18 14 37 16 27 34 2 4 10 6 26 
26 30 7 48 34 5 16 13 36 39 10 1 
20 38 22 17 46 10 48 8 13 12 37 6 
28 35 29 8 43 38 45 23 39 32 15 42 
40 9 16 43 47 8 1 3 26 46 42 13 
44 48 37 45 27 32 9 36 47 2 13 24 
29 23 35 18 24 14 39 42 31 36 44 8 
37 24 3 16 44 36 43 27 23 5 13 9 
25 21 27 34 33 43 19 6 3 47 16 48 
46 16 28 15 18 35 21 19 42 23 1 39 
18 12 9 24 48 22 28 42 19 1 30 14 
40 19 48 45 31 9 14 29 22 20 23 18 
22 37 16 26 19 4 2 46 21 45 6 8 
19 8 29 28 14 25 3 30 41 36 38 44 
32 28 38 42 35 46 20 44 29 33 43 1 
35 25 23 8 5 14 24 43 40 44 36 38 
17 11 26 13 41 16 25 33 7 46 22 27 
24 42 10 2 45 38 13 25 36 21 18 28 
19 40 32 38 2 11 27 48 9 43 41 12 
9 34 2 23 36 44 38 21 45 4 3 40 
46 31 17 28 47 13 24 2 41 1 32 8 
23 45 21 7 39 2 6 28 38 19 10 17 
12 36 10 29 9 25 31 7 48 46 13 5 
30 22 36 17 8 41 4 20 24 32 37 7 
44 10 24 35 34 9 28 37 23 5 15 46 
40 9 5 14 22 31 26 43 13 30 44 4 
27 23 3 8 43 19 17 31 28 36 35 20 
47 19 8 42 10 32 36 40 12 13 6 29 
4 3 41 33 15 10 14 27 29 40 28 9 
5 33 8 26 7 15 29 23 32 25 45 24 
27 7 20 21 17 32 16 3 23 35 48 22 
18 43 25 9 32 40 23 48 5 2 16 15 
34 42 13 3 12 5 27 29 19 30 24 37 
48 41 5 45 21 35 40 31 30 27 47 13 
46 22 40 37 18 43 44 20 41 13 30 45 
45 21 15 10 9 19 46 47 27 33 8 12 
1 19 38 22 39 42 21 4 18 12 35 43 
40 36 22 17 45 38 48 39 10 11 31 25 
6 15 3 5 2 16 41 44 1 34 38 20 
11 35 18 38 19 27 5 10 2 46 3 9 
37 34 6 41 40 22 24 36 15 38 1 32 
24 45 29 46 42 48 19 14 12 8 32 1 
15 36 46 11 18 9 1 27 47 24 30 4 
10 1 5 29 4 38 30 43 19 31 12 44 
21 14 26 35 5 40 46 41 7 25 28 34 
39 48 19 28 15 32 17 45 14 7 43 21 
47 5 18 44 48 43 22 14 38 27 42 7 
14 12 22 20 40 1 25 31 15 4 39 32 
27 22 14 40 20 31 36 2 3 23 24 11 
26 8 4 24 14 20 6 19 35 30 48 37 
18 10 13 9 43 17 45 35 36 46 14 8 
38 37 11 7 27 4 2 21 33 45 23 15 
11 15 32 14 30 39 24 25 13 19 5 28 
6 38 41 32 10 2 44 13 43 19 15 21 
43 17 13 14 46 32 41 10 15 44 4 37 
47 11 38 21 31 24 40 12 34 3 17 36 
3 1 39 2 12 37 29 7 33 32 23 4 
14 15 42 9 24 36 32 22 13 35 40 12 
38 4 27 3 20 43 37 35 32 5 26 7 
36 18 9 45 6 27 48 8 44 25 39 5 
16 22 12 13 48 41 40 27 36 28 26 17 
11 26 28 46 45 42 36 40 38 33 27 8 
26 47 46 7 37 8 23 10 35 3 43 30 
17 48 30 38 4 25 39 11 42 27 35 23 
43 2 14 27 22 18 16 45 9 21 34 44 
24 4 48 2 7 3 45 32 31 30 10 46 
47 8 11 36 19 10 41 22 4 24 17 15 
10 27 21 31 1 32 40 24 20 26 29 22 
22 4 43 15 32 18 42 39 8 16 7 5 
38 45 30 7 9 33 25 43 39 11 37 12 
27 15 2 1 42 36 44 31 12 22 32 23 
18 48 20 14 11 44 47 28 33 42 2 26 
39 34 17 32 2 24 14 46 28 5 10 47 
1 44 22 39 13 9 7 47 45 41 33 37 
42 10 35 23 24 13 12 5 18 30 41 34 
13 47 42 12 10 16 36 48 38 15 25 27 
25 28 23 21 40 13 42 34 36 39 41 48 
40 8 9 7 17 36 31 27 1 22 14 39 
3 1 6 42 30 18 7 17 10 25 15 47 
12 33 42 3 47 48 18 28 9 7 29 35 
9 48 34 37 19 15 5 30 22 33 13 46 
11 17 33 6 45 44 19 14 5 10 8 31 
24 22 13 4 36 25 16 43 7 30 48 27 
38 2 36 33 42 23 22 41 14 24 19 37 
21 4 28 2 9 5 6 35 41 40 22 20 
28 19 47 20 21 3 4 46 32 16 10 43 
46 10 4 15 22 31 1 24 25 36 30 26 
7 33 10 12 27 9 4 30 21 47 41 20 
4 18 35 47 24 19 39 46 42 33 9 44 
17 10 1 35 20 30 44 43 14 46 31 24 
21 45 7 18 31 25 36 23 10 20 11 15 
34 30 41 14 17 4 37 8 1 27 12 23 
1 25 40 19 35 7 16 11 33 6 18 34 
8 23 5 29 2 27 48 4 28 9 38 39 
41 15 34 10 26 22 2 24 23 42 16 29 
20 9 44 33 32 11 30 14 29 5 25 45 
9 13 19 11 34 16 15 28 12 39 20 32 
27 6 28 45 18 8 42 10 24 15 17 47 
12 3 18 26 41 24 34 44 46 17 7 10 
47 28 32 27 19 18 31 34 48 16 4 41 
44 45 6 38 13 34 2 31 39 32 22 17 
43 12 3 36 44 5 41 26 30 22 9 34 
12 35 19 6 11 15 31 42 25 23 27 26 
47 30 22 42 25 14 34 24 17 4 48 3 
25 44 27 43 32 38 24 37 20 10 5 18 
35 4 12 5 40 7 21 48 27 31 36 44 
37 17 35 33 8 18 47 27 31 43 42 12 
6 28 34 13 36 29 16 22 35 7 1 20 
13 21 38 46 24 35 3 28 7 12 33 32 
1 20 42 15 26 8 13 32 36 28 23 22 
23 31 24 7 19 28 14 15 3 46 12 45 
14 18 39 11 37 45 6 21 34 25 31 15 
16 5 48 25 18 4 12 20 37 35 3 24 
2 34 31 24 12 42 10 19 48 33 8 7 
4 33 18 48 31 40 26 20 29 30 28 32 
22 31 41 38 12 28 30 15 2 9 19 11 
9 39 7 29 3 33 27 25 36 13 37 35 
20 35 9 39 27 7 45 22 19 3 32 26 
37 10 6 35 5 26 24 1 3 40 36 46 
1 20 25 44 15 18 37 2 47 27 42 48 
6 40 28 46 7 13 20 17 23 29 9 36 
14 45 37 32 21 10 11 44 12 43 15 2 
39 24 10 27 14 21 33 32 44 28 38 6 
11 36 26 13 15 37 14 33 44 35 12 45 
34 46 28 10 42 8 16 11 36 14 5 15 
35 39 5 17 43 15 24 7 48 31 22 27 
14 2 48 47 7 18 25 6 21 28 41 37 
39 30 15 6 40 23 44 41 26 10 38 48 
7 44 47 43 33 26 37 17 10 5 36 4 
26 29 35 33 5 14 15 31 28 25 13 38 
47 31 19 22 18 17 34 40 39 9 16 21 
8 15 41 36 38 4 21 39 9 22 6 35 
43 8 3 23 47 48 40 44 41 26 25 24 
9 24 13 16 25 31 33 32 17 42 39 26 
41 3 24 27 45 29 4 30 5 39 26 25 
18 31 4 37 41 9 2 12 10 36 17 21 
12 7 5 40 21 15 20 9 13 30 35 38 
6 16 14 24 42 1 21 40 23 25 15 29 
20 34 25 38 47 12 18 33 17 1 40 41 
45 29 8 13 11 10 26 41 16 39 47 30 
31 13 24 22 39 20 38 23 27 12 19 11 
14 22 10 6 33 28 1 46 4 31 44 42 
11 41 42 19 36 2 37 47 39 15 26 32 
12 25 27 45 30 24 31 43 48 16 8 9 
37 16 30 43 34 8 1 9 7 27 23 33 
36 45 18 20 5 31 10 2 12 32 11 48 
39 8 3 34 15 43 28 11 10 14 40 36 
23 20 14 13 10 25 33 8 9 46 45 22 
33 13 6 41 11 32 35 37 31 43 10 42 
27 10 25 30 44 16 21 29 38 9 46 4 
40 21 11 44 48 6 38 35 24 34 26 27 
4 27 33 37 35 38 24 40 28 3 15 10 
35 47 20 27 9 42 43 15 41 30 31 32 
43 6 29 46 42 18 20 13 36 19 2 38 
2 36 23 21 41 17 45 4 25 39 27 24 
44 18 37 23 39 10 19 32 4 12 16 35 
48 7 5 12 33 21 25 18 45 35 20 37 
39 3 23 13 4 43 27 18 28 36 26 15 
21 42 17 8 20 28 45 32 14 3 13 31 
33 41 34 32 38 45 6 47 46 27 43 19 
37 44 45 27 26 6 3 41 17 48 9 46 
25 26 19 22 33 40 35 31 15 46 2 7 
34 19 28 5 37 46 24 9 8 23 12 43 
48 12 6 28 9 18 31 22 20 45 15 3 
3 11 12 9 32 7 38 37 19 39 22 34 
42 8 37 19 22 17 25 5 9 34 29 21 
27 35 43 46 23 19 14 36 5 12 17 32 
17 33 8 34 19 29 22 18 37 4 7 10 
9 36 29 20 2 12 16 8 5 45 47 7 
47 25 44 13 41 31 40 45 20 39 16 42 
48 7 24 15 30 33 27 3 9 19 21 38 
27 42 48 4 23 10 33 34 12 26 44 24 
36 15 30 28 26 40 14 6 11 16 22 9 
44 21 6 48 8 35 29 39 2 32 24 1 
40 38 13 29 12 48 19 27 32 1 18 26 
38 24 32 14 42 18 23 37 27 10 34 8 
8 6 41 1 13 17 18 46 45 40 2 31 
14 39 15 22 40 2 6 35 4 24 8 46 
46 18 19 32 4 7 47 23 6 14 45 15 
23 5 17 33 36 6 3 4 39 38 29 12 
39 48 4 1 34 9 43 31 21 35 26 19 
11 20 23 35 40 18 34 5 41 47 8 30 
22 4 25 39 19 37 24 1 45 42 29 12 
29 15 33 23 44 11 14 2 46 7 16 9 
37 45 22 15 13 41 48 23 44 27 24 20 
23 17 41 42 43 48 21 35 24 15 31 3 
40 26 37 47 6 31 13 25 35 23 17 7 
29 43 12 47 33 4 21 31 30 24 27 48 
5 8 43 34 10 1 26 44 2 15 32 39 
2 26 4 27 28 9 16 30 10 33 41 29 
14 12 33 5 23 21 25 6 13 11 35 3 
13 15 1 17 32 28 23 14 12 7 43 41 
43 41 44 16 38 36 27 45 8 32 14 37 
35 22 37 20 24 19 2 21 34 43 3 1 
21 2 41 19 39 30 15 34 46 37 40 32 
4 29 2 32 36 22 7 33 9 25 11 26 
40 43 7 38 15 4 45 13 34 30 39 28 
18 10 23 34 31 43 16 39 41 13 8 27 
44 14 22 28 27 5 9 10 25 7 34 39 
7 44 5 43 3 27 8 15 45 47 29 41 
28 41 10 7 18 31 42 11 46 37 21 25 
30 37 3 1 8 6 40 26 29 4 16 17 
5 35 37 19 25 41 14 7 1 34 13 20 
47 26 15 33 4 32 22 40 20 39 6 31 
20 8 17 2 29 39 36 42 7 43 35 48 
14 13 26 37 10 2 4 18 22 28 32 33 
12 36 34 5 9 42 25 13 31 37 2 14 
25 21 6 19 11 12 16 17 48 8 26 38 
24 15 30 11 20 43 41 38 5 10 22 36 
34 24 41 20 46 6 29 23 42 36 25 30 
29 34 18 7 16 1 4 42 43 46 5 10 
46 47 39 6 4 36 17 15 23 48 42 20 
23 25 32 14 22 44 45 3 41 31 27 11 
32 27 10 23 1 8 34 41 13 42 4 24 
26 31 36 29 30 25 43 33 12 34 1 21 
44 7 31 3 48 45 20 37 16 5 23 12 
39 1 34 21 19 13 11 42 8 3 5 23 
45 28 44 5 18 35 4 16 33 43 40 30 
32 12 47 41 43 4 44 5 45 25 11 10 
12 47 4 22 27 15 36 46 14 39 20 44 
29 48 12 9 5 42 23 21 16 7 14 24 
36 34 20 39 17 6 33 38 11 48 7 31 
41 19 33 37 26 32 42 13 23 31 47 7 
44 23 7 36 3 41 1 20 24 33 16 17 
28 24 14 32 35 48 17 22 47 34 42 19 
45 17 4 26 10 14 27 47 16 21 43 32 
8 3 31 22 36 2 35 38 45 12 15 14 
31 5 7 14 15 10 3 39 46 26 47 42 
39 22 46 33 35 43 32 7 48 18 37 15 
15 38 26 19 8 28 4 20 29 22 32 18 
21 32 24 39 16 27 19 43 12 15 6 8 
36 14 21 34 26 29 12 18 15 48 20 35 
41 10 20 2 12 31 33 29 8 19 46 7 
32 40 34 41 17 25 36 4 35 46 24 23 
26 42 25 45 29 40 15 22 37 32 31 9 
13 4 28 16 46 18 48 25 19 37 42 36 
22 8 26 37 41 23 40 46 19 5 39 43 
11 21 30 7 31 14 36 19 32 12 35 13 
24 15 33 38 21 40 39 34 1 23 25 26 
37 41 36 4 47 29 42 35 16 45 18 2 
41 24 8 39 11 42 28 13 40 26 14 32 
38 30 13 5 47 10 9 46 16 33 7 25 
6 19 48 24 33 36 4 37 1 21 5 12 
45 21 26 39 1 5 37 28 34 42 29 6 
46 37 19 3 11 7 43 1 9 31 10 22 
40 22 45 6 4 21 42 10 26 35 15 46 
29 8 24 1 3 27 31 34 32 47 43 18 
3 42 6 21 20 17 16 45 7 32 9 15 
2 41 37 20 23 15 14 18 42 38 40 44 
18 36 47 4 7 1 21 40 29 3 19 37 
35 12 33 37 5 38 28 32 13 17 42 20 
26 9 31 17 25 46 35 42 43 22 1 3 
32 1 29 17 31 14 22 44 26 27 20 25 
19 42 11 26 38 9 13 23 12 20 22 27 
43 44 35 30 18 42 23 2 38 26 47 37 
11 18 26 9 37 23 45 27 14 39 7 48 
17 30 33 44 27 7 36 48 29 35 10 4 
44 29 47 12 46 13 25 8 30 45 23 7 
3 41 2 1 30 28 48 45 34 17 13 23 
34 43 3 5 45 41 47 46 28 8 19 11 
27 36 18 45 7 40 10 5 39 14 28 16 
1 15 41 24 3 30 43 33 31 25 5 12 
20 31 37 16 12 43 24 15 48 29 18 10 
21 9 48 46 22 29 6 28 45 47 8 2 
28 17 8 18 15 21 46 26 47 38 31 22 
37 11 47 9 48 32 43 13 14 2 22 21 
28 6 36 16 23 24 21 18 20 47 14 38 
30 16 34 28 17 8 31 40 46 3 24 48 
14 27 29 6 11 21 24 32 31 40 47 19 
33 30 8 43 44 11 14 41 42 9 26 3 
18 4 19 37 5 20 6 15 27 16 33 39 
3 24 4 34 8 46 19 2 32 18 38 27 
39 28 33 3 42 7 22 19 26 35 6 16 
21 13 15 32 29 26 12 25 1 46 42 34 
4 43 23 11 19 1 7 27 34 39 25 29 
12 40 42 19 33 16 30 24 44 27 37 20 
32 39 21 44 37 33 11 47 16 41 18 28 
20 5 27 39 7 29 24 8 25 43 44 18 
5 28 9 12 37 31 18 10 43 27 16 23 
10 6 44 9 18 37 30 43 14 42 47 33 
11 26 39 33 13 45 9 41 37 6 8 42 
8 11 25 16 5 22 31 47 46 37 12 9 
18 4 10 42 24 20 39 15 19 46 6 27 
15 35 37 1 39 9 13 20 42 12 34 31 
39 8 4 26 20 48 23 13 17 44 30 21 
30 42 17 38 45 43 4 16 33 48 2 12 
9 48 1 23 15 25 38 2 24 10 33 6 
1 3 40 4 25 13 43 29 20 18 46 7 
43 32 22 19 12 41 33 9 10 26 14 28 
2 37 48 35 43 34 46 7 32 8 15 20 
3 45 26 2 11 40 14 15 1 46 4 25 
27 38 19 6 7 8 15 9 35 28 13 45 
16 20 45 23 8 27 17 34 44 32 9 35 
21 12 1 44 47 23 41 26 34 36 28 7 
2 37 47 33 32 25 4 28 30 8 29 9 
19 28 43 24 9 36 39 7 38 37 34 30 
6 18 10 3 44 20 27 39 24 33 14 2 
40 5 11 47 31 2 22 41 21 42 26 32 
48 23 24 44 28 27 22 39 5 21 36 20 
3 27 31 39 19 33 43 48 11 42 32 47 
39 44 47 46 25 2 15 20 29 14 27 7 
8 4 44 2 11 28 47 10 13 6 9 34 
35 40 26 10 9 34 38 28 3 29 39 16 
40 25 20 29 16 1 21 6 24 4 12 38 
19 14 22 18 15 38 48 37 42 17 29 26 
38 13 1 4 5 46 17 15 7 3 41 2 
19 48 18 2 10 37 24 27 23 11 26 33 
48 21 20 9 32 4 43 38 18 46 45 30 
44 34 5 27 24 19 22 6 7 43 42 10 
45 46 1 47 2 41 26 12 31 48 33 21 
32 25 43 11 39 46 40 31 47 15 20 4 
42 13 25 28 29 47 39 46 15 30 8 37 
30 19 10 22 23 48 37 41 25 6 1 5 
4 44 48 7 8 16 30 19 22 18 47 1 
43 26 2 30 33 5 28 15 45 1 13 31 
46 42 4 25 31 32 44 9 27 38 19 36 
11 43 30 1 26 29 18 48 28 33 37 6 
3 11 29 41 22 39 6 44 5 36 23 25 
33 30 28 38 41 10 15 16 1 29 12 27 
41 47 37 20 43 13 45 25 44 5 28 2 
31 48 43 37 42 21 26 44 27 15 7 34 
9 23 45 46 33 17 38 7 6 3 16 31 
18 46 36 35 22 12 8 23 44 25 40 45 
3 41 48 47 25 18 34 13 5 43 11 40 
40 8 7 45 29 41 19 12 11 37 23 13 
13 7 10 22 2 4 15 47 33 44 39 32 
44 25 23 30 40 37 22 4 16 29 24 48 
5 33 32 19 27 15 10 3 47 34 13 35 
8 15 6 20 46 2 11 39 43 12 30 9 
6 2 18 32 4 23 16 24 45 17 41 1 
42 17 26 9 20 27 13 14 48 4 31 33 
27 26 30 1 41 8 31 29 7 24 35 44 
32 11 12 21 1 42 40 35 29 8 37 14 
14 48 39 26 18 13 19 41 7 8 27 16 
28 41 16 14 40 36 8 33 32 44 6 20 
41 8 23 45 33 14 20 35 47 28 42 7 
11 28 15 31 20 12 26 18 48 40 14 13 
38 9 25 11 45 5 40 13 8 27 4 23 
20 45 29 28 35 2 18 30 9 17 7 4 
36 46 37 41 48 25 17 7 28 10 22 33 
40 23 3 44 27 9 24 47 16 5 8 45 
25 14 6 38 32 1 42 12 21 2 24 44 
12 10 13 25 42 19 33 21 31 1 9 41 
7 48 21 24 9 22 32 23 1 36 14 42 
37 21 29 46 18 4 43 39 8 23 44 10 
35 25 19 36 6 39 46 12 29 4 18 16 
12 15 36 43 1 37 22 46 6 28 9 23 
17 22 32 9 40 29 47 19 13 43 45 6 
42 47 11 1 31 14 15 45 16 44 43 29 
5 4 12 26 35 7 13 34 39 48 25 2 
21 30 28 7 17 33 25 36 41 14 46 44 
47 35 9 17 48 20 31 24 36 34 23 19 
48 28 26 23 5 16 20 37 47 38 31 46 
16 5 3 42 47 18 14 1 26 31 13 36 
2 48 43 5 46 13 17 34 4 10 21 26 
9 22 27 30 33 6 10 29 36 23 1 42 
39 20 42 3 31 5 37 27 46 32 36 38 
15 16 4 31 28 35 22 10 12 20 6 41 
3 44 22 10 42 30 13 24 33 16 41 25 
46 6 35 8 38 33 19 4 16 28 34 43 
45 46 3 14 24 36 26 42 17 39 22 44 
41 32 37 39 40 9 47 14 29 42 44 45 
1 7 34 2 16 4 46 15 10 22 25 17 
10 21 29 6 48 19 2 12 47 26 35 32 
24 5 44 11 18 8 4 21 1 12 46 19 
42 30 9 33 14 32 1 36 34 37 23 47 
26 17 11 9 10 40 21 28 25 35 7 5 
25 34 5 42 45 37 33 38 6 15 10 46 
29 43 10 1 20 35 28 5 31 46 14 12 
31 21 36 16 24 32 1 20 10 44 43 3 
2 47 13 17 7 12 27 44 33 26 25 6 
41 6 19 31 37 2 42 24 29 34 5 21 
10 1 38 11 44 4 24 32 13 20 33 41 
42 40 27 14 15 21 31 12 24 9 37 44 
30 33 39 45 35 42 41 21 8 47 29 26 
12 48 14 47 36 8 35 19 45 3 10 15 
38 24 9 25 19 37 48 14 44 11 39 30 
3 31 34 38 30 29 45 8 15 21 23 42 
33 8 15 20 31 48 30 39 42 32 16 14 
26 10 6 36 40 31 44 13 37 42 22 35 
5 30 33 1 42 28 40 35 19 25 22 45 
36 6 25 31 7 9 24 28 4 34 39 27 
12 34 29 21 11 7 35 13 46 48 41 8 
34 35 43 3 31 47 41 16 32 17 11 22 
42 27 6 26 2 4 23 43 17 7 48 28 
46 18 15 2 8 48 6 27 29 4 31 25 
29 37 32 23 46 20 8 12 44 45 15 5 
33 48 14 36 15 21 25 42 3 23 7 20 
11 15 28 18 29 39 26 31 33 22 35 44 
41 42 34 16 6 45 5 14 2 47 46 38 
31 36 44 7 12 35 28 47 37 5 17 21 
45 48 26 43 28 5 8 25 35 4 22 19 
2 22 16 46 4 27 43 23 18 19 26 21 
42 1 29 13 32 30 26 36 15 14 19 25 
44 39 24 18 22 16 47 26 33 48 40 8 
29 28 13 37 23 7 34 42 41 38 11 45 
39 8 25 32 41 23 5 37 6 40 42 16 
21 33 31 24 38 4 14 45 27 8 2 11 
6 35 47 41 30 26 42 32 1 17 33 12 
12 20 4 22 7 11 2 15 39 47 37 34 
32 7 21 5 39 28 30 3 4 34 10 1 
13 4 3 26 24 32 40 30 45 29 36 31 
3 41 36 15 34 22 24 31 46 7 4 47 
10 26 18 21 35 42 44 28 19 25 46 14 
33 5 44 29 17 41 4 18 43 9 30 35 
44 30 16 3 20 33 42 17 18 31 36 29 
15 37 44 39 48 4 24 43 2 38 1 31 
9 43 1 34 28 23 26 36 48 20 2 37 
6 11 27 46 43 26 10 45 39 47 21 38 
3 38 20 12 6 37 19 14 34 10 27 23 
32 19 48 26 39 16 22 1 3 40 37 2 
34 8 38 43 9 45 25 21 12 46 39 4 
7 27 46 42 8 6 36 28 4 11 33 40 
12 46 9 37 15 21 33 39 41 42 20 36 
21 5 42 2 23 39 30 33 25 18 44 27 
35 20 34 21 7 48 16 12 15 46 31 4 
20 19 43 7 36 23 33 29 5 18 28 47 
3 8 22 45 4 10 31 1 28 12 30 25 
19 3 45 29 11 38 12 34 9 43 2 48 
48 16 11 34 22 19 21 26 14 32 40 29 
9 5 6 11 31 12 42 18 13 29 35 24 
8 1 35 27 46 25 14 6 30 47 12 10 
7 34 24 4 25 36 46 32 26 30 41 44 
12 42 7 26 27 35 45 22 10 44 34 3 
32 23 38 6 44 24 17 4 25 15 5 9 
25 29 20 30 47 27 35 40 6 14 15 18 
30 41 1 8 34 46 11 16 31 42 9 12 
33 39 44 9 5 20 43 8 17 10 36 45 
17 26 40 47 45 2 29 35 22 8 25 46 
47 32 9 19 10 13 37 3 1 21 39 43 
12 27 28 31 40 33 42 3 44 17 23 24 
37 25 18 30 33 48 31 29 36 44 15 17 
48 15 2 45 27 40 43 28 23 8 3 5 
23 5 4 38 47 31 45 40 25 1 39 43 
9 37 23 42 34 32 5 38 30 18 41 45 
42 2 19 7 11 4 46 34 33 30 44 40 
14 40 26 23 44 5 22 25 41 10 2 30 
3 6 32 14 22 30 41 31 24 4 10 20 
47 26 20 3 14 1 18 11 10 25 46 42 
42 35 44 14 9 18 29 26 16 25 15 3 
26 6 33 24 11 45 37 14 7 35 19 5 
13 47 21 26 22 43 30 7 18 33 9 46 
41 19 45 30 18 38 20 39 31 26 27 7 
16 31 47 28 43 29 48 15 22 46 21 24 
30 4 5 41 48 10 21 42 20 3 23 9 
34 15 4 37 21 14 47 36 11 13 42 1 
1 7 32 45 35 4 5 31 6 29 41 25 
14 16 36 6 4 28 22 45 1 5 10 47 
43 21 1 33 28 5 14 18 35 47 17 40 
20 34 38 43 12 15 7 11 29 41 30 48 
40 24 41 35 30 11 16 37 36 18 26 28 
33 30 15 36 44 12 13 47 42 21 20 4 
10 46 24 8 22 47 3 30 43 35 13 33 
22 27 7 46 25 9 12 48 24 28 2 19 
33 11 10 48 18 29 38 32 3 4 47 43 
23 48 42 5 41 16 17 19 4 26 6 39 
25 26 23 34 15 17 5 44 32 10 48 11 
27 28 15 14 34 48 11 25 1 3 17 36 
48 15 8 6 14 5 28 10 9 37 31 21 
38 16 46 32 42 10 33 36 39 44 19 41 
28 42 11 44 43 33 22 7 41 8 24 15 
19 14 37 26 39 43 15 34 46 11 29 42 
9 17 7 39 23 35 18 26 14 3 24 38 
10 22 37 34 13 9 16 48 12 15 1 18 
15 16 18 29 3 8 33 37 42 24 4 2 
20 21 38 13 46 15 2 17 22 23 41 9 
35 33 13 42 36 2 21 15 26 32 27 47 
17 7 3 25 43 18 10 8 2 44 14 48 
6 40 2 4 27 11 20 38 24 41 22 10 
34 24 6 3 38 37 36 2 40 28 31 26 
23 46 29 11 25 1 4 19 35 45 7 24 
8 26 30 20 4 46 12 21 48 13 32 11 
48 39 45 32 17 33 42 12 4 2 3 25 
38 9 39 19 48 36 43 18 3 17 20 40 
46 44 17 14 30 10 38 42 27 18 23 19 
23 22 2 21 24 37 28 9 34 13 12 47 
18 28 5 35 20 16 3 45 8 27 14 2 
22 4 9 45 32 11 31 18 16 33 44 40 
14 13 1 8 44 33 10 20 2 35 15 6 
33 23 22 24 46 7 9 31 40 42 27 43 
13 27 10 41 2 32 34 42 36 45 46 17 
24 34 40 12 33 14 29 26 3 5 17 35 
47 36 39 9 43 20 11 37 4 31 48 19 
29 14 35 3 28 24 18 36 25 37 16 4 
14 36 37 4 42 41 34 46 10 32 25 43 
48 31 47 24 37 15 43 27 22 21 29 41 
37 24 15 25 10 38 8 45 36 14 6 3 
25 14 7 11 31 33 6 41 28 47 43 12 
19 45 1 2 36 37 11 32 33 42 16 38 
28 27 31 33 2 14 25 39 38 8 41 9 
2 47 36 30 40 9 19 6 29 16 37 20 
42 4 38 43 48 45 35 24 14 20 22 30 
11 38 3 16 25 21 13 23 31 37 20 15 
3 8 48 23 21 24 31 37 4 38 28 14 
33 44 46 14 32 27 4 38 25 36 18 6 
30 16 19 42 35 10 25 22 2 3 32 17 
24 22 11 38 36 29 48 40 4 8 7 39 
47 39 29 9 18 20 31 19 38 7 35 24 
44 34 35 14 33 37 47 24 6 11 19 15 
4 35 43 26 47 44 33 9 39 2 37 10 
13 38 45 32 25 24 4 46 5 41 12 9 
45 26 24 11 6 38 28 10 34 48 46 29 
41 7 14 31 24 13 18 32 29 36 17 23 
39 5 42 34 15 40 22 20 33 47 31 19 
26 1 5 27 23 18 30 38 37 12 24 20 
20 25 18 21 48 4 35 11 43 45 44 1 
9 37 21 25 6 41 29 1 27 5 13 22 
17 10 46 42 4 39 34 5 12 41 31 8 
26 19 48 41 24 32 11 21 29 34 15 12 
47 45 38 13 25 3 48 34 18 24 22 29 
44 13 30 32 41 5 8 28 20 10 25 47 
48 34 10 35 33 1 2 40 3 12 27 28 
37 25 19 7 42 33 13 14 16 26 18 40 
11 47 25 30 38 22 46 43 1 35 36 48 
3 7 33 47 32 23 4 9 36 15 39 34 
28 41 15 5 27 16 12 23 25 17 10 42 
10 8 36 37 11 28 27 48 5 40 29 3 
6 14 34 28 22 11 36 10 39 31 17 16 
20 32 40 38 8 43 31 7 14 22 23 13 
16 11 2 1 6 40 37 42 43 48 19 13 
22 12 17 3 43 20 11 8 42 45 47 39 
39 47 5 36 22 12 28 9 10 44 46 4 
7 46 10 35 15 41 22 32 37 18 25 11 
31 36 39 24 11 22 45 20 12 35 26 47 
10 21 41 47 31 37 32 11 48 20 8 42 
23 2 35 38 20 27 17 1 13 9 18 14 
44 1 13 34 8 4 7 37 16 27 32 5 
47 40 38 23 19 9 4 5 15 39 3 21 
46 13 11 10 16 33 36 40 24 47 14 12 
34 22 27 6 23 43 5 28 3 26 39 46 
28 16 18 17 1 36 39 48 30 41 31 7 
41 38 47 7 12 23 24 34 26 40 6 10 
35 44 30 5 33 32 1 27 34 14 37 43 
19 26 21 9 39 24 27 29 45 43 10 36 
13 25 36 47 35 32 16 15 7 44 45 20 
20 41 45 27 44 25 46 18 16 36 4 22 
40 27 9 44 10 39 48 14 8 6 3 33 
27 28 15 33 3 46 19 43 30 9 6 4 
8 13 39 26 23 37 10 44 3 41 42 18 
7 10 37 29 34 1 28 2 18 32 20 46 
42 47 27 25 22 20 45 33 5 48 10 44 
9 11 33 30 48 18 42 10 15 3 29 8 
3 5 43 16 33 22 44 40 35 7 31 27 
33 3 11 6 24 21 13 36 46 10 16 26 
19 48 34 11 36 45 15 46 32 1 21 43 
48 34 32 10 43 6 2 13 27 21 47 1 
6 2 8 1 32 26 20 39 43 13 24 10 
32 9 20 12 11 23 47 19 28 8 1 13 
23 31 10 24 41 9 35 7 6 34 32 36 
10 20 25 3 4 43 22 34 14 24 2 29 
30 38 40 43 20 28 18 26 17 25 11 35 
47 23 42 13 16 4 25 20 10 22 30 7 
1 24 29 32 6 33 26 35 36 5 37 31 
13 46 37 15 47 48 35 21 14 29 45 11 
10 2 28 7 19 31 24 39 13 27 32 15 
15 39 33 25 24 13 31 47 45 4 5 48 
38 8 21 17 37 22 36 27 3 48 11 40 
4 43 17 40 6 34 28 9 32 47 36 44 
24 4 19 16 22 18 20 11 12 13 17 14 
33 1 13 44 29 9 45 48 21 36 37 20 
17 44 18 11 28 33 15 34 30 1 20 7 
8 35 9 23 17 16 37 19 28 41 31 42 
16 1 26 29 34 35 28 43 10 8 25 5 
25 26 44 19 38 43 2 3 18 12 32 36 
23 17 34 32 35 2 20 18 29 43 45 46 
13 46 27 26 40 33 15 38 20 21 42 29 
39 20 4 33 46 7 34 44 28 24 41 6 
28 25 12 42 41 30 32 11 36 44 23 7 
33 10 2 46 13 34 8 19 12 48 15 32 
9 43 24 39 15 11 19 30 1 18 36 25 
24 35 29 28 45 6 16 14 44 11 47 40 
36 28 45 3 23 17 11 7 34 25 19 33 
28 30 6 10 13 22 23 14 32 19 47 12 
5 26 14 25 10 48 3 29 35 27 18 33 
46 29 2 30 25 47 33 3 40 12 19 42 
22 21 37 33 48 14 34 24 12 45 26 18 
27 34 13 4 47 44 11 16 8 14 45 37 
48 25 44 17 31 23 10 28 5 40 4 26 
42 31 10 21 3 39 11 41 28 47 34 30 
7 28 15 34 21 8 37 1 45 10 26 17 
45 4 9 18 11 26 3 46 48 12 1 35 
24 17 28 37 15 5 33 27 8 4 44 7 
22 39 31 15 36 4 32 44 12 48 21 40 
9 35 2 14 17 33 45 18 38 25 16 13 
17 20 35 23 30 21 16 13 33 15 22 12 
41 48 24 44 13 37 28 12 14 7 36 23 
23 7 43 20 18 3 1 39 34 36 5 27 
26 30 45 31 34 44 27 38 40 28 48 25 
4 42 21 30 44 20 40 14 9 8 39 18 
32 18 28 1 10 36 44 24 38 20 11 7 
23 45 7 34 33 2 32 14 42 21 37 9 
35 48 43 33 47 37 42 39 3 32 23 34 
47 29 17 19 42 33 46 28 15 40 39 32 
38 22 9 26 48 10 13 29 2 47 36 41 
3 20 31 36 12 45 7 27 11 42 22 5 
11 23 14 20 18 13 35 5 36 8 15 22 
27 10 42 46 23 19 25 37 26 34 29 3 
7 35 12 2 29 18 43 44 25 31 20 8 
29 40 22 32 6 43 28 30 27 3 48 37 
22 35 27 18 2 48 19 36 44 4 43 34 
9 41 25 5 4 45 1 48 43 27 29 39 
47 36 41 11 10 20 44 17 40 25 28 13 
36 28 47 39 30 4 35 40 13 18 32 11 
32 26 38 15 36 47 45 27 33 31 19 37 
29 35 46 1 18 24 17 31 42 12 44 4 
27 20 1 14 5 30 3 42 25 23 2 29 
30 23 47 40 4 38 36 5 35 2 24 33 
1 46 7 18 23 12 25 41 45 31 32 48 
24 48 44 38 14 9 15 3 31 27 11 8 
7 5 33 22 37 1 32 30 34 44 9 27 
48 8 43 45 24 34 16 11 36 6 22 35 
6 18 19 44 17 35 47 2 32 40 8 14 
16 40 29 35 7 48 46 45 19 32 38 13 
31 26 20 13 33 17 9 25 43 1 5 22 
19 45 4 23 16 36 30 39 7 20 3 18 
44 24 5 38 42 23 30 9 10 6 31 11 
17 48 9 10 21 25 20 39 36 8 28 46 
11 8 6 24 15 14 32 48 37 36 41 39 
34 9 42 6 1 44 46 11 26 31 32 37 
26 27 4 44 35 2 3 24 9 21 19 45 
39 14 48 1 3 30 11 13 32 28 18 42 
31 1 11 18 16 20 27 26 22 46 30 47 
46 22 43 5 6 21 31 33 39 15 40 41 
19 40 35 23 44 6 34 20 21 32 8 14 
28 16 17 15 47 9 21 23 13 10 37 38 
10 44 13 43 4 7 15 6 1 17 35 8 
48 31 35 10 42 30 43 29 1 36 24 28 
27 1 26 36 19 15 28 5 41 7 44 47 
33 34 23 28 7 46 36 44 15 20 42 10 
2 12 7 16 27 34 21 41 30 24 36 23 
17 24 44 29 16 25 23 33 5 46 35 39 
26 45 11 7 37 38 48 36 40 28 2 1 
8 15 16 13 20 14 26 19 28 27 43 37 
18 29 6 27 31 24 22 1 39 32 10 4 
40 18 14 11 41 32 7 42 37 44 12 3 
29 30 34 4 32 43 27 24 12 35 28 21 
29 30 43 20 12 2 41 23 32 48 26 38 
1 13 36 32 25 34 29 35 42 4 37 21 
4 44 42 27 28 41 43 48 25 40 16 33 
45 37 20 21 6 32 16 43 28 23 38 22 
27 20 23 15 24 3 45 38 2 14 41 44 
21 33 3 48 46 9 32 28 12 44 4 24 
19 27 22 35 40 24 44 17 33 43 13 48 
26 23 4 8 10 13 34 20 1 46 7 39 
13 16 6 44 38 23 36 4 39 3 9 25 
39 6 33 5 19 16 8 41 17 38 3 23 
11 38 25 40 31 37 14 33 41 21 6 5 
46 14 18 16 7 20 22 13 45 37 42 43 
3 34 11 47 20 28 40 1 15 33 43 13 
48 8 29 5 37 21 13 40 7 3 11 25 
46 40 13 23 42 15 43 9 3 12 41 32 
34 29 28 44 10 43 26 41 21 18 35 5 
32 15 40 39 20 24 7 2 46 14 3 11 
1 28 33 18 41 46 3 15 40 19 44 42 
23 13 19 21 31 9 38 22 26 2 14 44 
11 33 43 35 48 13 36 28 2 9 23 30 
17 21 45 37 4 5 11 43 19 31 36 13 
16 44 31 45 12 3 27 21 40 28 26 41 
44 41 38 43 31 27 33 3 15 19 18 46 
27 26 46 6 37 39 23 20 31 25 8 36 
8 4 10 23 3 25 45 42 46 48 32 11 
25 2 11 18 26 37 10 19 39 17 16 21 
9 39 47 22 15 46 21 2 45 34 24 5 
3 6 8 28 20 48 41 16 13 12 22 7 
43 19 9 39 41 23 28 26 6 42 40 31 
29 15 26 30 18 11 16 17 43 21 39 37 
1 22 15 26 45 25 27 14 24 37 2 29 
43 38 28 45 3 9 15 2 12 25 41 34 
12 24 45 11 2 37 9 10 3 44 23 19 
3 46 17 30 40 12 35 48 47 9 20 25 
34 36 18 43 30 13 33 45 9 2 32 27 
27 31 18 30 11 48 1 42 35 41 28 40 
2 47 19 21 10 8 13 32 33 9 36 34 
7 40 15 27 34 12 43 29 6 22 26 30 
6 10 37 46 16 47 19 25 44 40 20 31 
31 12 47 18 36 6 40 48 16 46 4 1 
30 13 8 3 5 42 15 33 22 27 12 11 
3 43 22 14 24 7 23 34 18 47 39 12 
10 17 16 13 1 4 44 5 45 33 30 43 
9 20 2 42 19 24 12 17 29 3 22 7 
8 16 20 29 37 26 7 45 21 12 47 18 
32 8 12 23 47 15 10 41 17 34 39 27 
35 16 40 8 12 43 1 2 20 11 47 18 
45 34 35 12 6 27 4 11 30 22 9 31 
10 28 42 24 9 31 45 6 18 39 15 35 
13 3 27 19 16 20 22 38 41 1 24 2 
7 24 25 13 32 41 35 20 15 21 23 34 
18 21 29 48 8 34 2 44 7 45 31 24 
31 26 47 29 48 1 39 4 35 23 38 20 
11 24 9 18 34 22 16 37 31 20 30 19 
48 13 5 3 21 33 46 42 44 34 25 23 
25 20 22 35 32 34 15 30 4 28 5 11 
29 15 19 47 36 8 41 20 48 44 2 34 
12 5 6 27 40 38 36 15 42 8 26 4 
22 18 20 25 38 16 39 45 34 9 29 36 
40 6 10 26 14 17 25 35 30 24 43 21 
1 42 48 16 12 30 17 2 15 14 9 32 
34 12 35 32 2 31 21 46 43 38 14 6 
33 28 30 1 47 42 35 39 20 11 23 9 
7 9 13 41 33 11 32 38 22 42 39 5 
3 45 7 10 35 18 37 29 25 31 21 28 
30 14 25 6 21 24 9 47 36 8 29 38 
19 36 30 23 22 2 28 14 34 16 5 48 
46 43 4 22 11 37 23 7 18 13 45 26 
45 47 15 16 1 46 18 25 4 42 27 36 
25 33 9 2 48 41 43 6 13 30 46 19 
2 18 19 32 41 31 26 1 29 6 35 10 
35 46 2 8 45 34 29 12 32 25 38 17 
22 30 16 42 12 33 15 31 14 47 44 21 
4 44 3 36 29 22 10 23 2 21 37 6 
32 27 35 33 34 15 47 19 7 3 18 20 
31 6 37 1 3 44 25 38 15 41 11 32 
9 22 21 42 28 43 18 34 13 27 37 20 
13 33 15 7 17 20 45 36 12 9 31 6 
7 14 48 17 16 31 28 45 24 11 5 30 
15 45 24 4 27 2 9 47 42 36 43 8 
25 1 22 11 14 24 48 4 31 26 47 16 
27 28 16 48 2 12 22 42 11 40 23 39 
14 35 17 16 30 9 32 13 25 8 2 11 
42 25 4 27 32 13 30 31 44 18 28 2 
24 7 1 15 41 48 43 12 35 47 6 29 
3 39 31 45 43 4 27 24 14 46 48 18 
43 16 34 47 24 36 41 1 10 31 44 14 
39 27 38 33 3 32 17 41 47 21 9 44 
29 40 42 28 7 6 10 32 9 34 3 31 
23 29 12 43 9 34 44 16 18 47 31 11 
32 13 22 35 44 25 7 14 28 33 17 47 
30 5 34 36 48 16 10 18 17 43 25 39 
13 21 20 31 32 11 17 3 24 12 10 43 
27 12 7 6 20 15 39 45 16 9 44 3 
41 20 33 12 43 24 42 34 23 31 35 36 
20 7 16 39 27 14 32 40 11 44 2 41 
22 9 5 8 30 35 24 13 4 37 29 7 
34 47 27 16 21 28 41 1 44 2 40 24 
26 19 36 34 38 45 35 31 7 29 47 6 
39 31 8 19 18 30 48 26 47 5 45 28 
18 2 31 27 14 13 33 45 30 32 9 5 
16 7 38 41 6 19 45 5 29 17 43 9 
13 38 19 10 20 28 43 21 11 42 7 23 
7 46 37 31 11 44 18 43 33 23 4 36 
2 11 5 17 3 7 24 39 20 30 48 33 
38 13 11 30 44 12 6 35 37 41 1 46 
17 16 40 8 38 33 42 10 39 5 12 1 
8 19 35 15 9 24 41 1 5 47 32 26 
1 18 21 35 22 25 46 42 43 39 38 27 
47 17 23 39 4 10 36 46 24 26 19 43 
33 36 6 3 43 20 2 11 37 21 23 16 
21 6 5 47 36 12 24 38 39 9 25 32 
10 40 4 25 14 5 44 30 18 13 28 15 
24 26 22 38 30 21 13 2 46 33 5 42 
35 7 12 6 10 24 5 48 27 28 22 47 
5 4 21 40 18 11 15 32 24 46 10 8 
45 2 42 1 29 17 7 8 28 44 35 46 
27 14 36 46 15 41 30 13 38 1 19 4 
7 15 3 24 8 14 31 42 9 25 45 23 
32 33 17 39 41 30 3 15 2 47 4 36 
46 21 33 41 4 47 29 28 20 32 36 48 
18 39 48 13 1 45 14 24 22 20 3 35 
34 41 30 32 47 40 21 39 7 11 24 44 
2 34 20 35 38 42 36 44 10 17 18 6 
47 37 10 31 23 25 19 43 42 39 12 14 
43 3 16 9 37 22 32 23 25 35 39 20 
41 29 27 31 36 2 28 23 30 10 34 37 
10 15 19 45 17 28 9 48 33 12 18 29 
11 31 44 37 46 36 25 4 38 14 15 2 
40 14 26 38 29 45 17 24 22 46 13 34 
14 8 20 3 9 34 11 7 47 23 16 26 
6 33 5 16 40 15 47 38 41 48 17 24 
35 40 23 48 8 22 24 17 46 13 30 4 
1 36 3 19 32 13 31 22 40 6 5 47 
8 32 2 47 12 11 20 5 45 4 29 15 
16 43 8 4 1 26 32 35 10 41 22 20 
13 20 1 19 15 47 12 3 29 6 26 11 
43 18 35 41 5 31 32 1 4 34 12 47 
28 17 32 20 19 45 39 26 42 27 46 1 
47 3 43 14 30 33 10 25 31 8 34 20 
27 33 41 28 35 2 4 44 26 45 5 38 
33 28 11 13 21 8 19 16 15 29 37 36 
4 1 34 8 22 44 20 12 19 10 29 21 
29 35 36 7 6 48 16 32 20 13 4 30 
6 30 42 45 41 20 27 46 35 37 7 8 
3 2 28 15 13 24 14 39 41 4 1 26 
42 19 13 11 1 6 44 48 16 23 35 25 
44 41 14 36 29 28 22 31 40 39 6 7 
38 5 6 44 43 23 7 34 36 21 42 3 
3 38 41 6 36 30 10 39 43 15 22 21 
20 19 3 44 1 38 45 16 33 47 4 25 
34 26 21 2 30 24 3 36 16 43 7 47 
41 34 42 24 44 23 26 4 17 16 1 33 
4 13 34 42 21 20 9 35 18 24 15 39 
6 48 36 20 25 12 11 44 24 3 45 31 
15 20 4 43 13 6 7 38 36 41 28 5 
47 17 8 18 27 19 2 1 30 6 43 35 
30 27 1 28 24 37 32 17 7 45 39 40 
12 46 19 45 33 26 17 13 39 30 11 23 
36 4 23 11 10 27 8 26 19 1 18 3 
42 9 17 25 39 3 43 22 41 4 14 12 
43 32 2 5 31 39 28 46 47 42 22 1 
48 9 22 27 3 17 11 38 30 46 25 19 
2 7 31 19 34 15 42 22 9 39 13 6 
27 3 30 10 33 44 31 25 13 21 41 37 
19 40 38 43 9 45 39 28 4 25 20 13 
38 39 25 35 19 27 30 17 5 12 31 46 
31 34 10 36 7 38 1 3 22 19 48 43 
15 20 16 35 17 13 5 19 25 28 29 31 
20 41 7 28 18 24 46 37 43 13 45 11 
28 33 21 44 31 10 39 45 6 35 42 34 
32 9 19 38 10 11 16 1 39 8 18 29 
27 6 15 14 34 16 41 31 11 4 2 37 
40 17 46 3 25 44 22 23 18 2 9 13 
12 48 43 11 45 41 13 24 20 22 37 36 
47 13 40 18 28 9 25 10 44 5 19 4 
18 12 28 4 32 6 40 22 10 14 43 2 
30 32 26 11 3 10 13 14 47 8 17 4 
47 11 48 27 19 40 1 43 5 34 24 18 
43 36 7 37 34 16 15 2 39 47 26 12 
14 45 29 18 44 7 41 28 40 3 22 46 
32 26 21 7 46 34 24 45 4 25 35 43 
44 4 28 3 12 29 5 31 2 11 21 33 
13 8 35 10 40 23 2 12 28 42 38 11 
27 39 22 17 14 48 46 20 8 38 40 35 
18 40 11 1 38 12 36 37 34 21 39 30 
2 3 7 16 1 43 21 40 18 26 31 32 
15 38 1 13 46 7 41 34 22 5 32 33 
10 13 43 42 32 8 4 33 15 19 36 37 
25 24 4 15 27 21 11 6 38 35 18 9 
40 34 47 48 24 39 37 5 20 17 44 41 
45 18 36 24 19 10 29 30 8 4 38 17 
45 8 16 5 4 15 35 22 13 5 42 29 
44 4 47 20 27 31 38 40 20 24 24 10 
1 39 44 26 8 41 44 9 36 15 43 7 
10 16 4 8 17 38 23 31 11 10 39 11 
48 17 33 6 33 11 5 17 31 11 4 15 
12 12 23 19 11 24 17 1 37 47 21 20 
29 38 34 21 19 29 40 16 45 32 2 19 
35 47 36 16 45 17 37 39 24 2 37 24 
19 41 10 25 13 45 26 18 47 41 44 38 
29 4 46 25 4 39 26 43 39 45 2 35 
35 29 42 32 5 37 44 26 9 32 41 34 
15 25 20 13 40 24 27 25 5 19 12 24 
46 34 30 31 43 31 25 29 19 27 38 39 
11 31 33 14 6 11 22 4 28 11 19 20 
40 9 25 5 7 13 6 44 30 36 13 6 
38 45 45 45 8 20 8 2 37 21 44 40 
39 35 47 17 39 4 14 48 10 24 40 16 
20 12 7 41 21 6 11 39 1 15 18 11 
13 15 34 40 44 14 33 1 20 43 34 10 
16 17 9 48 48 25 36 47 47 31 48 1 
33 1 21 4 15 28 15 3 6 37 30 7 
22 36 8 46 14 48 13 42 41 44 10 14 
14 33 43 34 28 43 10 40 16 20 23 23 
7 13 35 30 34 38 21 31 26 18 31 8 
27 7 18 11 38 19 41 34 7 17 4 37 
41 21 12 8 36 1 1 24 18 35 6 13 
42 19 41 1 12 27 5 14 4 2 32 27 
25 42 29 26 18 40 38 10 17 38 33 8 
48 8 7 7 32 10 47 41 40 16 5 43 
9 25 32 22 3 26 3 24 23 34 29 14 
2 18 38 10 38 42 28 1 24 15 40 12 
11 13 5 30 27 39 13 21 43 13 8 28 
14 45 4 4 47 19 7 48 37 8 11 2 
32 35 12 48 40 37 20 18 11 23 38 23 
33 39 30 11 4 25 33 42 10 11 31 48 
3 46 2 21 42 24 40 12 33 19 46 3 
10 6 46 34 34 43 41 43 29 41 21 19 
22 7 19 42 10 8 1 32 1 6 17 27 
5 8 3 47 28 8 9 7 37 47 3 41 
40 28 22 23 30 34 37 37 4 2 1 16 
20 25 27 46 42 6 33 33 24 17 18 3 
10 10 14 24 23 46 14 22 46 27 40 19 
39 32 26 7 24 10 4 45 31 9 4 7 
27 47 35 3 3 40 35 16 14 24 16 17 
9 14 43 30 4 21 20 14 13 10 26 25 
16 19 39 44 32 22 29 27 1 44 7 26 
48 20 34 16 27 43 7 17 16 21 20 34 
28 12 36 9 39 20 31 19 32 3 2 39 
18 27 40 10 1 11 12 40 43 16 22 14 
34 39 31 17 18 48 3 41 17 28 19 12 
42 45 18 34 11 47 19 30 23 46 30 22 
29 40 42 42 21 45 46 48 32 37 15 26 
19 20 7 3 7 44 40 30 18 39 4 46 
28 6 46 12 5 29 22 27 48 25 8 5 
41 11 34 26 8 22 15 22 36 20 47 42 
47 27 1 25 2 19 9 24 1 15 38 19 
32 45 19 13 22 14 10 44 22 30 18 36 
21 43 47 36 9 20 25 46 35 21 24 45 
10 38 25 11 6 43 42 37 20 6 37 4 
44 22 23 40 23 40 47 29 27 4 23 23 
36 5 18 46 38 1 35 4 26 47 36 25 
39 18 40 39 27 15 1 1 38 16 14 35 
32 23 39 20 24 1 32 15 47 23 39 14 
12 28 15 43 22 48 17 12 15 34 28 5 
42 18 24 34 14 29 20 33 36 25 29 41 
11 27 42 36 16 33 35 11 2 32 33 46 
22 7 14 42 48 28 39 8 31 39 12 10 
45 22 26 46 29 32 22 44 28 22 4 29 
6 25 30 14 6 21 41 25 32 21 11 19 
44 41 18 24 15 13 34 1 34 16 36 43 
38 15 9 4 8 41 42 4 26 28 38 30 
4 7 46 42 13 43 37 40 42 31 30 20 
14 26 12 39 28 5 26 5 27 48 22 1 
37 24 29 6 48 14 20 38 1 9 44 29 
22 16 26 35 41 2 36 33 43 10 31 31 
8 25 9 20 8 34 45 30 23 2 26 30 
35 12 25 4 27 3 32 14 29 12 32 9 
25 23 43 23 33 22 19 30 3 5 11 41 
1 22 15 17 35 6 43 44 24 17 24 20 
34 17 27 27 26 17 25 6 27 48 4 37 
24 43 45 6 43 36 17 38 7 39 7 24 
7 2 12 24 31 33 16 34 17 31 34 35 
27 27 33 8 41 21 42 29 34 47 33 3 
14 32 32 16 37 9 31 7 36 13 6 2 
5 18 21 1 39 1 18 19 37 7 28 5 
24 2 47 19 4 29 26 12 28 32 18 32 
29 43 23 14 28 35 7 20 12 44 14 11 
27 5 34 4 33 39 17 26 17 29 9 16 
37 25 16 40 23 2 22 14 20 8 17 22 
45 27 4 27 40 12 37 30 26 37 46 34 
6 8 6 24 32 4 21 6 36 46 7 5 
1 17 9 17 45 46 45 47 2 20 11 17 
21 12 30 13 8 16 2 23 44 42 43 2 
14 10 20 9 24 14 44 18 7 7 25 23 
8 39 41 41 2 26 9 1 30 19 22 36 
25 23 24 2 20 41 40 16 19 34 41 45 
30 44 26 46 47 28 43 13 37 18 28 6 
34 16 11 24 16 46 25 34 45 7 1 8 
10 48 13 10 21 24 47 30 37 15 19 29 
31 42 39 2 38 8 44 43 10 21 8 2 
47 40 20 3 39 12 40 38 18 39 35 15 
12 21 48 21 7 40 16 10 46 5 10 25 
23 44 42 1 19 13 45 1 35 48 27 30 
22 33 17 35 35 36 22 17 47 11 15 46 
7 25 29 37 9 29 46 18 6 30 21 35 
45 43 3 34 47 6 29 46 29 36 18 41 
8 29 14 8 13 23 34 29 24 8 46 1 
19 17 34 4 45 17 3 24 23 43 12 11 
6 45 1 9 40 3 21 3 43 6 4 3 
16 1 46 17 29 20 18 20 41 42 43 10 
25 37 31 29 2 45 20 28 31 31 29 20 
1 36 12 30 25 32 37 12 17 23 3 38 
13 23 9 23 11 5 38 36 48 29 23 32 
13 24 40 27 22 28 18 36 37 40 36 4 
24 45 20 5 35 34 41 30 48 10 6 24 
46 3 38 19 46 30 26 10 19 8 48 3 
11 28 34 13 3 39 3 17 46 33 16 15 
16 16 7 10 36 8 5 46 33 21 15 25 
34 15 12 38 8 37 2 20 1 37 28 26 
42 12 46 48 16 11 38 2 4 14 46 12 
38 20 10 36 20 16 42 16 44 16 20 19 
35 26 16 30 15 14 20 18 32 9 43 9 
33 37 33 42 40 3 28 11 7 15 9 37 
31 9 9 47 18 48 33 23 43 17 29 32 
36 25 3 9 9 22 47 14 5 25 35 13 
48 8 15 28 28 24 31 39 12 11 22 41 
35 24 13 8 3 17 8 35 36 22 20 36 
7 14 4 17 35 37 34 2 4 5 46 32 
38 21 31 21 37 38 26 46 10 41 7 40 
42 42 28 35 46 13 25 1 5 37 32 38 
45 17 43 28 1 15 18 34 7 20 1 1 
26 41 16 11 32 27 4 13 6 39 39 22 
11 33 35 18 34 16 42 14 31 7 42 26 
2 26 47 37 39 45 23 32 37 30 19 17 
19 13 45 32 13 4 45 3 22 11 14 23 
1 29 22 46 29 11 15 28 13 12 31 42 
48 39 26 40 36 40 39 19 48 10 25 20 
1 26 27 14 14 11 37 20 1 18 44 27 
33 32 20 20 3 8 3 30 29 8 42 26 
6 22 41 26 27 2 47 34 6 12 43 18 
23 37 26 36 17 43 5 47 26 7 48 19 
3 41 2 16 32 4 14 4 38 41 17 12 
8 20 28 47 22 45 44 22 32 23 18 47 
43 48 19 30 8 15 6 11 19 9 14 43 
47 1 30 11 11 29 34 33 41 11 22 23 
14 4 21 6 21 26 21 15 7 14 24 33 
17 8 4 9 42 6 38 8 10 44 15 2 
4 42 37 18 16 45 24 20 29 11 46 42 
28 48 29 26 23 12 22 2 41 42 2 25 
48 31 6 16 22 40 18 34 24 39 31 5 
36 20 20 25 38 13 28 9 23 35 20 35 
6 16 24 29 2 28 19 46 35 2 27 33 
25 23 1 37 21 47 20 10 20 5 18 12 
1 34 7 2 6 20 45 2 33 15 48 35 
32 42 19 18 10 39 37 46 37 30 15 16 
41 41 18 22 20 30 3 44 35 3 11 5 
44 25 26 40 23 24 25 21 27 5 2 18 
8 23 14 11 41 34 8 39 44 2 45 48 
35 20 5 3 21 21 31 40 1 12 13 13 
27 47 10 32 4 45 19 36 39 48 22 39 
14 1 2 27 39 37 6 32 40 46 46 27 
11 9 17 23 37 16 17 26 4 11 9 38 
10 45 43 31 8 1 2 6 32 6 39 28 
25 46 11 3 45 35 36 5 26 20 37 25 
15 7 27 26 21 28 7 15 5 43 30 45 
5 10 14 42 10 38 22 8 19 8 6 5 
42 39 6 31 24 42 12 21 45 26 4 47 
35 43 31 6 46 9 42 47 7 30 25 43 
37 38 20 30 30 14 20 1 25 45 33 29 
44 5 36 21 20 33 47 26 17 17 36 44 
13 15 7 32 9 4 4 13 3 9 3 22 
39 2 39 38 41 30 26 16 21 1 7 30 
18 19 46 5 6 48 17 19 33 43 43 38 
19 25 9 42 20 34 35 5 40 25 47 3 
1 7 48 4 30 1 20 18 8 16 36 10 
2 10 17 47 32 47 15 47 28 48 21 36 
10 21 30 11 29 36 13 39 37 29 46 28 
17 32 1 10 38 22 10 40 45 35 25 45 
42 43 6 21 4 43 22 22 17 13 29 34 
14 14 14 22 40 8 27 17 26 9 10 36 
13 2 17 4 28 27 18 32 1 32 17 41 
26 1 12 21 2 21 48 16 25 14 14 26 
29 44 2 36 47 12 36 10 39 26 4 20 
20 30 5 27 46 32 29 40 48 24 24 34 
42 10 40 30 30 29 32 1 34 4 45 29 
21 33 1 6 13 20 5 15 43 31 5 37 
39 15 36 46 20 11 35 21 46 27 9 5 
23 9 39 7 34 44 8 14 5 39 31 43 
16 45 32 39 21 40 7 45 20 48 20 23 
13 38 29 47 28 38 22 9 19 2 20 23 
1 8 13 48 13 14 23 5 1 47 4 43 
15 15 27 44 25 3 39 22 22 18 21 27 
36 20 6 41 30 27 35 36 47 29 14 26 
8 21 11 39 45 37 18 29 34 45 46 45 
39 5 33 24 6 24 30 25 7 39 30 10 
14 6 25 25 17 22 1 3 33 42 29 13 
31 29 12 20 21 28 47 30 31 3 16 25 
38 30 45 34 4 6 46 45 8 28 17 19 
42 39 14 15 38 48 48 46 6 14 34 41 
48 12 9 9 29 35 21 33 11 35 39 34 
35 44 20 1 5 45 42 38 18 8 36 1 
36 23 14 4 10 21 7 43 36 9 42 26 
12 24 19 40 41 23 8 32 40 45 43 7 
30 8 27 44 5 1 26 30 34 20 28 17 
17 17 7 48 22 12 33 7 29 42 7 6 
21 38 16 36 37 17 17 6 37 39 39 4 
26 32 37 16 38 7 13 26 42 37 46 48 
35 27 34 35 35 45 42 46 9 19 15 31 
8 48 31 12 48 36 6 18 22 28 27 34 
42 5 11 32 33 8 1 40 13 40 19 28 
9 26 4 13 8 20 3 45 14 48 14 44 
33 46 47 2 24 2 14 34 39 14 10 18 
28 2 23 11 43 28 9 19 44 21 36 3 
22 47 30 6 28 6 12 2 7 17 20 33 
28 34 29 12 24 45 3 15 41 13 3 33 
30 19 35 17 44 28 38 1 18 42 1 31 
36 27 23 18 41 6 8 8 32 9 40 6 
31 32 45 1 45 22 12 32 11 48 4 20 
43 26 33 43 25 10 15 30 5 2 19 39 
17 25 44 19 42 13 42 47 48 22 27 46 
22 45 17 10 17 19 33 12 20 29 10 35 
32 3 43 5 23 44 40 3 25 35 29 3 
7 29 34 32 36 7 41 11 21 20 26 13 
23 16 38 22 3 2 43 48 46 37 38 18 
34 16 47 44 43 46 21 31 38 28 35 38 
18 31 26 24 2 41 16 34 40 26 43 25 
28 6 33 8 8 5 13 44 10 11 46 8 
24 7 24 6 26 21 26 21 14 16 36 24 
44 8 21 47 11 28 14 8 7 23 1 26 
46 5 5 1 6 19 18 20 29 14 8 29 
26 2 18 41 41 47 22 39 36 41 20 20 
39 32 33 28 9 30 12 21 34 12 20 45 
32 44 11 23 24 9 46 28 24 37 3 15 
14 19 41 24 19 44 31 23 45 36 19 37 
41 8 36 8 5 14 43 7 48 4 44 4 
35 37 3 4 28 1 25 22 17 23 22 40 
21 13 5 17 26 2 29 18 23 16 2 26 
45 42 43 15 36 45 13 36 30 8 8 19 
9 29 38 37 20 38 1 20 37 48 19 18 
46 46 40 28 18 26 6 36 21 47 13 8 
8 21 47 45 46 3 8 40 44 21 39 36 
44 32 14 47 40 19 3 29 29 10 34 35 
48 36 1 21 44 11 18 11 36 45 8 7 
19 5 5 43 35 28 34 14 10 25 35 30 
4 40 3 48 7 42 10 42 27 20 4 14 
35 18 19 30 4 29 11 26 14 9 30 38 
45 43 18 38 3 12 5 18 17 3 42 32 
20 12 24 19 25 1 17 30 24 7 28 31 
17 11 30 35 48 4 43 4 44 8 28 33 
30 46 27 19 35 7 23 9 35 37 25 29 
26 35 1 30 32 12 33 40 13 17 34 17 
18 31 29 38 20 1 9 31 23 43 6 3 
48 47 19 40 10 16 25 18 20 12 20 9 
39 20 21 48 6 45 39 5 8 2 27 22 
4 39 45 12 29 43 14 22 46 21 46 4 
10 9 8 46 12 46 11 36 21 28 21 30 
42 7 31 14 39 42 28 37 42 32 37 21 
33 6 10 34 8 17 44 16 16 15 31 25 
7 18 16 16 1 47 10 42 17 20 47 5 
15 21 45 40 1 45 1 17 43 35 21 5 
3 41 4 17 36 5 3 40 37 44 19 26 
33 19 26 6 33 32 21 29 18 34 46 35 
11 40 17 21 25 14 38 47 7 32 8 21 
18 20 37 1 47 12 18 42 6 36 2 16 
38 29 29 2 21 33 43 20 47 26 48 13 
14 8 33 24 11 35 25 7 35 30 45 14 
46 31 9 15 15 21 26 45 8 21 27 9 
37 32 38 43 40 42 7 15 16 40 37 37 
24 35 20 9 13 3 13 5 39 23 5 46 
5 12 24 13 38 20 11 22 40 41 42 42 
30 16 25 36 3 38 45 39 15 45 22 1 
23 2 3 22 14 13 46 2 32 25 14 43 
30 39 8 29 21 30 26 47 38 30 35 38 
45 14 29 28 48 13 33 16 14 14 26 27 
15 33 30 23 35 2 15 38 9 41 4 11 
38 1 5 44 17 26 5 1 21 38 25 39 
10 41 33 41 33 36 30 8 43 37 39 6 
17 19 26 2 31 31 27 45 13 48 20 13 
42 42 10 40 6 48 46 34 44 16 10 30 
33 29 32 17 22 40 8 29 28 20 2 8 
21 15 28 14 39 33 25 13 10 1 21 42 
27 24 47 37 34 17 19 35 29 15 47 16 
48 36 41 3 9 44 9 44 41 26 19 4 
26 7 27 5 44 17 16 11 4 15 5 23 
7 5 42 16 19 43 47 40 46 5 18 21 
27 27 38 22 25 16 12 16 31 14 39 14 
32 26 45 10 6 36 1 6 35 11 33 19 
21 15 4 23 38 23 22 28 9 20 48 31 
8 30 36 28 30 19 29 29 39 34 13 42 
41 9 33 36 46 29 3 48 40 48 27 30 
18 11 11 6 24 44 31 26 20 45 12 45 
44 47 46 37 22 31 40 27 27 32 2 28 
11 44 24 43 33 3 23 23 17 22 45 25 
17 32 34 34 11 1 5 42 26 35 26 29 
24 29 2 9 45 46 25 30 11 12 11 22 
4 9 43 30 48 34 32 5 22 23 34 44 
2 26 25 25 9 25 2 15 38 1 40 33 
23 38 2 39 44 35 12 29 31 46 1 2 
36 25 34 34 4 13 13 13 19 44 44 7 
16 11 7 18 14 28 1 18 34 41 7 40 
13 1 46 42 26 7 45 26 35 36 21 22 
28 21 6 32 22 5 22 16 47 18 33 46 
6 23 4 5 36 42 42 25 27 43 2 39 
44 5 23 24 19 27 3 46 14 6 23 9 
31 45 21 8 34 33 17 4 37 11 19 19 
32 47 8 41 2 32 36 20 8 47 18 20 
40 38 23 29 40 32 13 11 6 20 22 10 
39 14 18 30 26 35 36 3 9 19 2 18 
25 36 9 23 8 14 8 1 28 2 1 19 
9 5 40 17 38 47 47 34 31 43 4 24 
19 46 31 28 14 43 46 37 2 7 46 12 
36 28 27 20 24 29 16 24 25 44 24 2 
42 26 28 42 23 5 33 7 20 35 6 26 
10 11 38 45 13 41 24 32 45 18 3 8 
34 21 45 35 1 13 17 43 19 45 31 9 
15 19 42 42 16 48 46 48 21 24 28 11 
46 17 45 16 29 40 34 34 8 28 24 23 
17 12 8 38 19 36 5 5 47 21 41 2 
10 28 43 48 27 35 22 45 27 38 42 3 
30 3 48 35 3 12 11 21 33 40 1 18 
8 34 31 6 28 34 27 7 15 13 21 41 
25 43 32 22 14 45 12 38 20 15 12 34 
42 37 41 7 18 33 37 6 32 25 38 12 
14 24 1 33 26 5 14 23 30 44 34 1 
11 32 22 2 8 22 26 14 6 5 30 21 
5 31 24 18 13 13 48 41 39 31 4 16 
45 48 7 8 31 28 40 27 22 36 36 45 
32 33 4 11 21 26 44 30 5 45 5 20 
38 22 39 39 2 46 36 16 37 7 33 30 
12 7 48 25 11 27 44 44 48 44 1 4 
6 31 26 34 31 38 48 30 41 5 31 17 
29 29 33 18 12 25 23 19 31 33 10 48 
20 18 9 14 15 15 34 46 1 15 37 27 
40 47 18 4 14 47 18 29 16 16 4 24 
14 30 20 36 5 32 12 23 7 8 14 47 
47 5 39 39 40 9 26 45 4 17 42 41 
15 32 15 35 10 42 30 11 34 29 47 45 
38 40 24 11 17 8 15 1 3 22 38 2 
1 43 41 17 35 30 43 13 18 35 8 23 
22 8 14 3 18 8 13 25 33 6 48 11 
35 12 34 47 48 34 2 26 7 11 33 37 
28 1 21 39 27 47 36 17 21 48 25 48 
5 34 26 41 9 26 12 41 47 47 4 13 
32 48 46 42 16 14 28 14 35 41 28 4 
15 26 40 12 14 41 24 32 43 36 6 6 
2 16 1 36 28 37 35 9 17 28 39 40 
42 17 4 18 24 27 26 48 24 13 26 36 
24 20 20 45 29 24 30 29 38 44 41 34 
12 28 37 38 32 9 31 5 1 37 46 14 
43 31 12 9 15 28 44 16 3 27 20 28 
31 13 46 10 14 15 3 47 38 28 35 33 
14 24 15 38 45 42 20 43 34 13 25 15 
32 41 47 18 2 27 47 33 30 37 32 43 
42 42 14 32 28 17 12 9 20 21 2 27 
35 3 40 19 22 36 41 16 27 48 5 48 
34 46 29 30 11 26 32 22 33 17 33 21 
27 37 11 24 3 44 16 7 9 4 7 36 
3 16 34 41 26 2 19 34 15 43 14 26 
25 27 29 25 14 7 39 35 27 18 17 20 
44 18 40 40 7 12 30 43 11 30 2 27 
7 1 35 39 20 2 1 5 19 10 20 7 
39 19 47 18 2 35 5 39 40 16 7 17 
24 13 38 33 40 34 36 25 22 34 12 31 
45 38 5 21 12 10 45 38 6 13 13 38 
42 5 36 10 25 6 11 37 36 36 42 13 
10 21 18 42 45 14 41 46 33 41 4 4 
36 7 20 41 18 47 18 36 18 45 47 14 
11 25 32 24 30 29 22 3 32 40 24 21 
22 5 47 6 33 42 27 43 32 35 28 35 
31 2 46 42 39 8 24 38 11 44 46 45 
10 16 34 41 45 25 26 30 24 24 31 12 
37 22 38 35 44 34 32 20 5 27 37 9 
21 3 4 45 2 24 31 31 14 18 25 38 
2 29 33 10 36 40 33 24 42 3 41 6 
41 25 8 27 5 9 15 21 17 14 5 22 
19 19 29 24 34 3 11 45 33 40 19 24 
45 46 13 15 11 11 2 12 44 17 47 15 
13 7 45 23 24 15 39 27 15 33 30 32 
7 48 20 25 23 5 31 10 45 24 43 31 
48 16 2 13 21 24 2 45 7 17 28 26 
16 33 13 26 15 10 18 44 19 19 46 9 
13 40 46 12 10 27 46 14 33 45 16 17 
41 12 16 46 18 15 21 19 36 23 11 46 
22 1 21 40 41 38 26 40 35 27 37 15 
40 30 28 27 8 40 7 43 18 30 24 7 
10 18 23 34 19 16 32 18 9 26 44 29 
36 39 3 18 47 28 48 27 15 32 3 32 
42 8 48 35 14 13 44 7 27 12 13 28 
47 17 27 17 13 40 31 14 12 12 13 4 
27 7 26 28 31 34 10 32 10 11 21 26 
13 14 43 1 12 46 25 37 40 13 33 6 
26 32 36 18 9 5 28 15 32 16 41 40 
18 40 25 35 15 39 19 44 38 35 8 35 
24 44 3 38 23 9 6 29 4 9 34 34 
21 18 5 7 1 29 30 12 29 44 30 14 
48 4 39 33 21 44 7 36 44 14 1 13 
19 39 18 40 34 18 12 26 18 30 24 47 
10 18 19 12 7 30 44 46 1 14 18 46 
38 20 22 5 1 19 46 44 41 24 13 44 
23 13 9 29 40 17 26 23 2 34 12 22 
22 6 14 32 22 44 37 21 39 38 25 5 
2 25 39 24 31 20 6 16 3 16 8 17 
7 15 27 46 11 48 13 14 9 7 23 24 
18 16 8 6 32 37 11 19 14 10 10 48 
16 48 11 1 13 24 29 36 18 36 30 47 
47 29 30 30 2 16 5 3 28 11 4 29 
28 17 3 19 15 3 23 40 37 33 45 5 
42 7 9 14 1 34 6 25 7 3 5 48 
23 30 15 12 2 24 37 37 4 41 47 27 
2 12 29 47 23 31 12 6 38 37 9 39 
31 2 45 42 43 30 18 18 36 21 1 14 
13 29 31 1 34 25 47 1 24 28 36 22 
25 10 11 21 13 35 35 45 31 42 44 10 
14 45 28 22 48 2 2 16 40 46 12 32 
28 48 43 25 19 11 6 36 30 48 20 27 
41 18 4 33 8 31 23 8 44 13 18 23 
15 29 15 18 21 12 24 23 6 30 47 9 
9 15 39 2 27 39 17 25 46 41 46 19 
1 5 32 13 37 6 44 7 21 44 45 31 
22 32 5 38 12 20 32 47 25 36 41 17 
11 2 36 10 2 3 20 44 37 15 21 45 
13 25 10 46 26 22 3 30 20 26 23 38 
8 38 21 29 34 4 25 19 41 27 25 36 
30 39 44 45 45 16 40 43 11 24 35 24 
38 34 4 42 23 32 29 41 41 1 33 44 
45 4 38 13 32 1 31 35 35 28 4 5 
42 5 7 25 5 37 4 36 7 22 34 14 
5 45 22 22 36 11 8 9 44 18 26 9 
2 20 23 11 16 38 37 17 13 24 16 43 
12 14 28 39 25 27 20 3 3 30 25 31 
9 46 21 37 43 25 27 25 25 10 32 3 
33 2 17 36 6 19 28 12 32 4 1 36 
18 21 12 14 35 44 42 24 42 41 14 38 
10 22 5 40 29 36 26 39 36 13 27 45 
35 11 24 43 39 8 3 21 43 9 17 18 
6 48 9 29 20 2 21 16 1 23 29 17 
8 19 18 30 20 27 25 9 48 48 7 15 
22 5 48 24 32 22 36 16 3 5 30 5 
38 21 12 8 31 36 10 44 30 10 28 4 
7 44 5 7 13 17 5 23 29 1 9 43 
36 1 26 5 9 34 45 8 41 8 29 11 
47 2 37 33 39 25 48 33 7 26 27 30 
31 34 11 15 45 44 15 48 11 34 35 23 
11 17 17 4 46 14 34 43 28 24 3 41 
34 3 22 29 2 12 1 37 18 20 34 26 
9 14 44 35 10 40 9 20 39 32 43 33 
25 25 35 22 47 23 44 7 6 44 12 13 
36 29 13 2 38 28 48 33 23 41 25 15 
38 25 28 28 10 46 7 24 22 25 45 8 
33 10 32 3 8 3 42 4 31 11 9 13 
31 7 7 13 40 40 26 37 28 29 3 5 
23 20 19 18 1 10 16 23 41 19 29 10 
12 33 16 27 46 24 8 34 8 35 37 35 
47 22 8 5 21 8 27 25 6 45 1 1 
34 23 43 37 47 2 21 31 30 33 31 43 
14 39 24 30 29 33 34 30 1 47 5 46 
26 40 3 31 26 44 2 18 7 9 28 34 
41 46 6 17 17 7 6 38 11 20 26 41 
28 16 12 25 36 15 15 27 44 30 27 25 
7 15 14 22 11 21 47 45 29 22 43 32 
27 13 31 36 2 30 44 17 5 5 22 19 
3 31 42 20 14 14 36 36 12 23 19 14 
14 31 27 38 17 19 43 11 12 30 6 17 
43 11 23 20 29 9 36 40 29 4 35 21 
38 39 36 30 38 43 1 42 13 25 36 31 
9 22 35 1 27 37 19 4 11 1 47 24 
45 35 12 11 23 28 8 12 33 19 38 29 
46 23 34 17 18 4 31 1 22 22 16 1 
4 2 46 12 10 41 2 11 10 44 15 19 
36 22 38 9 30 25 14 47 39 10 2 10 
10 41 40 8 21 42 30 32 6 11 14 41 
26 37 11 11 46 20 44 9 14 41 28 21 
6 24 25 23 48 35 31 24 34 31 44 35 
45 15 2 47 43 48 24 38 35 2 31 36 
23 21 5 41 3 6 27 13 1 24 3 30 
9 11 23 17 42 13 33 46 2 12 48 48 
46 7 4 35 18 37 23 45 16 7 16 11 
27 18 21 14 17 5 35 3 32 35 22 46 
5 24 36 44 30 20 46 43 8 25 14 20 
27 17 11 33 27 31 25 23 20 44 29 48 
12 33 17 12 44 9 10 45 39 27 18 42 
2 7 27 43 7 18 20 14 11 47 11 7 
40 10 13 5 40 30 34 17 30 21 7 17 
15 22 15 10 28 36 7 2 33 10 31 14 
18 41 3 46 25 24 11 42 14 2 3 22 
28 32 7 32 5 2 1 8 41 40 2 35 
25 35 32 37 38 6 41 7 43 12 41 44 
34 40 8 26 35 7 33 40 37 3 16 23 
31 28 31 6 9 38 42 21 2 22 32 24 
17 30 37 7 5 44 23 48 24 6 1 15 
2 16 42 40 31 43 1 38 1 7 5 5 
23 14 1 6 38 5 33 5 40 1 29 19 
11 3 29 8 30 33 36 34 42 26 33 21 
4 1 2 44 47 35 47 31 46 22 2 10 
16 40 39 17 10 48 2 9 38 48 4 16 
10 38 16 26 15 16 32 1 2 32 6 6 
14 10 28 43 43 19 43 18 3 18 38 18 
7 35 14 13 28 20 46 28 4 46 19 22 
22 45 46 25 17 40 14 16 9 38 14 25 
15 12 24 4 23 30 28 32 37 31 28 8 
30 42 44 42 6 1 48 37 30 28 26 27 
41 21 38 2 7 28 29 41 35 2 8 23 
38 36 15 18 3 9 39 2 26 16 18 28 
24 37 35 29 36 46 30 46 14 45 10 46 
37 31 13 23 12 26 17 21 36 9 15 36 
45 2 35 2 12 7 30 10 27 30 13 27 
15 32 22 32 11 20 13 40 34 45 3 18 
9 20 7 37 46 40 32 32 25 46 23 3 
3 25 46 30 43 16 14 5 1 12 33 25 
16 17 36 7 14 39 46 31 2 16 15 35 
27 27 17 18 13 4 43 45 30 31 11 39 
13 24 45 6 24 28 7 3 4 23 31 2 
19 29 18 10 38 38 29 42 11 6 17 12 
2 26 14 20 39 3 48 16 41 41 35 24 
47 11 27 29 7 31 36 4 22 29 2 17 
18 43 48 19 29 11 18 17 43 35 32 12 
25 24 1 6 41 35 34 21 15 41 1 45 
24 44 31 44 7 45 24 35 14 8 38 17 
9 11 46 18 21 42 38 20 23 46 27 33 
38 14 10 41 10 15 6 16 34 33 8 11 
36 1 24 35 2 21 28 44 21 16 39 24 
14 26 34 40 28 40 45 18 38 18 26 1 
20 20 23 39 24 12 27 3 12 13 42 27 
8 27 40 10 43 13 8 31 19 17 35 4 
34 40 16 14 11 30 2 30 44 12 10 25 
15 2 20 11 45 10 44 9 7 24 15 9 
23 13 25 12 9 46 7 22 19 27 24 22 
6 15 21 35 3 26 28 35 14 25 28 30 
13 33 19 4 35 23 34 11 13 3 39 7 
44 11 8 19 4 21 40 25 40 19 42 36 
48 36 30 29 29 12 15 16 5 43 14 4 
18 37 13 20 30 1 41 44 35 30 30 20 
36 38 12 18 41 17 16 5 37 4 4 31 
38 29 38 40 37 11 29 46 22 44 19 33 
14 14 39 47 19 2 44 19 48 38 2 9 
22 9 7 24 36 34 5 23 44 36 3 28 
17 2 16 23 25 14 8 17 11 46 37 14 
7 4 10 27 22 24 23 26 45 29 5 24 
37 39 6 48 1 38 6 18 31 17 18 18 
18 28 5 9 23 6 37 7 34 6 18 38 
24 36 12 7 8 44 40 25 26 2 7 45 
45 46 4 3 41 45 43 42 2 38 42 39 
16 39 17 32 16 38 39 17 18 33 46 18 
37 34 45 46 29 9 38 48 6 27 35 46 
22 3 1 18 21 23 26 37 23 29 24 33 
5 29 16 29 27 34 17 2 30 16 36 28 
39 26 33 37 26 27 13 41 1 48 3 11 
15 14 44 42 45 26 25 35 35 12 19 48 
8 13 37 8 28 15 29 4 48 40 48 32 
46 20 42 10 38 22 15 10 32 36 45 34 
14 19 2 30 25 36 47 43 27 19 13 8 
6 24 47 9 48 16 4 5 43 31 8 47 
21 3 45 41 1 31 31 19 25 16 20 6 
43 19 20 12 33 22 12 38 20 10 25 42 
9 32 42 19 43 36 22 21 35 28 37 35 
8 29 19 8 40 42 44 32 9 12 4 2 
32 46 38 24 22 27 1 40 45 36 45 7 
7 33 36 44 45 1 36 44 13 35 1 36 
1 1 23 28 41 38 48 24 1 43 23 26 
30 14 7 33 34 34 21 8 24 41 2 39 
47 39 1 30 3 37 29 11 23 11 9 43 
37 5 2 13 5 6 15 17 27 21 6 17 
18 10 39 14 9 2 34 4 14 6 38 4 
35 25 30 1 27 25 11 1 3 16 35 44 
43 23 28 47 37 29 3 47 36 26 48 30 
14 45 7 48 14 6 16 43 16 35 34 27 
31 16 10 4 46 45 10 35 20 22 7 9 
5 34 27 8 8 14 1 16 31 21 21 26 
38 38 8 3 20 19 18 46 8 23 32 46 
24 32 42 30 44 39 22 17 32 5 16 36 
34 43 23 33 5 18 19 44 12 36 44 41 
41 13 14 20 13 46 15 22 22 11 17 29 
23 10 45 28 15 8 48 13 26 45 15 7 
20 11 17 9 6 10 45 9 28 20 27 38 
7 21 38 25 3 13 32 6 34 28 3 15 
8 47 11 34 47 38 21 7 44 42 12 2 
19 12 23 35 46 9 27 38 40 24 29 44 
36 22 15 6 44 35 41 35 30 12 42 41 
8 18 4 28 12 2 18 48 23 8 26 42 
5 15 19 32 37 19 20 18 6 6 23 43 
48 16 14 15 4 5 11 5 42 36 31 5 
28 21 43 7 45 12 5 47 31 3 17 21 
27 20 40 44 2 42 32 20 13 34 34 26 
30 4 25 16 42 22 46 41 26 26 43 48 
10 2 37 45 14 30 29 34 16 44 45 12 
39 39 36 30 36 27 8 23 32 23 46 34 
22 31 10 48 1 1 28 32 9 41 18 10 
13 47 26 41 14 21 9 36 18 41 24 8 
44 28 39 25 38 47 10 33 40 4 47 22 
26 43 41 23 28 4 41 43 23 22 6 34 
15 18 5 1 39 42 13 47 36 9 18 35 
11 6 10 17 9 14 5 17 12 31 43 31 
36 35 32 2 2 7 28 14 21 16 7 36 
14 2 14 24 29 29 19 15 29 20 26 26 
16 40 3 5 19 32 47 41 3 28 38 21 
29 21 13 3 16 16 3 37 43 13 23 19 
42 44 4 40 37 26 36 20 38 40 42 16 
4 31 2 32 33 17 1 48 11 1 4 5 
31 25 23 48 41 34 23 7 37 19 14 38 
19 32 40 35 2 16 36 32 22 39 43 36 
18 16 27 24 30 11 13 48 27 32 9 19 
43 43 25 36 46 6 35 15 47 11 42 47 
46 20 36 26 36 43 24 39 39 16 13 21 
36 13 39 46 45 9 16 33 13 41 28 39 
45 23 22 33 15 36 17 27 6 33 30 31 
30 34 41 1 9 15 11 23 29 22 34 2 
22 8 33 2 18 34 26 16 42 31 25 18 
38 17 13 17 17 39 48 43 15 23 40 14 
40 42 24 16 1 25 15 42 17 47 18 26 
1 31 46 25 39 20 9 45 32 15 45 7 
15 24 12 41 43 23 8 9 34 38 12 11 
17 40 16 17 1 31 33 43 28 8 31 39 
19 36 19 44 3 17 6 34 13 17 5 21 
25 42 40 7 39 33 2 29 40 45 25 17 
48 5 34 19 27 13 39 2 34 9 16 42 
36 12 11 31 31 37 35 28 19 7 43 30 
31 44 39 21 14 48 38 30 10 48 8 31 
4 22 22 5 7 21 26 16 24 12 18 36 
11 18 7 42 38 7 36 17 37 34 4 38 
37 33 24 34 40 16 44 13 9 42 40 37 
44 17 20 12 29 36 15 6 46 36 44 29 
27 10 18 18 2 6 18 27 14 30 12 12 
35 39 37 48 46 23 34 12 39 31 37 11 
47 48 27 15 10 46 42 48 26 20 13 35 
1 7 31 21 23 28 43 5 28 38 35 38 
37 13 6 19 46 23 44 3 36 1 42 44 
9 45 3 35 17 21 30 40 2 45 15 18 
47 30 32 20 21 4 46 15 16 30 26 1 
35 4 2 18 10 38 25 18 48 42 16 24 
20 40 30 40 31 34 13 41 42 32 40 22 
26 22 41 41 28 6 20 21 35 43 7 26 
32 17 35 10 32 15 19 11 37 12 8 37 
15 20 25 2 2 11 18 42 45 21 9 17 
4 29 27 23 12 45 45 46 25 41 30 16 
33 5 24 26 16 13 24 41 47 14 19 42 
37 28 22 24 28 12 37 14 31 9 29 23 
31 14 48 43 34 41 31 16 18 4 18 41 
28 30 9 1 47 14 15 10 33 27 47 27 
14 31 23 16 19 40 14 20 44 10 48 4 
42 47 47 17 24 32 22 22 9 43 44 43 
32 11 26 6 40 26 6 11 30 25 6 29 
4 12 41 7 14 47 29 7 20 29 46 30 
11 38 4 12 10 21 7 13 19 26 17 12 
18 41 33 35 33 39 1 40 34 11 30 14 
25 6 12 18 29 44 9 27 6 46 39 32 
22 32 28 37 21 5 40 30 39 40 28 13 
30 23 16 33 32 20 32 32 37 47 35 44 
2 39 27 47 15 13 39 41 6 9 9 45 
17 47 18 46 48 46 13 33 32 48 29 14 
12 1 15 26 26 36 14 32 20 7 4 20 
46 41 14 17 11 12 30 46 14 19 36 8 
41 11 30 32 8 8 15 43 27 47 18 38 
9 26 19 14 19 25 22 14 44 20 39 31 
48 21 29 28 13 1 23 28 39 18 37 46 
44 8 6 5 21 6 21 19 12 17 20 24 
25 15 25 11 39 30 16 4 30 34 5 28 
15 17 5 5 18 18 42 30 45 18 31 5 
4 5 6 10 20 29 10 47 16 48 36 45 
5 9 20 47 33 47 7 13 46 46 5 8 
47 15 34 46 11 2 5 21 24 40 3 46 
8 23 18 27 39 20 14 48 30 7 8 22 
10 40 42 20 43 31 21 44 39 19 35 42 
16 18 39 28 9 40 32 34 17 27 4 16 
17 3 33 17 5 22 28 5 32 15 9 2 
27 48 43 21 6 8 9 8 11 35 30 24 
23 37 29 48 38 44 23 20 1 24 14 17 
12 13 26 44 34 46 41 17 26 41 38 48 
36 11 38 3 1 32 44 16 45 30 36 25 
17 40 47 44 44 1 19 47 10 6 40 34 
10 9 48 1 31 35 46 35 31 29 27 18 
25 19 2 29 11 14 45 34 41 14 9 48 
27 30 17 41 38 3 8 29 16 42 3 35 
28 44 46 39 19 22 9 44 22 1 5 44 
31 32 25 30 45 16 43 15 35 22 28 30 
48 29 4 22 22 30 17 6 32 34 2 28 
34 47 27 46 34 34 27 28 8 17 15 13 
5 27 8 8 43 7 1 4 20 38 30 42 
29 14 37 37 5 26 7 27 1 44 39 46 
36 42 17 20 7 42 3 2 2 39 6 46 
46 20 32 36 31 36 24 36 34 42 42 45 
30 36 3 33 30 48 42 41 37 37 28 11 
5 2 35 44 28 2 44 20 38 16 48 24 
1 24 28 43 10 9 37 38 22 1 11 31 
39 17 11 9 2 34 26 18 26 14 45 41 
34 21 14 29 35 29 5 45 9 18 34 32 
7 44 1 27 15 44 22 29 48 9 43 17 
25 40 27 31 1 18 1 35 19 46 19 36 
18 30 18 10 5 15 14 19 32 23 5 10 
8 16 39 23 29 20 17 12 35 43 16 4 
4 34 24 21 35 39 48 44 40 25 41 48 
29 4 7 11 29 15 38 45 25 32 29 34 
43 27 14 45 14 11 35 31 22 21 5 41 
38 25 29 19 13 29 25 13 39 29 27 3 
1 7 4 30 41 17 21 17 11 30 35 6 
45 30 37 16 17 3 15 30 38 15 23 40 
32 14 32 39 9 44 42 12 8 13 42 25 
11 48 33 29 25 47 9 41 29 1 9 1 
17 42 45 27 27 18 23 4 33 7 15 2 
25 43 12 4 4 10 34 18 9 17 34 38 
24 37 36 41 46 2 33 25 36 46 24 28 
3 17 9 44 21 16 2 2 2 24 21 18 
14 39 44 18 28 48 31 23 18 2 4 24 
40 23 19 31 18 19 26 36 46 4 11 35 
42 33 8 20 34 8 46 3 44 8 36 44 
48 3 42 32 10 7 20 26 35 23 7 17 
27 20 40 37 45 46 40 43 27 3 12 8 
46 14 5 39 47 14 31 24 41 17 41 24 
39 37 22 31 1 3 24 37 25 27 18 21 
37 26 7 35 12 17 29 28 13 35 46 14 
31 18 2 45 17 30 38 32 23 2 17 15 
38 36 21 36 15 15 41 4 34 16 28 19 
22 45 18 42 42 13 40 11 38 26 7 16 
12 33 48 5 29 29 34 48 24 43 39 3 
34 16 3 28 38 40 21 31 31 47 48 47 
4 32 12 8 21 44 5 1 37 4 13 28 
21 30 4 37 45 10 4 30 19 29 38 6 
45 40 46 34 31 36 33 12 21 31 19 34 
15 8 1 22 14 35 14 9 42 14 40 37 
18 22 24 17 13 24 39 3 11 42 25 45 
43 4 23 14 2 16 7 41 2 38 9 25 
24 7 6 21 18 34 23 38 22 23 44 40 
36 42 14 46 8 7 6 45 40 46 5 38 
17 19 38 40 39 47 36 47 29 33 14 48 
5 35 13 41 26 31 9 21 45 45 34 32 
16 21 30 48 46 11 32 42 1 28 12 11 
25 5 40 30 34 25 26 2 40 23 9 26 
29 25 26 29 21 12 46 18 9 11 33 4 
31 16 11 35 42 39 18 15 1 40 40 47 
26 18 12 6 31 28 47 25 25 39 6 45 
23 10 48 24 48 11 33 24 18 16 28 17 
37 38 42 9 20 35 34 4 20 42 15 31 
22 40 47 26 40 44 39 44 4 17 8 8 
40 27 45 42 10 45 48 7 26 43 2 38 
5 13 1 36 25 21 16 23 7 44 42 1 
45 42 41 11 9 41 22 12 37 47 14 28 
6 44 19 37 25 9 7 33 31 7 43 21 
34 38 35 31 4 45 18 20 32 30 2 31 
47 12 7 23 20 48 46 1 6 10 7 35 
38 22 23 20 37 46 10 47 23 19 12 39 
48 4 14 48 1 20 17 27 25 27 5 22 
11 30 43 38 11 26 21 29 33 29 4 4 
20 37 20 8 12 22 39 41 21 17 1 16 
37 7 5 43 2 47 30 23 5 46 28 19 
30 9 9 34 28 25 47 28 7 35 26 38 
29 39 39 29 5 24 10 6 47 8 10 47 
45 47 19 12 41 30 12 46 16 7 36 44 
23 38 18 1 31 8 13 28 19 34 29 38 
15 2 9 11 19 18 40 37 37 46 37 35 
17 31 1 19 30 1 16 23 33 25 27 40 
34 10 40 38 35 17 9 29 17 21 47 37 
14 44 26 39 19 48 19 22 39 17 40 22 
31 6 39 32 8 30 42 30 29 32 24 39 
2 18 5 27 24 15 44 25 36 44 10 41 
46 1 4 8 23 6 25 11 32 23 41 36 
30 27 11 26 27 16 48 34 27 19 15 5 
10 11 37 42 16 12 29 17 35 46 25 16 
39 21 27 11 41 27 43 7 13 41 7 4 
18 23 46 9 46 7 34 10 46 13 43 14 
15 45 14 6 39 34 39 40 7 35 35 45 
25 24 19 29 28 28 17 20 42 43 11 48 
5 12 8 12 22 14 47 24 44 24 33 19 
34 4 21 11 11 46 47 42 6 28 21 46 
46 1 36 35 7 27 12 36 21 45 42 25 
20 33 8 17 45 12 23 45 34 14 10 11 
42 11 11 14 9 47 37 43 12 33 3 36 
1 5 26 43 24 15 22 47 8 35 1 20 
24 36 47 22 13 41 39 41 9 15 47 14 
10 44 18 4 17 6 10 15 20 25 30 29 
19 34 5 13 40 39 16 19 37 2 41 1 
9 3 48 10 36 20 41 17 46 17 6 48 
40 33 10 25 11 40 22 44 11 41 48 21 
33 7 16 27 40 27 42 24 38 40 17 9 
27 3 19 31 16 26 15 26 31 17 31 10 
12 31 35 10 14 6 3 3 14 19 3 8 
37 30 9 33 12 5 6 46 2 6 5 30 
7 37 32 17 20 34 47 39 25 10 1 20 
46 33 21 4 30 46 38 20 16 37 41 25 
2 14 42 9 9 19 28 16 13 45 14 38 
41 25 8 3 6 25 41 21 17 28 26 45 
32 27 23 8 29 5 20 34 38 29 42 24 
42 16 36 41 8 2 26 10 48 42 7 30 
12 6 3 46 44 15 43 43 3 26 31 40 
14 7 30 37 21 28 1 36 4 14 20 43 
3 36 39 24 36 29 6 29 47 48 12 1 
26 17 22 11 15 18 10 6 27 7 43 11 
22 43 27 20 19 39 7 24 11 33 27 15 
2 21 10 32 9 31 17 3 16 37 7 12 
7 23 34 14 33 12 43 37 25 25 26 6 
25 3 32 42 11 5 8 31 35 16 16 34 
48 42 8 33 37 43 10 16 24 42 38 15 
13 17 21 40 26 35 13 28 2 27 39 16 
30 29 37 7 41 28 1 7 18 44 46 40 
29 41 7 34 13 33 7 35 5 23 42 33 
5 25 16 45 2 8 38 27 46 34 17 17 
8 28 20 9 34 47 16 43 20 33 27 44 
47 26 12 39 38 37 9 38 44 43 11 9 
33 37 18 41 10 1 44 47 11 47 12 22 
18 11 39 3 40 13 29 34 8 29 2 20 
15 23 25 12 21 28 25 7 31 9 48 29 
1 44 47 5 35 39 39 4 26 4 31 15 
44 19 4 48 44 17 44 17 35 2 18 40 
34 37 15 37 6 20 16 23 8 16 13 25 
30 32 10 44 13 13 24 45 14 10 7 36 
20 46 39 2 47 6 14 43 20 1 6 12 
28 21 32 39 14 9 47 32 24 5 47 43 
22 36 17 26 10 5 18 28 19 13 22 16 
21 38 48 40 48 26 40 38 13 21 15 24 
14 29 28 26 17 8 42 12 30 42 23 20 
20 46 21 9 23 29 20 34 18 2 19 3 
36 8 30 6 13 48 27 42 27 27 36 19 
37 10 5 17 36 4 24 11 46 15 32 17 
42 28 19 1 44 12 4 47 5 28 12 42 
17 45 13 45 29 46 11 24 14 20 15 4 
2 26 40 23 45 21 6 36 20 26 25 40 
43 47 12 41 18 39 10 40 24 6 45 45 
9 41 9 25 4 7 3 46 29 10 44 36 
5 36 8 36 22 42 38 25 23 1 33 27 
7 31 48 29 15 15 9 2 38 11 18 14 
16 1 46 10 2 10 23 26 36 32 22 29 
12 32 10 14 39 11 7 37 7 17 27 18 
35 18 17 7 11 38 1 8 4 7 11 15 
3 43 12 40 4 7 21 16 47 40 39 27 
10 11 16 3 15 34 27 24 35 15 45 3 
26 4 20 22 45 19 24 6 37 36 29 24 
29 45 5 20 6 29 20 13 18 25 8 8 
33 25 1 4 24 38 8 26 38 43 24 12 
18 1 35 17 32 26 35 23 16 26 20 13 
43 3 6 32 11 32 44 19 30 11 13 17 
11 32 17 21 21 9 37 44 28 38 21 45 
13 5 14 19 24 17 24 45 3 32 41 18 
39 33 18 13 27 13 18 28 41 29 31 27 
26 25 32 10 23 45 42 18 25 41 28 38 
30 43 25 24 1 42 34 29 27 1 29 9 
15 40 39 40 9 35 2 33 2 47 33 24 
23 28 41 33 48 6 32 8 8 11 19 26 
48 45 36 17 44 44 17 9 24 10 48 15 
33 34 43 12 40 29 26 25 18 16 44 29 
41 47 4 16 30 16 12 41 44 23 15 6 
22 4 4 23 25 21 17 20 26 8 31 9 
30 39 35 44 33 45 45 46 31 15 39 47 
46 25 20 22 43 30 46 40 14 17 14 32 
37 35 5 19 29 41 21 28 28 1 44 38 
26 45 26 47 47 42 6 35 48 6 9 41 
13 28 44 8 40 17 30 16 8 14 18 6 
1 18 17 38 14 15 3 4 14 11 29 21 
42 33 41 31 26 13 36 22 25 42 8 39 
38 39 7 23 8 30 18 38 37 1 48 15 
44 45 46 44 2 11 29 26 5 6 16 38 
22 32 23 17 15 31 20 3 11 28 15 19 
28 4 32 20 48 41 5 14 30 44 11 48 
36 8 35 12 46 44 48 12 3 48 40 2 
37 48 10 37 9 28 26 27 23 32 37 27 
16 1 26 26 20 37 31 10 1 2 33 23 
26 43 46 33 21 23 48 36 36 9 43 14 
14 47 43 36 34 44 20 14 14 38 14 42 
25 11 32 27 41 16 33 15 32 48 25 33 
8 7 21 28 2 10 18 8 1 25 42 8 
20 25 11 42 27 47 32 1 31 42 1 7 
27 35 37 9 25 22 27 33 3 44 35 40 
29 19 30 6 7 36 14 24 21 7 29 3 
12 1 33 7 24 17 47 23 23 17 30 22 
6 10 23 21 23 24 8 18 37 23 47 28 
39 21 16 40 20 7 42 8 26 17 48 42 
8 19 36 23 48 4 27 29 9 31 19 16 
38 26 37 10 9 12 9 34 12 40 24 18 
14 46 34 20 30 6 20 21 17 7 32 40 
30 41 32 42 16 13 7 32 1 32 15 47 
9 16 47 28 24 2 11 24 2 27 42 39 
3 27 39 37 5 43 2 12 41 37 34 46 
43 11 4 5 29 9 12 28 18 6 27 43 
21 44 44 7 17 14 47 36 13 45 13 27 
34 1 1 27 6 12 45 4 30 12 16 16 
26 32 11 5 39 5 39 13 22 14 31 30 
42 25 42 17 33 1 48 42 5 43 2 24 
16 29 26 24 9 38 44 8 3 17 28 3 
14 15 32 44 38 3 34 24 33 34 39 2 
24 4 29 29 8 27 42 48 1 38 19 13 
43 13 45 14 14 45 20 18 40 15 41 34 
15 20 5 26 30 39 11 15 48 39 23 39 
9 34 43 11 20 48 13 26 24 35 9 5 
12 24 8 18 17 17 21 44 35 10 33 42 
8 2 21 12 27 25 19 2 31 36 6 1 
27 23 33 46 24 32 17 43 10 9 42 27 
5 21 24 19 44 30 38 40 44 40 34 15 
30 31 39 37 31 41 1 30 26 12 41 22 
6 48 29 13 48 16 7 10 37 7 46 13 
47 41 13 29 38 47 8 28 27 48 25 36 
4 5 33 39 21 7 5 25 6 43 42 26 
40 32 18 21 47 21 12 5 40 41 7 19 
12 3 2 3 15 38 23 7 46 17 18 15 
17 43 20 35 23 28 6 6 28 16 4 27 
28 24 9 26 20 26 21 48 18 42 22 32 
36 9 5 5 42 5 35 15 43 45 40 10 
16 30 30 41 22 1 15 8 33 30 45 35 
46 44 28 25 46 8 11 17 34 35 36 34 
48 47 41 36 25 42 29 29 4 22 20 37 
38 23 44 9 44 37 20 14 22 10 27 9 
4 16 13 1 41 47 43 20 43 42 48 40 
25 37 39 25 2 12 3 41 10 28 18 26 
12 38 28 46 16 20 18 33 37 20 39 2 
40 14 47 33 34 38 34 42 19 35 7 21 
5 48 48 9 45 18 4 24 29 48 12 20 
29 18 40 7 42 1 25 19 36 36 30 35 
21 43 29 3 39 32 27 10 3 34 34 32 
10 44 21 11 17 33 33 5 48 3 43 10 
47 34 25 17 11 23 2 25 30 6 4 17 
1 15 35 29 19 19 5 43 2 27 11 16 
19 30 19 32 37 3 47 9 25 46 6 46 
19 37 46 43 34 38 25 36 17 10 33 10 
24 24 16 28 13 15 12 16 21 31 47 24 
20 45 15 33 10 31 5 48 22 13 15 37 
39 33 6 11 17 40 44 41 41 1 6 12 
35 36 3 13 28 34 23 31 31 40 26 8 
31 1 9 22 21 8 11 24 12 45 11 44 
36 23 17 16 29 35 34 28 1 44 25 29 
15 35 42 5 39 42 3 2 7 25 37 31 
6 6 28 21 5 47 38 33 42 4 14 38 
23 29 44 3 19 46 10 44 26 43 35 18 
31 13 27 26 35 35 9 27 36 24 17 30 
12 19 11 10 42 48 41 41 4 30 13 39 
36 16 23 29 33 6 4 35 40 36 11 31 
11 5 2 44 28 13 23 21 5 41 33 38 
6 46 41 18 39 19 6 18 29 43 43 22 
20 25 29 45 16 36 16 20 21 23 21 27 
25 8 26 4 17 43 38 26 47 12 46 13 
29 38 31 16 20 15 22 40 14 31 37 24 
13 47 8 12 2 37 8 4 12 45 16 21 
40 17 46 48 3 16 33 22 17 7 30 40 
41 48 15 15 6 23 39 45 45 8 48 1 
19 30 25 23 12 28 1 19 6 3 41 41 
48 42 34 34 44 29 30 27 11 44 25 39 
19 22 29 24 3 41 46 39 9 18 40 22 
12 34 28 14 30 16 18 30 24 3 47 32 
23 9 12 1 26 47 34 40 36 26 32 23 
4 48 7 46 2 44 15 21 1 7 1 7 
36 46 17 28 45 19 4 3 28 20 46 6 
46 6 11 26 20 6 45 25 35 19 8 25 
30 38 13 42 19 27 29 42 39 11 9 45 
21 24 25 39 38 32 40 15 26 24 6 17 
15 5 31 5 41 24 21 16 27 28 4 41 
43 11 37 20 15 10 1 34 18 22 14 18 
7 25 10 6 37 5 13 36 4 30 10 44 
45 45 32 2 18 35 43 29 37 33 2 8 
28 23 35 21 34 17 5 33 16 42 19 33 
5 24 18 39 26 11 11 47 10 7 31 40 
17 10 10 18 18 42 43 35 2 40 15 27 
2 31 15 23 45 19 35 42 27 15 44 10 
40 34 12 43 31 38 31 36 5 19 3 41 
46 44 29 24 7 27 47 37 6 2 30 2 
23 7 27 26 10 16 17 24 12 12 24 42 
39 29 40 37 39 37 18 17 23 22 43 39 
41 45 8 9 9 15 36 10 14 42 11 4 
12 40 38 47 48 34 26 8 38 47 10 37 
21 13 48 3 14 32 28 14 18 46 47 16 
19 26 45 21 44 21 45 4 37 3 23 32 
15 25 24 46 28 35 8 40 34 44 41 28 
25 22 21 27 24 29 24 22 21 31 13 23 
48 45 40 12 16 48 24 32 23 20 23 6 
8 3 10 15 6 9 46 8 26 42 30 10 
23 16 20 8 38 18 13 37 3 28 16 24 
22 6 27 46 45 40 40 7 28 38 6 42 
5 21 16 14 11 34 34 12 9 33 33 7 
25 30 25 38 42 5 29 33 15 26 47 34 
39 33 11 27 23 7 27 27 42 17 3 43 
27 29 28 4 7 21 22 14 38 19 20 38 
2 41 29 33 17 14 36 15 8 2 8 36 
32 42 9 30 9 25 5 43 45 31 29 18 
35 25 37 10 3 41 37 31 47 13 12 37 
9 40 48 7 20 33 19 20 44 23 5 4 
26 44 43 2 35 11 23 33 16 14 11 22 
8 42 41 46 10 12 46 6 29 17 29 34 
12 21 12 44 24 6 2 7 21 36 42 25 
31 2 27 40 25 42 41 48 28 28 14 38 
10 25 42 23 42 30 8 26 10 34 10 8 
35 44 9 20 15 40 17 4 27 38 34 26 
9 36 31 12 36 14 44 29 34 24 41 42 
22 43 47 7 4 5 29 41 9 12 5 33 
34 18 11 43 24 7 33 44 40 46 35 24 
23 5 44 10 3 2 31 5 5 39 15 35 
1 3 30 9 1 23 32 28 19 31 28 7 
33 8 1 31 5 18 15 33 38 32 10 23 
41 40 12 42 40 21 48 30 23 29 24 14 
45 11 3 48 22 48 20 16 2 26 1 44 
26 10 42 24 26 31 24 40 45 48 46 38 
46 26 25 17 20 12 21 27 32 6 12 21 
29 13 16 40 32 4 20 16 14 22 16 5 
46 6 47 46 27 2 30 4 27 46 19 8 
19 18 38 4 35 33 48 1 18 28 41 3 
38 15 10 43 47 45 14 13 21 36 15 34 
6 42 3 9 4 44 28 39 44 24 43 17 
35 9 39 22 15 31 16 44 9 45 47 29 
4 20 13 15 17 8 33 33 36 40 4 21 
37 37 25 36 43 18 9 38 41 12 27 28 
22 7 44 21 29 46 12 22 3 9 7 41 
12 47 45 36 47 33 16 46 2 9 34 29 
21 19 37 37 38 9 17 12 17 22 41 16 
16 46 31 4 8 20 15 44 29 46 9 3 
39 28 29 3 7 19 25 31 45 29 17 31 
19 44 35 17 44 25 30 48 19 18 4 48 
42 20 9 38 48 12 13 16 16 34 7 36 
