100
26 28 13 36 22 43 23 4 1 3 40 9 
30 31 20 17 41 2 21 10 32 26 4 14 
34 29 30 14 17 6 22 37 45 15 11 4 
24 44 29 39 27 19 47 13 22 21 1 41 
25 18 35 2 3 45 40 5 20 36 33 31 
33 32 41 29 40 15 45 28 35 19 48 2 
1 24 38 32 43 30 35 3 39 4 7 22 
43 36 19 16 13 39 12 31 29 5 22 34 
35 20 40 18 46 16 8 9 48 12 45 11 
27 16 23 37 11 35 19 41 30 29 13 45 
10 35 32 43 36 23 29 48 41 27 26 6 
48 34 5 30 12 4 14 44 8 11 36 24 
17 30 11 40 6 9 21 44 42 19 33 37 
45 2 43 8 20 16 9 24 12 30 15 11 
3 33 20 27 18 1 36 34 24 32 13 21 
39 42 30 7 19 32 1 33 35 46 41 23 
47 19 12 35 28 3 4 5 13 33 38 1 
29 5 26 48 27 18 13 10 41 14 6 17 
27 24 19 37 41 22 38 30 33 34 46 47 
12 46 21 17 35 14 47 15 23 5 18 33 
13 44 35 19 45 27 3 8 10 40 39 42 
7 39 23 36 3 13 14 18 28 35 21 48 
30 26 14 13 10 34 6 41 15 23 22 45 
31 18 27 14 42 39 10 21 37 22 48 40 
10 27 13 34 31 28 7 20 45 39 4 32 
4 14 42 29 33 25 38 37 39 12 23 15 
2 38 26 36 20 29 5 7 11 47 19 35 
48 12 28 23 2 38 14 47 32 3 29 42 
15 29 5 47 21 32 31 8 4 18 10 27 
14 41 1 4 34 42 45 30 29 35 46 28 
19 21 31 20 5 39 4 12 27 8 7 38 
31 8 13 5 27 7 11 40 16 19 2 32 
39 27 7 19 45 35 32 6 31 42 16 37 
2 25 43 13 36 15 42 37 29 35 10 44 
21 47 44 2 41 14 33 1 5 13 32 46 
8 39 19 20 15 13 10 21 48 28 30 1 
15 35 14 22 18 36 31 46 32 1 13 4 
16 20 6 10 14 26 24 48 43 15 28 8 
29 27 30 46 9 2 23 20 28 43 12 7 
34 43 28 33 35 4 1 26 46 24 38 41 
19 32 12 17 24 37 29 31 47 42 41 35 
3 1 35 31 22 48 45 13 38 20 46 18 
6 46 23 18 10 31 17 11 2 40 14 3 
26 6 9 22 12 47 39 11 43 46 35 41 
39 21 36 29 8 9 30 19 35 13 5 43 
10 24 34 5 13 40 14 45 30 9 18 21 
18 30 38 23 31 2 13 10 28 15 33 17 
43 31 13 24 45 19 16 6 2 40 36 11 
48 45 42 12 10 43 37 3 29 34 14 40 
13 25 3 43 28 45 20 48 16 33 1 41 
24 14 19 38 36 41 32 27 31 13 29 7 
39 10 15 24 45 29 43 28 46 8 9 23 
8 45 14 17 30 5 11 23 38 1 6 15 
9 28 20 47 27 38 45 31 13 48 21 22 
16 33 43 37 24 15 21 7 41 36 26 1 
47 2 40 1 21 6 48 17 11 3 5 9 
41 21 25 28 29 32 1 13 33 26 17 19 
6 46 33 13 17 21 44 16 4 29 12 30 
34 43 48 20 25 27 18 38 47 5 45 16 
38 7 2 27 5 22 12 28 39 29 32 42 
3 34 40 15 7 18 46 32 45 2 16 30 
22 32 7 13 37 15 34 2 18 10 28 12 
8 42 33 31 14 25 26 47 22 45 7 20 
45 41 26 7 29 37 13 18 16 40 35 10 
20 21 37 10 35 41 28 34 7 1 25 27 
35 1 8 40 33 30 14 12 28 25 15 43 
32 37 30 43 12 47 39 11 2 31 27 17 
18 40 4 32 22 23 43 36 24 41 34 29 
6 19 21 46 10 31 24 40 44 35 48 32 
36 12 8 1 45 44 5 30 46 23 26 9 
28 36 3 27 24 10 8 14 16 6 35 19 
4 39 47 37 3 46 7 18 40 16 23 8 
14 46 19 11 2 38 47 42 25 26 12 28 
5 2 48 33 38 22 42 13 37 43 47 31 
23 4 33 20 43 28 34 39 12 46 5 7 
20 43 6 24 34 7 3 23 39 5 1 12 
26 47 21 16 39 20 11 10 19 32 36 35 
11 24 29 31 30 21 13 26 18 39 9 48 
47 10 2 32 13 7 45 39 22 5 12 38 
11 7 17 41 43 26 29 18 35 9 20 21 
38 20 43 48 31 41 22 7 19 8 45 14 
31 6 4 13 19 45 24 48 38 34 9 1 
2 30 46 45 35 3 44 36 24 27 31 13 
7 38 35 22 37 33 32 21 41 24 17 45 
41 2 6 5 34 31 42 28 9 39 23 30 
9 45 47 24 30 4 38 17 5 18 8 15 
10 41 44 28 23 16 7 3 48 26 14 17 
15 19 3 21 32 6 48 42 45 23 43 11 
1 26 12 2 39 32 21 25 14 35 18 36 
6 24 32 18 7 2 39 46 17 36 48 33 
46 44 28 23 11 27 41 33 2 17 39 37 
4 32 33 17 12 5 46 2 8 13 6 10 
37 33 8 4 40 34 5 12 36 32 3 6 
25 8 24 11 9 15 43 41 31 12 30 35 
27 31 36 15 46 13 9 47 4 11 41 32 
22 4 14 10 33 25 17 5 28 20 11 23 
2 30 31 11 35 4 38 8 26 14 9 34 
17 16 29 45 7 41 27 1 2 20 33 23 
10 29 26 23 27 35 32 33 40 12 17 41 
20 12 4 15 29 14 36 30 9 5 23 45 
31 26 12 47 1 21 27 24 26 38 5 38 
20 4 43 31 18 7 33 22 18 44 41 37 
17 48 15 1 26 20 24 15 40 2 27 27 
3 39 10 7 37 14 26 20 14 18 39 12 
42 13 4 41 19 40 30 30 25 8 29 43 
29 9 46 26 42 3 11 29 23 6 37 13 
23 19 22 12 5 42 4 16 46 10 32 32 
46 17 31 25 31 47 5 6 15 20 3 26 
16 2 37 44 29 17 13 1 10 37 10 28 
39 38 9 21 28 18 6 35 21 30 28 18 
15 12 47 10 21 17 22 7 27 7 20 27 
1 17 32 31 32 42 28 47 22 12 42 24 
40 35 22 15 22 46 18 45 38 21 29 29 
24 6 1 9 36 37 2 40 6 31 45 10 
33 13 16 16 15 11 43 42 39 18 25 4 
48 47 38 39 4 2 30 29 2 15 26 16 
44 3 29 5 13 21 29 27 17 24 8 18 
34 29 17 28 29 19 27 36 32 2 28 46 
28 36 40 1 46 33 24 46 4 4 1 35 
23 37 15 12 33 40 40 14 20 43 27 22 
42 40 5 46 39 45 41 9 5 37 30 13 
9 16 36 25 9 24 16 35 30 17 14 14 
5 9 3 22 30 47 34 39 43 44 37 30 
4 43 6 24 24 38 45 12 40 6 9 36 
21 15 43 42 19 13 43 24 3 16 45 21 
17 6 29 6 3 41 46 43 5 23 24 33 
20 20 21 43 23 27 6 19 24 11 33 14 
44 33 24 25 47 20 39 22 38 1 20 4 
23 48 32 44 44 24 1 32 23 36 44 18 
33 7 40 38 7 14 36 17 18 17 3 24 
5 44 47 45 26 11 44 33 8 25 17 5 
28 35 16 13 22 23 23 10 45 14 37 19 
18 25 35 26 15 3 9 9 37 7 14 39 
41 26 4 23 34 9 32 33 8 45 4 33 
38 15 2 40 38 25 3 35 17 36 45 43 
7 22 16 27 21 3 39 32 21 7 17 40 
47 16 24 47 42 22 30 3 26 16 42 34 
35 13 5 44 32 11 13 45 31 47 24 25 
40 37 22 15 19 6 20 28 11 31 7 28 
4 38 3 3 46 18 2 41 33 18 43 5 
18 24 48 43 13 7 47 22 13 11 25 20 
46 44 41 38 48 39 11 15 4 46 2 13 
25 9 21 11 27 45 9 18 25 19 23 10 
21 43 21 26 34 16 18 25 26 12 39 15 
7 9 5 7 7 15 20 47 16 27 34 8 
2 44 26 13 24 35 44 31 5 6 45 36 
13 41 1 1 40 28 5 4 46 38 29 3 
1 8 16 6 19 46 25 16 8 2 12 31 
11 13 10 20 2 42 17 27 36 33 38 13 
17 26 9 6 38 46 46 22 34 37 47 26 
19 15 4 34 19 7 24 21 39 10 3 45 
14 47 26 19 4 34 22 24 22 27 42 16 
42 1 38 36 31 24 26 33 42 12 2 4 
21 12 47 5 34 10 27 40 28 30 41 27 
29 31 37 48 43 43 39 34 26 25 30 39 
1 24 17 3 46 26 33 18 1 23 10 28 
46 44 5 21 2 40 4 38 5 42 16 46 
42 45 17 28 27 16 1 6 27 9 6 35 
44 11 18 34 11 5 47 30 19 36 20 44 
27 8 35 25 1 20 32 14 42 14 4 6 
28 20 14 48 13 39 23 21 5 6 12 23 
46 28 31 29 4 48 30 19 17 30 40 47 
21 38 13 35 32 24 48 44 13 12 24 7 
29 26 5 36 9 38 7 13 26 4 3 15 
15 46 24 42 18 8 29 4 31 3 5 5 
12 5 46 22 24 33 45 48 3 39 46 34 
5 30 41 38 39 45 19 17 41 23 30 38 
2 2 16 14 26 34 33 9 11 27 14 28 
3 10 27 4 9 24 19 1 10 20 22 33 
22 25 37 3 14 29 14 21 45 48 30 25 
1 14 15 36 33 8 33 20 32 31 4 10 
8 22 12 38 22 6 4 24 8 30 44 40 
21 3 45 23 11 17 25 29 21 1 34 3 
48 9 26 42 36 42 18 35 44 34 18 6 
24 38 7 18 25 5 31 40 17 28 28 14 
27 48 11 6 29 19 32 8 20 12 29 36 
29 7 40 44 8 14 40 5 14 35 33 46 
35 21 32 13 19 32 48 43 22 3 16 21 
39 25 27 30 42 1 27 27 20 25 22 34 
40 21 21 38 48 21 1 4 26 29 19 42 
24 3 42 33 10 23 13 13 43 16 29 16 
36 27 40 29 3 9 11 9 47 37 2 41 
35 18 10 14 44 36 30 34 33 1 33 5 
14 43 25 20 47 47 4 1 3 2 26 48 
13 15 30 31 6 39 6 11 1 45 40 18 
8 35 1 8 21 12 36 22 30 31 46 8 
5 16 9 36 5 29 19 38 7 4 4 25 
48 48 31 12 14 48 18 43 15 48 35 12 
45 29 7 35 2 35 40 35 34 21 47 9 
32 12 19 19 18 42 8 8 25 44 25 4 
30 13 29 9 29 8 35 19 37 7 44 26 
43 23 26 44 15 24 34 26 6 38 27 40 
29 5 16 46 4 37 10 40 10 47 37 43 
34 1 13 1 26 43 37 45 12 33 13 39 
16 47 11 27 22 44 3 44 39 15 5 20 
18 17 37 47 16 46 25 24 46 6 34 2 
15 1 10 22 42 21 45 12 39 25 48 42 
35 3 46 27 26 17 3 27 32 48 2 24 
27 42 12 26 34 23 5 47 10 27 43 18 
31 48 16 10 31 48 20 16 45 40 5 1 
