100
14 26 19 17 21 28 35 36 7 33 6 35 
32 25 23 21 18 16 1 34 2 21 28 33 
4 11 35 27 28 4 10 32 30 25 30 25 
12 7 3 34 23 22 31 31 32 9 8 27 
15 8 10 4 11 34 29 17 5 13 19 13 
11 32 16 9 4 10 36 1 19 18 4 31 
7 27 33 16 17 33 34 10 15 8 20 10 
35 20 12 10 8 24 24 25 3 24 31 29 
31 24 13 26 15 17 18 26 1 10 17 24 
9 35 17 36 29 1 32 21 26 2 13 9 
20 4 5 11 31 25 20 7 9 16 23 18 
10 18 29 31 5 27 5 30 28 35 12 3 
26 1 8 23 32 32 13 13 36 14 32 20 
18 13 31 30 27 2 26 22 14 34 33 28 
6 2 2 32 16 6 23 11 29 11 11 17 
23 19 27 15 13 26 25 23 4 27 2 16 
36 21 26 2 34 15 15 27 33 1 16 26 
13 12 15 14 7 23 12 2 31 23 25 22 
28 34 4 24 36 35 30 15 23 12 27 34 
21 36 34 5 30 11 9 6 11 20 22 15 
24 22 22 22 12 14 28 18 12 7 34 2 
22 30 32 28 22 20 8 5 17 6 14 7 
5 17 20 7 2 29 7 19 8 19 24 11 
25 9 28 3 19 5 11 8 25 5 18 19 
17 33 18 1 1 36 14 3 27 30 3 8 
16 14 21 35 35 7 3 20 10 32 10 32 
27 29 1 8 10 30 16 12 24 31 29 36 
8 31 11 33 24 31 21 4 16 4 5 4 
2 5 24 19 26 18 33 24 18 15 1 30 
19 23 6 18 9 9 6 16 6 26 7 23 
1 10 36 13 33 19 19 29 34 17 35 21 
30 6 7 12 3 13 2 28 22 28 15 1 
34 15 25 6 14 12 17 33 20 3 36 12 
29 28 30 25 20 21 22 14 35 22 21 14 
3 3 14 20 25 8 4 9 21 29 26 5 
23 17 27 24 21 4 7 20 28 27 31 32 
25 29 9 26 16 13 36 16 19 24 19 10 
14 1 14 5 4 30 13 29 4 10 11 2 
3 5 19 17 5 36 24 5 31 35 5 4 
15 12 22 29 9 24 15 6 32 18 27 17 
31 4 21 31 36 8 27 23 6 1 9 16 
11 6 12 36 33 1 12 36 18 20 7 9 
8 14 31 8 1 22 21 33 5 28 6 21 
13 23 11 11 20 27 5 12 20 34 21 24 
34 24 5 33 11 15 6 27 10 15 28 26 
5 11 20 28 23 23 31 3 22 8 25 31 
21 36 35 27 25 11 25 28 26 22 1 28 
24 30 36 18 28 10 10 34 11 6 29 27 
6 32 32 32 10 29 3 26 17 26 2 23 
26 27 15 1 6 35 35 8 16 25 4 13 
22 21 4 12 34 9 20 15 29 16 24 11 
33 31 13 2 7 2 4 7 7 9 33 30 
9 16 7 19 30 17 33 17 3 31 20 33 
2 33 1 6 3 18 2 24 9 14 23 1 
27 35 8 10 29 21 32 19 15 30 17 25 
4 28 29 22 27 16 14 22 1 36 36 8 
10 10 23 25 35 26 1 18 23 4 16 22 
30 9 18 3 15 34 17 11 21 29 14 29 
18 13 28 13 26 3 34 30 14 2 34 20 
7 8 16 20 18 32 22 25 13 23 8 34 
12 25 6 34 22 33 19 4 2 3 26 5 
28 34 30 7 31 31 8 2 34 5 35 14 
32 19 34 9 24 6 11 13 30 32 3 15 
20 22 2 15 32 28 26 1 36 33 12 19 
36 15 3 35 17 25 18 10 33 21 32 6 
29 20 17 16 8 12 16 14 25 11 22 3 
1 26 10 21 13 20 9 9 27 17 13 35 
17 3 24 30 2 5 23 21 24 13 10 18 
16 2 25 14 14 7 30 32 8 12 30 12 
35 7 33 23 19 19 29 31 12 19 15 36 
8 6 15 11 10 5 34 29 23 1 9 1 
21 31 36 33 12 23 32 31 35 7 13 27 
26 9 25 27 18 19 13 20 14 10 26 30 
23 4 21 15 1 4 9 23 27 32 23 21 
29 36 23 2 14 12 8 15 3 5 28 4 
15 26 5 13 35 25 14 14 1 9 20 24 
28 20 34 21 3 16 23 9 24 14 33 17 
31 35 4 19 23 13 15 24 29 15 29 26 
32 2 3 31 6 1 4 21 16 30 14 2 
19 11 16 1 32 21 24 18 36 22 12 3 
14 16 2 14 11 36 3 12 25 34 2 6 
30 5 6 30 7 2 10 16 31 29 1 14 
12 27 33 25 4 14 2 17 12 4 11 7 
25 21 26 20 21 31 30 27 15 26 6 29 
6 10 35 8 26 9 18 7 21 24 3 20 
34 32 8 26 24 28 36 6 33 21 17 15 
9 34 14 10 15 30 35 2 8 18 8 31 
18 28 12 32 33 10 21 25 10 17 15 22 
20 12 1 4 5 34 20 33 32 11 4 23 
11 7 7 17 22 22 31 4 13 28 35 11 
10 15 28 24 8 3 12 3 11 2 5 16 
27 33 31 34 31 18 26 36 7 36 25 33 
5 14 24 16 17 29 29 13 30 16 18 5 
24 3 22 9 34 15 33 11 9 8 10 9 
36 8 19 35 20 24 19 1 19 35 36 32 
13 13 11 7 25 17 27 32 26 25 16 8 
3 19 10 5 30 27 1 5 6 12 27 10 
7 17 9 12 28 26 28 8 18 27 30 36 
17 25 29 18 16 11 11 22 4 20 34 13 
4 18 30 6 27 33 25 28 22 19 21 18 
19 18 26 4 12 14 28 35 35 7 18 7 
35 30 17 23 29 20 5 26 2 6 31 28 
25 33 34 10 15 4 13 6 24 3 3 15 
28 27 6 20 12 2 32 5 34 14 22 26 
12 6 2 1 32 17 12 14 30 7 15 15 
26 1 27 12 18 2 23 3 11 17 36 26 
23 20 35 31 14 23 16 6 32 17 30 2 
23 30 18 35 5 25 21 15 33 6 21 22 
23 32 21 35 1 27 29 10 17 33 14 28 
4 24 16 27 19 11 31 13 31 11 33 33 
23 28 16 10 27 20 36 32 1 25 34 24 
18 31 15 24 25 15 2 2 30 12 20 6 
20 29 13 6 11 14 35 22 36 28 25 34 
15 25 11 31 7 29 32 26 26 9 13 14 
10 1 19 11 5 14 12 30 35 19 27 12 
14 25 1 11 36 36 26 33 34 16 2 19 
14 1 5 15 33 35 26 13 34 23 7 17 
29 22 36 15 29 20 32 8 29 13 20 28 
11 24 11 23 20 33 25 29 29 34 31 33 
27 2 12 30 16 29 12 36 27 25 11 4 
30 29 11 13 21 28 15 7 10 13 17 2 
27 13 20 21 22 24 8 3 6 30 12 29 
15 18 34 12 18 26 22 19 13 9 12 33 
32 12 33 1 22 35 17 26 23 24 4 24 
18 3 26 21 32 26 29 31 17 15 33 29 
25 21 10 34 31 19 23 36 20 31 15 15 
34 17 22 14 24 23 2 6 18 10 27 12 
18 8 7 28 27 23 12 8 22 9 8 14 
19 36 10 19 30 17 1 31 20 23 36 20 
25 26 15 11 30 21 8 26 31 10 3 10 
8 17 30 6 15 36 12 13 35 18 17 25 
26 7 2 17 2 32 4 16 31 22 21 32 
8 1 1 29 10 21 35 17 20 17 27 9 
5 31 17 6 26 29 16 17 26 7 21 29 
25 16 7 36 31 34 26 33 22 31 31 10 
6 28 28 21 14 19 10 22 8 10 33 32 
3 9 23 5 26 27 19 5 17 16 22 15 
33 1 5 17 22 21 35 15 23 6 4 5 
36 26 8 25 34 19 23 1 24 13 6 13 
27 33 6 10 11 2 18 15 15 3 6 18 
18 28 9 7 26 11 1 8 7 16 1 33 
18 33 5 32 20 33 20 9 17 24 20 35 
23 31 12 3 10 6 8 13 34 35 12 18 
26 16 5 32 20 3 12 29 9 4 25 21 
17 13 35 13 19 36 4 21 12 3 19 26 
32 7 2 19 28 18 24 14 32 34 12 35 
12 16 24 15 18 10 16 25 20 19 36 7 
17 11 27 7 15 29 4 5 2 10 18 16 
17 8 10 17 23 24 1 26 19 17 28 25 
10 28 22 25 18 28 19 21 14 12 3 24 
25 14 15 6 35 18 15 16 24 18 21 23 
7 19 31 16 30 22 16 13 28 30 3 3 
32 10 35 18 26 10 36 1 29 5 2 36 
19 26 29 26 28 25 20 32 20 19 8 32 
35 28 22 7 4 19 24 13 20 21 20 34 
15 6 3 9 17 2 1 19 8 26 24 25 
34 1 26 24 27 9 16 9 31 19 4 13 
5 21 27 35 13 25 36 13 3 8 27 35 
32 19 29 14 34 21 34 14 7 16 13 9 
34 5 2 25 36 29 9 21 14 6 12 8 
7 12 35 22 26 25 15 12 30 24 11 10 
24 9 17 11 31 19 34 24 18 8 8 14 
32 30 10 9 2 16 12 17 35 31 6 28 
13 10 16 11 27 34 20 28 29 18 16 30 
18 11 16 14 33 15 23 35 25 6 35 25 
15 23 36 6 32 23 33 26 7 22 19 11 
26 18 26 36 29 17 23 10 3 2 32 36 
14 19 31 17 7 6 24 23 5 24 5 6 
17 15 32 26 4 35 18 11 21 15 20 20 
25 23 17 16 26 35 25 8 2 31 5 2 
8 20 36 21 21 31 26 7 15 35 27 34 
32 21 23 18 7 26 27 21 34 17 23 36 
36 22 21 2 7 31 34 27 2 28 4 12 
19 20 29 33 24 33 25 24 36 27 2 25 
5 11 35 27 24 31 1 16 16 11 11 7 
14 27 15 13 6 1 3 4 3 26 13 12 
10 26 19 6 13 9 19 35 35 5 20 10 
27 33 5 5 5 2 11 3 15 4 23 13 
4 7 9 18 27 5 36 33 14 1 4 24 
11 9 2 34 31 20 21 6 24 5 31 11 
5 33 33 9 22 35 10 24 13 5 33 10 
4 9 8 27 28 33 5 30 24 34 33 22 
29 11 25 13 31 25 31 33 11 3 18 14 
28 20 20 21 20 34 27 35 7 6 20 33 
35 10 18 11 35 21 18 11 36 15 14 12 
8 15 33 8 5 7 16 24 8 6 27 30 
34 7 19 12 26 11 31 18 33 35 9 26 
32 16 30 20 22 36 18 17 30 36 7 6 
6 3 3 17 26 28 25 12 19 27 36 11 
25 17 21 35 27 29 13 4 10 2 15 36 
19 26 30 17 1 24 30 31 6 23 36 24 
35 5 9 33 25 7 20 5 20 30 7 35 
19 23 2 9 7 29 19 36 8 26 27 33 
19 30 14 11 33 15 10 26 2 31 16 35 
5 35 15 30 2 13 9 6 21 18 26 11 
14 2 2 33 16 8 24 10 14 32 32 22 
8 23 23 33 15 11 29 10 8 26 1 9 
19 29 18 31 33 34 35 33 23 14 15 22 
5 34 4 31 27 4 19 23 24 15 12 25 
7 22 16 32 29 11 36 36 30 7 35 10 
