1000
33 6 19 11 25 10 30 27 2 9 36 21 
36 9 14 31 29 13 23 16 22 7 20 25 
25 16 7 19 21 35 13 10 17 24 28 31 
30 5 32 33 18 6 3 14 1 11 31 16 
27 16 4 1 3 33 31 9 13 14 15 5 
25 35 24 26 7 5 29 3 2 6 10 34 
9 10 8 14 22 25 18 24 26 29 3 31 
5 20 2 30 13 27 32 15 4 28 31 6 
25 11 23 12 13 6 24 35 33 3 8 22 
9 28 11 4 15 13 21 8 31 34 27 6 
27 31 35 16 12 32 14 26 15 7 22 5 
13 6 31 20 22 34 8 32 9 25 1 2 
29 26 24 11 7 3 23 27 18 5 14 25 
33 35 27 14 26 34 21 18 9 5 4 32 
32 29 35 3 18 8 34 15 36 17 25 23 
28 20 21 24 10 33 15 25 2 3 36 12 
6 8 17 26 3 15 10 4 27 32 33 20 
10 7 11 35 8 28 27 22 18 30 20 2 
5 1 14 12 27 25 35 23 17 22 30 36 
14 1 26 22 30 3 34 15 16 8 13 36 
34 6 27 35 8 17 18 19 29 2 20 12 
31 20 10 25 19 2 16 6 22 24 32 13 
17 25 16 36 1 5 14 3 7 4 11 34 
26 22 34 15 3 6 24 32 18 21 17 30 
35 23 13 8 18 28 33 27 10 3 15 2 
36 4 18 9 14 1 19 17 21 27 30 16 
15 31 18 10 16 33 7 35 3 32 12 1 
30 16 29 7 19 6 2 23 21 14 4 27 
14 1 16 26 8 24 34 10 22 35 11 36 
33 10 8 20 22 9 31 16 28 26 5 24 
19 15 24 11 7 5 33 27 12 22 29 34 
32 13 31 4 9 2 23 17 7 6 8 29 
34 31 24 2 3 9 36 35 28 33 11 29 
31 26 7 17 29 35 9 36 8 24 19 11 
22 32 4 3 18 24 31 17 26 36 9 35 
29 4 6 34 28 21 3 15 9 35 5 22 
4 5 35 13 36 26 2 6 22 23 16 32 
20 22 28 15 7 10 21 30 14 4 1 5 
27 1 32 7 25 13 23 36 6 5 29 31 
5 6 29 9 13 34 10 14 8 2 35 3 
14 25 31 17 28 10 5 19 24 23 11 12 
5 17 6 24 16 27 15 1 13 9 30 25 
28 34 1 16 20 3 7 33 19 11 25 27 
15 27 14 11 24 31 16 12 34 2 20 5 
12 19 9 13 5 21 27 23 36 32 24 35 
23 4 19 17 27 22 21 20 16 8 1 14 
24 9 29 19 30 16 18 11 35 31 12 26 
17 8 24 32 27 14 11 9 20 13 36 10 
36 18 33 3 9 22 31 28 10 24 2 15 
23 20 18 29 35 25 30 21 3 12 4 6 
20 4 26 10 16 18 19 13 12 2 28 35 
18 7 12 19 20 27 36 31 4 5 9 28 
17 8 15 19 1 34 20 10 25 27 4 12 
13 4 30 24 26 29 5 7 21 22 10 9 
12 13 6 35 20 25 26 5 9 15 8 16 
16 5 19 22 27 21 15 26 31 13 12 8 
31 28 36 5 4 12 32 14 27 10 26 34 
22 19 8 17 13 2 10 3 18 32 34 31 
12 19 35 4 11 22 25 36 2 18 3 10 
18 32 1 27 30 3 7 22 5 10 11 24 
4 15 29 2 35 31 18 10 27 9 17 30 
28 24 19 8 13 15 6 29 22 34 25 35 
34 2 31 21 4 36 16 30 3 20 18 10 
11 31 23 27 35 26 21 2 9 12 28 17 
35 30 5 23 36 27 2 4 21 11 24 26 
12 4 16 20 6 1 22 9 32 15 13 3 
25 13 4 33 26 11 34 32 30 31 17 19 
16 5 17 7 25 34 19 21 12 32 8 14 
22 10 23 26 19 5 36 35 30 20 11 24 
9 28 5 17 7 30 21 34 10 4 16 22 
12 6 28 14 22 21 30 27 23 19 24 15 
6 24 30 9 20 22 8 3 26 33 27 13 
34 19 24 25 23 13 29 2 8 9 28 3 
14 27 1 12 11 26 22 8 28 3 9 16 
7 2 20 21 8 19 11 15 6 12 25 17 
1 21 11 29 14 25 32 12 5 18 36 4 
16 34 7 21 36 23 4 5 25 12 35 13 
32 33 19 15 16 13 30 4 11 14 25 23 
21 25 28 34 29 35 26 17 32 24 22 8 
23 15 30 32 13 27 5 9 28 7 17 19 
34 28 25 11 30 20 18 21 12 35 31 3 
35 23 9 14 7 2 16 27 3 28 1 29 
29 4 26 31 15 16 1 11 13 17 2 34 
5 10 21 6 30 1 3 35 11 19 13 34 
17 30 1 12 10 25 29 4 14 36 11 6 
9 14 15 17 34 24 18 5 19 31 29 25 
2 19 23 36 29 11 14 15 32 6 35 22 
14 16 25 5 26 30 32 6 21 28 23 36 
14 21 9 22 7 15 30 10 24 3 26 25 
9 36 2 8 18 28 23 13 32 5 11 19 
23 22 32 25 11 33 27 14 17 30 31 29 
35 13 6 19 3 25 5 22 7 15 21 28 
34 12 23 3 22 26 19 27 25 6 36 4 
28 14 34 7 29 21 16 25 35 36 19 15 
12 5 24 11 31 27 21 2 13 18 35 20 
2 21 3 33 20 7 19 23 5 26 25 24 
29 15 25 8 17 18 32 1 16 10 14 13 
33 32 10 23 9 14 31 17 28 6 20 21 
15 3 5 30 27 26 16 11 29 33 22 6 
4 27 26 17 10 31 23 14 6 5 11 7 
19 14 11 25 5 29 24 16 28 31 1 7 
25 24 28 1 19 6 33 34 9 18 20 3 
22 33 16 29 30 31 27 18 17 28 35 34 
32 4 24 21 31 23 28 8 10 29 11 18 
33 8 26 9 24 1 25 34 35 22 14 31 
19 14 2 28 26 24 27 15 29 20 7 3 
30 27 12 11 14 29 28 4 26 8 15 17 
9 23 25 12 34 19 13 31 21 33 20 28 
35 6 29 16 23 36 7 25 1 12 4 10 
25 22 20 33 17 31 21 32 34 6 19 12 
19 25 12 6 7 2 31 34 15 23 5 33 
24 19 5 32 9 11 23 8 4 25 35 34 
10 14 11 35 3 1 25 19 28 13 26 33 
32 29 36 17 10 24 28 5 6 9 13 22 
33 12 34 15 18 19 20 22 28 5 31 17 
14 13 28 5 33 9 26 7 32 19 34 21 
21 16 5 32 1 28 33 24 10 22 19 11 
24 14 31 2 3 26 27 33 18 19 11 10 
35 33 13 3 17 14 29 31 15 30 27 5 
33 8 30 35 25 20 11 32 23 10 2 17 
12 11 14 20 28 31 13 7 9 23 36 29 
35 2 11 28 18 17 6 19 22 33 8 20 
26 23 30 24 16 27 10 25 17 3 33 7 
1 5 32 2 13 12 16 17 11 23 26 4 
32 25 16 1 36 34 31 35 3 28 13 12 
19 24 28 6 33 8 20 31 36 26 18 16 
9 20 5 21 7 24 1 16 33 19 23 28 
1 36 10 32 22 17 6 25 34 16 4 2 
30 17 31 9 8 15 14 23 24 10 22 19 
21 22 13 27 15 20 18 2 9 24 3 25 
29 9 1 6 34 22 5 35 19 30 17 15 
22 7 36 1 25 30 17 31 29 2 6 33 
13 5 20 21 19 11 34 30 27 25 24 18 
13 26 19 29 30 24 9 36 7 15 6 16 
3 16 30 4 1 34 5 28 33 25 27 36 
26 18 1 10 36 17 31 9 23 8 34 14 
36 11 10 25 27 28 23 21 2 22 31 5 
28 9 8 6 31 21 29 22 4 24 14 18 
21 15 2 3 9 31 7 19 28 26 17 32 
17 29 13 34 6 35 22 11 4 28 15 16 
33 17 21 29 5 32 11 16 6 36 8 9 
23 14 10 1 18 30 33 4 8 13 15 36 
36 30 33 25 35 29 7 27 11 19 3 12 
11 34 6 32 8 26 36 22 10 25 4 1 
28 4 11 19 10 8 9 29 13 15 20 22 
1 28 35 26 15 3 16 5 7 30 36 14 
27 20 23 16 29 26 5 3 34 32 24 7 
28 11 22 31 8 29 21 16 3 6 25 12 
15 19 33 29 17 25 3 28 11 12 30 18 
5 16 7 31 2 29 23 20 28 8 14 1 
12 28 11 17 16 7 26 6 32 30 18 36 
20 36 19 33 35 32 4 31 9 11 27 22 
35 7 26 4 13 19 10 24 15 18 17 14 
31 30 12 16 19 24 28 14 5 23 9 26 
24 26 4 12 20 6 35 25 17 29 1 30 
5 25 3 31 32 27 6 13 15 23 7 16 
17 35 18 1 20 23 9 3 16 26 33 28 
15 36 34 35 26 22 1 31 17 18 11 21 
11 9 6 2 21 26 31 35 30 8 14 22 
6 20 2 34 22 3 33 26 27 19 13 32 
15 10 27 21 24 9 18 3 12 25 13 5 
5 31 1 13 18 3 34 35 27 8 22 29 
16 8 11 19 25 35 27 10 9 2 23 14 
2 23 24 15 17 14 5 20 18 21 30 28 
36 5 15 1 25 6 2 16 24 29 31 20 
25 24 35 15 12 29 5 22 2 30 27 14 
2 31 16 18 5 32 27 24 25 4 10 35 
35 22 24 8 31 2 21 27 34 13 26 29 
31 34 33 36 23 10 11 30 22 32 1 7 
13 30 20 14 24 11 9 35 5 31 15 19 
9 35 23 14 13 10 17 8 29 3 5 2 
25 11 34 26 35 21 13 18 5 14 2 30 
8 9 20 29 1 16 4 19 31 33 15 7 
16 34 17 31 19 8 36 12 27 6 21 18 
17 2 1 20 29 19 34 31 4 21 16 6 
32 6 21 19 9 18 20 14 16 30 12 36 
14 20 30 13 36 22 24 16 8 12 10 19 
27 32 25 5 17 3 16 28 2 19 13 29 
36 4 19 18 15 32 14 6 24 35 34 23 
30 11 36 5 21 8 23 24 3 26 34 31 
15 2 12 25 35 28 32 9 20 23 29 5 
25 3 30 20 1 33 28 36 13 6 26 35 
24 7 19 10 31 8 20 11 1 12 32 25 
17 6 21 24 13 9 1 30 19 11 8 16 
31 17 11 26 35 16 2 15 13 34 14 7 
15 31 2 33 29 21 27 23 36 18 17 32 
33 19 9 31 16 3 32 24 12 27 6 26 
23 17 9 18 21 31 11 2 28 3 32 27 
16 13 5 3 20 36 2 6 31 28 8 12 
1 9 10 25 29 2 4 8 13 11 6 24 
10 18 25 32 33 13 6 30 8 22 5 11 
11 12 34 16 9 18 35 10 7 31 30 17 
2 26 7 28 6 16 33 4 14 27 15 31 
36 31 10 15 22 30 3 23 25 12 35 27 
26 16 19 3 7 33 18 20 1 11 13 23 
6 13 14 1 19 11 20 10 18 22 29 17 
24 14 13 7 20 19 11 22 36 34 3 16 
34 4 20 32 18 6 36 29 19 30 31 8 
18 21 27 23 16 29 25 12 20 6 15 9 
33 28 29 20 13 22 2 1 30 18 27 14 
14 29 36 16 8 34 25 32 19 26 23 7 
28 33 6 34 4 17 1 7 29 19 2 10 
7 24 9 4 32 25 12 1 17 23 6 3 
20 34 5 21 18 11 4 2 7 13 32 14 
24 26 6 12 1 23 36 35 16 33 4 9 
10 12 3 19 20 4 23 7 27 15 22 32 
8 36 10 34 14 30 21 22 26 3 12 16 
18 31 1 29 34 12 17 11 20 19 21 2 
25 14 33 4 27 34 20 5 36 2 26 17 
7 30 23 11 25 9 16 19 32 10 28 27 
33 2 29 16 35 11 28 32 4 9 31 5 
19 3 33 36 9 30 25 27 35 11 29 1 
11 26 15 10 19 24 3 7 25 27 1 6 
4 30 11 13 7 28 27 14 3 1 6 12 
36 17 4 1 10 16 22 27 8 2 31 35 
14 32 11 6 20 28 10 31 7 33 1 18 
18 34 8 3 30 21 29 2 12 11 16 14 
35 9 23 10 2 29 28 8 32 22 11 7 
14 12 10 28 2 32 18 34 6 9 13 15 
10 21 3 7 20 28 13 12 18 33 1 32 
20 33 16 13 7 24 17 21 28 4 14 3 
4 36 12 27 31 26 16 1 32 7 5 33 
5 9 18 30 36 17 28 29 27 3 19 13 
20 18 27 19 28 7 6 4 34 21 17 32 
22 26 35 29 27 12 32 25 18 14 30 4 
36 2 5 27 7 34 4 12 13 28 26 11 
10 23 19 3 33 30 17 35 9 12 4 2 
25 1 18 33 17 12 6 22 4 2 27 14 
23 16 27 25 26 18 22 36 15 8 12 31 
36 10 21 20 3 2 24 34 7 19 25 5 
21 12 34 27 32 18 28 36 13 7 25 15 
30 32 11 24 26 27 12 19 29 16 31 17 
25 3 1 32 19 4 17 9 18 35 27 30 
4 33 27 30 34 24 36 5 14 17 28 21 
33 14 28 4 18 34 27 25 19 23 12 21 
34 5 23 19 21 30 28 27 33 10 31 4 
17 27 8 5 13 14 7 16 30 28 15 9 
9 2 31 24 4 32 23 35 10 22 27 28 
11 5 36 24 7 1 35 21 4 6 20 19 
24 14 19 31 15 18 28 32 5 1 27 2 
34 19 6 12 16 22 7 29 20 33 14 15 
14 25 30 15 9 7 4 3 2 22 8 6 
17 22 27 5 35 13 3 2 16 31 33 32 
15 8 12 6 31 25 29 17 14 7 13 36 
21 28 15 14 4 23 12 30 11 19 22 34 
32 16 22 21 29 12 15 36 25 28 7 24 
6 9 21 30 34 36 19 25 18 27 26 13 
1 15 24 17 25 21 16 6 22 36 13 5 
25 29 4 33 21 32 10 27 6 5 7 11 
5 10 15 32 3 23 17 12 26 21 33 25 
10 16 2 14 17 33 7 31 28 1 3 34 
17 19 10 8 13 4 18 1 35 28 15 14 
35 32 20 24 3 33 26 31 23 10 11 16 
13 21 30 10 20 9 17 18 25 11 35 7 
36 16 24 5 21 17 13 12 34 29 3 10 
11 10 29 36 5 18 12 17 6 30 4 23 
21 20 36 24 33 26 30 31 12 14 25 16 
15 23 12 33 18 19 4 34 35 25 24 21 
22 32 21 23 29 16 6 3 25 27 26 28 
15 5 31 7 22 10 20 11 4 14 35 2 
35 14 25 33 17 34 10 28 18 32 31 15 
6 13 35 30 28 20 12 23 26 8 16 24 
23 27 13 22 6 28 31 12 24 2 3 19 
26 27 13 15 28 4 30 31 12 6 25 22 
27 17 32 9 8 22 3 7 6 16 36 34 
10 7 2 4 19 18 27 20 9 33 21 11 
22 4 9 11 15 21 2 25 8 28 1 6 
30 1 3 15 17 27 28 4 26 9 25 10 
33 35 17 24 2 36 18 9 21 34 8 14 
28 23 1 19 13 3 15 32 10 18 7 11 
8 11 29 27 36 32 4 31 17 21 9 18 
17 16 20 35 6 15 21 1 2 3 34 19 
15 24 32 21 27 35 8 22 1 30 12 25 
18 19 4 30 22 12 3 8 5 6 29 34 
24 15 20 26 7 21 13 9 1 4 35 33 
27 9 24 4 35 19 2 11 12 13 8 6 
29 3 24 5 31 18 8 9 32 10 7 17 
11 20 13 26 2 19 12 14 15 5 10 33 
17 29 23 24 35 1 27 26 30 11 13 19 
23 6 28 25 4 35 17 21 19 34 11 36 
20 26 29 34 32 23 18 6 10 33 19 30 
24 2 11 16 13 7 35 19 12 27 17 3 
22 1 5 20 17 8 19 13 6 12 24 36 
34 23 8 7 12 18 9 20 11 2 26 1 
36 14 33 11 7 5 30 18 26 8 21 24 
9 10 25 5 22 30 12 16 18 34 14 6 
29 15 27 24 25 36 21 9 22 32 23 11 
3 25 32 23 27 14 2 24 9 19 8 28 
26 33 29 36 28 30 25 5 13 18 7 9 
14 12 2 28 31 25 8 4 18 22 32 20 
19 22 12 13 2 20 28 11 23 17 21 3 
35 16 30 34 29 21 15 27 11 24 25 6 
24 17 23 33 12 10 30 7 32 35 14 16 
27 26 6 24 21 5 29 31 15 34 4 14 
36 9 28 30 2 20 19 32 8 23 17 1 
23 29 27 19 35 32 13 20 10 11 5 12 
6 16 11 5 18 32 14 13 27 8 25 29 
14 23 6 18 36 13 22 10 24 33 12 31 
25 30 3 26 13 35 5 31 17 11 10 2 
4 7 26 22 17 8 9 19 12 25 1 11 
23 15 7 19 25 14 35 27 29 36 21 33 
31 4 13 32 20 18 1 22 23 9 19 6 
10 25 9 23 16 20 17 3 35 2 8 12 
22 14 28 7 25 16 19 24 8 17 3 35 
3 20 36 13 19 9 12 30 35 26 14 6 
32 34 29 14 15 36 5 13 16 12 25 20 
7 35 32 26 13 21 6 29 1 25 11 17 
18 22 15 1 33 17 8 2 31 6 28 26 
20 16 8 22 11 28 25 1 29 5 17 32 
19 36 12 18 25 16 1 17 31 14 4 15 
28 23 25 1 36 4 8 29 2 11 21 3 
13 16 6 11 17 34 5 30 7 29 9 28 
4 12 18 33 22 6 17 11 28 20 7 35 
29 22 8 7 6 15 26 31 36 17 14 10 
23 24 21 28 14 25 36 9 17 27 35 6 
3 15 9 24 18 35 4 28 25 34 13 14 
18 25 32 29 4 13 35 26 19 6 11 21 
34 3 17 13 9 31 33 23 21 32 10 22 
29 34 19 27 36 15 7 25 28 8 33 17 
25 19 7 36 24 14 4 8 18 1 26 10 
14 3 13 10 12 35 16 15 31 6 27 11 
35 12 11 18 8 26 21 9 36 1 5 6 
6 20 34 27 22 4 5 1 13 29 15 10 
11 34 7 26 20 1 14 28 15 25 21 8 
3 23 24 36 4 17 19 34 11 9 29 12 
8 13 23 31 20 21 3 1 29 35 11 28 
7 33 5 36 2 28 32 29 11 3 23 35 
20 34 32 4 29 19 1 16 17 5 22 25 
27 12 2 28 34 20 15 33 13 29 17 30 
17 10 25 30 31 11 2 14 4 9 27 13 
21 30 10 31 29 25 35 23 17 14 9 28 
23 29 11 3 27 13 9 28 5 7 16 18 
22 36 34 29 33 21 25 30 4 17 15 6 
2 22 12 5 16 34 30 17 1 13 31 4 
12 5 28 34 7 4 8 24 9 20 36 30 
10 28 11 14 16 32 8 7 27 4 25 35 
9 33 1 7 31 29 12 11 18 10 17 22 
12 6 9 1 18 3 34 21 30 16 35 4 
17 5 35 8 34 20 10 13 36 28 24 14 
5 4 30 25 28 21 3 6 24 13 10 27 
4 18 26 33 36 27 6 5 12 9 3 16 
20 29 19 16 1 25 32 3 5 26 27 12 
3 28 4 8 14 11 36 23 2 31 33 19 
24 11 28 35 36 23 26 5 19 7 13 10 
21 18 20 30 7 31 9 29 5 33 36 6 
6 13 33 12 27 30 31 4 32 24 2 25 
36 33 31 4 10 7 17 16 12 29 18 34 
21 12 10 36 28 5 16 1 35 27 24 9 
15 31 20 14 13 16 36 32 2 7 17 23 
24 16 32 8 21 7 5 30 36 14 28 29 
32 9 14 33 8 10 21 24 5 35 20 7 
27 13 18 21 35 17 6 16 10 33 25 15 
35 18 8 1 5 24 15 20 27 2 30 17 
19 4 1 34 18 2 16 15 14 10 5 36 
34 19 6 14 33 25 18 5 32 17 16 30 
23 32 28 33 14 20 7 35 25 11 17 3 
6 17 22 36 9 35 8 10 2 23 11 28 
17 13 35 11 10 21 26 1 12 31 6 15 
25 35 23 26 7 5 27 12 3 24 2 1 
29 27 26 3 16 33 19 17 7 5 34 8 
31 22 21 16 4 8 13 3 30 14 35 6 
12 5 24 4 33 32 25 9 21 13 23 22 
4 25 22 6 8 36 21 26 15 30 29 27 
29 10 2 24 30 16 35 14 17 25 21 20 
7 16 13 21 12 6 4 15 9 14 26 8 
14 19 25 28 9 3 11 1 8 33 12 35 
16 13 3 35 24 14 25 30 4 31 34 8 
33 17 25 9 6 29 20 31 3 23 5 18 
19 16 7 20 1 13 27 18 35 3 24 36 
9 19 2 3 8 24 29 28 10 20 18 7 
36 10 28 22 18 16 31 7 29 11 19 17 
8 7 15 11 27 18 13 23 2 36 31 16 
18 31 13 17 34 28 32 21 19 7 16 25 
13 16 29 1 22 3 11 15 36 35 32 8 
23 19 30 22 15 11 26 24 27 28 4 32 
32 24 4 17 19 18 6 16 7 12 13 3 
4 10 31 2 8 19 30 3 21 23 9 36 
30 31 20 4 13 29 23 14 2 3 15 22 
14 20 12 15 23 33 10 7 32 8 26 17 
29 33 36 35 25 23 27 20 11 21 13 3 
32 7 29 14 9 22 2 28 12 33 36 13 
27 5 11 15 7 17 10 16 34 30 26 18 
1 23 33 28 9 32 31 3 4 8 19 14 
19 4 6 7 3 26 34 12 11 29 32 13 
35 18 13 20 26 11 8 28 12 21 9 4 
8 25 32 5 16 7 20 26 35 17 1 12 
34 1 22 26 32 20 4 29 24 27 5 21 
13 8 1 21 35 24 12 9 34 30 7 26 
8 5 27 18 15 17 29 28 19 32 30 21 
36 2 10 17 28 35 25 32 3 33 27 16 
24 14 20 36 23 2 10 22 26 28 29 12 
11 27 3 32 17 29 2 7 23 19 14 4 
17 12 14 33 27 1 11 7 16 9 15 23 
8 25 11 18 33 15 28 22 32 27 34 24 
12 32 23 15 5 4 30 19 24 18 29 7 
30 34 33 36 28 21 25 10 35 19 18 20 
1 2 34 16 20 3 10 9 25 22 4 12 
31 9 17 25 21 20 27 5 12 36 7 28 
19 33 15 28 16 13 5 20 18 29 10 36 
3 11 4 30 31 18 36 17 21 14 23 1 
22 13 2 21 35 33 26 15 5 6 30 27 
11 13 10 19 4 34 14 21 12 1 26 25 
35 30 14 5 11 23 33 29 18 21 7 9 
6 22 20 12 9 7 25 27 16 11 15 36 
21 4 6 23 25 9 30 15 10 34 8 35 
16 28 30 34 29 12 4 14 17 36 32 3 
1 16 28 25 6 14 31 8 3 24 18 11 
13 28 29 7 26 20 31 2 1 25 8 32 
5 8 22 20 18 19 1 12 10 7 26 2 
13 36 20 2 11 18 3 24 8 22 15 26 
32 10 2 17 19 12 33 6 30 15 4 7 
24 1 29 13 21 5 36 7 22 18 23 16 
19 27 3 7 31 29 22 34 26 11 8 23 
29 18 9 34 8 22 20 4 15 31 6 25 
32 35 15 7 2 30 6 3 31 33 24 34 
2 30 36 19 4 34 32 27 7 22 12 11 
30 11 26 9 29 8 10 6 14 36 28 4 
17 9 27 11 15 12 1 33 35 13 10 2 
25 18 1 15 27 29 2 21 12 20 9 26 
22 26 35 16 33 9 3 23 28 12 2 1 
31 9 17 8 13 20 23 34 21 2 7 19 
36 21 4 18 32 5 14 29 27 33 9 26 
1 23 7 34 11 35 18 31 17 21 6 2 
23 36 13 16 28 2 10 5 7 11 19 4 
5 27 15 14 23 16 22 18 25 12 33 30 
19 3 5 2 36 17 7 30 32 15 31 27 
8 26 21 6 25 9 17 10 19 4 3 28 
10 18 32 17 13 19 21 35 22 20 7 34 
27 30 9 10 5 7 12 15 16 6 24 25 
19 27 8 35 18 15 26 34 36 30 12 2 
2 29 36 20 26 17 22 32 19 1 30 16 
32 20 19 6 2 26 25 9 14 18 11 24 
8 28 2 15 14 20 4 13 23 12 32 31 
35 23 26 36 15 9 18 27 33 13 22 11 
33 4 8 12 7 29 15 34 25 3 19 1 
11 9 17 14 10 22 6 32 16 15 24 35 
1 11 31 6 29 20 36 7 26 8 16 4 
13 5 36 24 27 15 3 29 34 21 31 25 
18 24 9 33 25 36 32 3 29 4 15 10 
8 7 16 3 15 6 12 31 18 28 25 26 
13 19 20 32 14 1 25 17 2 18 29 16 
17 25 32 20 2 29 34 26 33 35 18 30 
1 21 17 18 22 24 26 19 36 23 13 12 
3 28 2 36 8 7 32 9 20 22 26 5 
10 31 12 6 35 26 2 13 32 8 7 27 
6 32 30 11 5 28 29 20 2 7 14 16 
27 12 20 14 17 32 36 7 5 33 34 26 
33 21 15 19 25 14 10 17 27 28 31 3 
16 1 18 26 2 35 28 21 25 24 5 36 
24 14 16 2 22 17 18 3 4 23 21 34 
11 19 34 5 36 4 30 27 33 20 8 21 
35 2 7 9 3 18 21 29 14 30 10 22 
6 13 23 14 2 30 11 19 33 17 4 7 
33 32 25 4 7 21 31 1 12 14 20 34 
24 21 36 7 5 11 23 15 19 9 33 29 
8 34 19 21 26 24 22 30 9 23 17 12 
21 30 5 31 19 28 10 1 15 26 9 12 
10 33 30 2 7 29 4 18 28 12 19 13 
28 3 32 8 9 35 29 10 36 17 34 16 
6 27 14 20 28 34 36 12 33 24 26 8 
29 16 21 12 27 3 28 6 22 8 10 36 
24 14 29 16 12 4 35 33 2 36 32 5 
4 31 2 25 27 11 23 17 18 5 33 9 
3 16 1 12 18 21 36 22 6 19 9 28 
35 12 25 3 10 32 22 31 11 8 18 14 
10 5 18 1 23 2 29 8 20 22 6 25 
22 26 21 30 3 35 2 32 36 18 1 17 
27 23 21 10 22 2 7 14 17 4 1 33 
32 36 3 28 9 22 17 6 11 12 30 1 
23 29 32 20 8 1 6 26 31 15 34 4 
36 21 27 6 31 12 1 23 4 22 14 2 
9 18 20 27 31 22 21 33 19 29 36 8 
19 13 7 30 14 24 23 9 10 27 20 12 
27 3 18 32 33 34 5 19 2 13 21 9 
36 17 27 1 6 30 21 8 12 7 9 10 
35 16 25 27 33 12 19 34 11 32 5 30 
18 36 12 25 34 1 22 20 13 15 6 26 
11 27 32 20 19 4 15 10 35 21 17 3 
25 14 30 3 16 22 7 23 20 4 8 5 
4 20 9 35 17 33 36 6 21 26 18 23 
28 25 8 7 10 16 6 13 31 18 36 14 
15 17 27 34 32 30 21 9 10 7 29 18 
21 33 26 16 5 19 17 27 30 13 7 22 
7 30 22 33 14 11 24 23 28 16 34 36 
19 15 2 25 29 1 31 5 20 21 12 17 
3 21 13 31 23 7 6 17 1 12 32 19 
28 31 25 26 30 16 19 7 29 32 21 34 
36 29 28 13 6 3 14 12 19 24 30 27 
4 6 24 20 13 23 29 22 26 1 10 16 
3 26 32 33 6 25 19 12 29 22 8 31 
27 29 33 8 23 32 2 31 7 18 25 14 
28 8 15 13 12 23 34 14 36 9 31 35 
11 12 4 19 5 6 14 7 20 21 16 23 
29 28 31 6 15 2 7 5 14 1 18 32 
23 35 25 5 10 4 30 29 22 12 36 20 
8 14 35 10 26 24 12 11 13 1 28 30 
22 12 24 27 32 13 11 20 9 21 31 7 
1 28 30 25 29 16 14 26 12 8 23 27 
12 32 4 24 2 11 10 34 28 13 22 26 
5 35 25 33 19 36 15 21 27 28 13 29 
16 14 3 21 24 9 28 27 32 17 15 23 
32 9 19 22 25 24 34 5 29 35 21 33 
11 30 33 1 13 36 21 24 15 25 14 3 
19 12 35 3 23 26 1 32 9 34 18 8 
16 13 14 36 27 9 5 3 22 19 7 1 
15 35 18 8 5 17 13 25 36 2 30 9 
30 6 20 13 29 4 35 26 36 7 19 32 
17 25 26 33 32 14 11 23 29 19 27 30 
11 28 7 25 34 3 10 17 14 13 24 20 
3 22 9 8 6 11 18 21 2 26 7 4 
20 8 1 15 21 22 13 30 33 35 31 36 
16 18 19 33 24 29 26 10 8 14 4 31 
32 21 1 16 18 22 10 24 26 31 9 13 
7 27 25 21 26 6 33 29 18 32 35 24 
30 18 14 26 27 35 19 32 21 12 10 16 
22 15 11 12 33 5 7 25 29 1 35 9 
13 34 25 1 35 30 12 6 21 15 26 36 
25 28 19 10 6 7 26 33 23 8 22 17 
11 31 22 13 35 5 17 12 14 34 18 27 
25 11 35 21 2 14 30 1 26 32 27 6 
3 26 34 9 4 28 19 11 24 21 20 33 
6 10 1 11 28 15 27 20 35 4 34 12 
21 19 6 33 29 1 4 8 15 11 28 2 
18 30 36 17 8 33 20 15 13 14 9 22 
21 36 8 19 1 25 16 24 33 11 9 10 
9 4 13 14 23 19 32 16 6 34 1 27 
4 10 2 11 16 29 23 5 1 21 15 32 
34 8 17 32 11 36 14 4 30 2 3 16 
6 25 31 26 12 33 8 20 28 23 24 5 
22 2 26 31 35 27 15 21 12 18 34 29 
24 32 29 2 8 16 4 12 13 6 23 34 
34 7 19 4 17 15 25 2 36 26 18 14 
3 35 15 12 13 25 16 5 10 14 22 21 
13 31 12 14 18 7 6 25 5 3 35 17 
10 17 36 13 5 23 29 18 32 19 16 27 
32 33 30 10 8 16 1 35 6 31 20 9 
33 34 15 7 29 31 19 25 18 13 17 4 
13 2 17 35 5 6 36 34 32 1 16 33 
7 13 16 20 4 35 2 28 26 32 31 8 
26 27 9 32 7 23 22 21 28 15 1 29 
2 36 24 11 33 27 32 10 13 9 12 28 
12 6 30 18 4 13 29 11 28 1 3 19 
29 17 16 21 30 14 26 1 6 20 15 22 
19 9 27 10 28 21 12 31 1 8 22 17 
22 36 13 11 12 9 15 29 5 32 10 6 
24 12 17 13 34 28 27 4 30 21 32 35 
3 24 29 13 15 2 14 34 10 17 23 32 
22 25 15 16 36 17 18 13 14 12 4 3 
27 28 4 2 21 20 16 33 5 6 30 8 
3 10 20 33 11 1 34 31 22 14 16 17 
28 24 34 9 20 36 2 1 15 29 23 10 
20 26 4 3 10 25 11 2 35 7 17 24 
4 12 24 1 22 8 16 5 10 31 6 11 
28 31 35 36 20 22 13 14 17 3 9 5 
8 9 25 20 19 11 2 28 33 5 34 24 
36 24 4 31 8 5 17 13 21 32 11 12 
6 33 19 15 14 21 20 9 27 11 29 1 
23 15 16 27 30 33 12 35 4 28 14 34 
16 4 2 20 6 35 29 9 13 23 32 28 
5 21 12 1 4 17 36 20 34 22 27 29 
33 8 24 34 29 7 23 16 18 9 31 17 
1 16 13 6 25 14 7 33 11 19 30 35 
18 33 26 28 14 20 19 16 7 34 24 27 
11 30 33 34 23 16 3 17 4 18 20 21 
28 26 2 6 25 7 17 24 23 10 3 19 
18 4 19 26 5 21 33 23 22 11 24 12 
2 36 8 23 32 16 29 24 27 34 5 13 
36 2 30 14 18 11 16 3 9 23 25 22 
9 14 33 25 11 29 24 7 6 36 3 30 
13 9 23 6 31 32 15 10 12 29 7 19 
8 26 27 12 33 10 21 1 20 16 18 32 
20 3 26 23 10 28 4 2 8 9 17 22 
7 10 30 11 34 32 8 22 33 31 5 35 
3 23 12 35 19 1 25 6 10 34 7 18 
14 22 9 4 36 13 30 5 3 11 6 1 
33 18 10 15 2 6 1 26 35 19 21 32 
10 19 6 36 7 23 27 32 26 34 24 9 
13 5 8 27 24 30 36 9 19 23 33 16 
31 13 24 3 4 29 32 22 5 16 26 30 
21 15 1 5 36 4 34 8 13 7 12 14 
2 4 29 35 1 27 13 3 24 12 28 23 
33 22 11 28 30 2 23 17 15 14 10 6 
12 11 36 22 23 16 25 1 7 33 17 4 
20 18 17 30 31 6 7 11 25 28 19 3 
9 26 25 29 1 2 33 32 7 5 18 21 
34 3 36 14 17 30 8 33 15 19 4 11 
1 10 15 13 29 34 30 25 18 28 26 14 
23 4 27 5 20 35 11 24 21 2 30 6 
28 12 34 7 8 14 24 13 2 4 15 20 
19 32 28 16 36 33 12 17 13 15 5 27 
6 8 18 32 34 1 19 36 9 30 7 17 
34 35 20 22 26 25 17 16 1 9 29 24 
6 3 10 18 8 35 14 26 21 4 32 33 
26 29 32 27 12 33 15 5 17 8 34 11 
12 26 13 11 16 4 20 34 32 33 15 7 
5 11 30 15 17 2 6 7 10 28 33 27 
22 12 5 36 9 32 21 13 16 11 30 3 
7 9 8 31 35 30 32 10 4 14 2 23 
29 23 10 4 15 20 33 1 22 8 11 16 
31 5 8 35 26 18 28 16 4 23 29 9 
34 27 29 3 17 14 31 11 8 25 19 13 
6 29 22 3 7 8 34 12 13 23 36 14 
4 14 25 28 33 31 24 32 3 12 29 7 
22 30 36 24 23 26 5 6 14 29 20 15 
28 33 6 20 24 10 19 2 12 32 5 13 
27 8 24 33 17 19 26 7 20 15 3 16 
32 15 26 28 31 10 18 7 17 13 14 9 
9 2 7 32 28 31 13 33 3 15 36 17 
35 32 21 30 18 20 2 4 16 26 34 19 
1 17 29 15 7 9 21 8 6 22 12 4 
11 5 22 17 3 9 6 27 13 4 19 24 
1 31 17 22 26 36 7 33 28 27 30 16 
29 25 26 15 30 13 11 36 2 32 31 5 
22 9 10 13 7 17 12 31 3 23 34 6 
2 24 11 27 21 35 19 20 7 31 22 32 
24 11 33 3 23 25 36 27 6 8 30 16 
28 2 22 1 19 31 12 4 18 36 26 25 
5 36 18 10 15 16 32 22 28 13 7 21 
11 13 34 22 24 17 4 23 5 33 3 30 
12 9 10 19 16 29 28 3 25 13 36 24 
3 30 22 10 25 19 9 17 35 20 29 12 
16 12 19 11 20 5 17 2 25 28 33 23 
2 34 12 10 23 4 13 11 29 33 7 31 
21 22 27 36 19 3 15 26 10 24 31 29 
18 10 4 13 6 9 11 7 33 16 19 34 
24 11 5 4 26 19 7 17 18 34 3 14 
32 31 26 23 2 27 25 28 4 35 5 9 
12 13 32 27 33 7 10 5 3 15 6 28 
33 2 10 12 11 31 29 24 32 1 18 3 
5 17 15 11 1 8 10 19 23 28 30 22 
19 27 13 28 36 3 21 22 18 5 31 35 
10 3 5 23 22 24 19 27 17 28 12 8 
14 8 36 26 7 10 28 22 16 27 20 34 
28 14 10 18 13 35 30 32 5 4 15 31 
21 29 17 4 23 36 24 18 14 3 8 7 
4 9 34 19 15 2 12 16 22 23 21 14 
23 18 20 30 9 3 4 35 25 32 2 12 
5 16 10 21 30 7 34 1 9 15 12 14 
18 13 19 12 26 8 29 6 34 27 7 16 
1 33 15 10 35 25 23 5 7 26 16 34 
32 22 8 15 27 3 21 1 9 23 2 17 
20 35 7 4 31 17 19 6 21 9 30 23 
22 17 19 34 28 14 2 7 3 13 26 29 
24 30 10 28 31 21 19 6 32 15 7 26 
14 36 9 2 22 11 17 23 34 25 19 24 
16 24 15 7 5 10 21 30 20 9 34 12 
27 22 32 35 11 16 4 26 3 14 24 13 
26 17 6 33 14 23 22 13 12 34 27 18 
11 36 17 16 5 2 10 32 21 6 23 7 
17 15 28 27 13 21 16 9 22 4 2 32 
34 7 27 26 21 23 15 4 16 31 17 3 
15 16 19 2 4 22 24 36 34 14 33 23 
25 33 11 35 14 24 30 29 23 3 31 16 
2 27 12 21 32 14 5 16 33 28 25 4 
17 15 35 2 22 9 13 30 33 19 27 3 
32 3 1 6 35 33 24 2 14 30 20 8 
26 12 3 10 8 15 25 14 18 6 16 32 
8 32 31 11 1 36 20 34 26 21 7 2 
20 12 22 28 32 26 17 30 23 36 27 15 
29 28 34 19 6 31 23 36 1 2 11 14 
10 25 17 12 7 33 15 8 14 13 21 32 
8 34 23 33 20 29 4 11 6 7 31 19 
1 8 2 10 22 35 33 32 28 9 12 29 
29 35 4 23 13 1 9 14 6 7 8 18 
22 27 26 1 7 18 3 25 30 9 28 5 
31 30 32 16 28 8 34 11 3 26 10 21 
34 26 6 2 16 15 12 32 33 19 18 29 
30 6 2 26 33 3 16 24 36 31 22 11 
4 8 23 21 24 27 13 15 11 1 32 19 
11 9 16 31 4 20 2 30 12 27 36 32 
1 30 36 15 18 14 17 6 2 34 5 24 
22 36 17 24 23 34 12 35 28 33 15 14 
6 28 18 2 32 5 26 19 16 3 7 33 
30 19 28 20 14 31 9 34 24 29 25 7 
5 7 18 12 24 34 10 31 27 23 29 21 
24 30 26 33 28 21 35 16 31 22 10 14 
33 29 21 28 27 15 36 7 2 35 3 32 
30 15 14 4 5 25 33 35 17 9 2 20 
22 6 5 34 35 8 25 20 4 18 14 30 
33 30 34 13 35 5 9 14 22 19 11 1 
36 23 12 19 1 30 31 20 32 3 14 7 
19 21 9 30 2 15 11 10 31 4 22 20 
26 13 2 28 34 10 30 23 9 36 19 29 
24 19 11 12 17 35 32 6 21 14 27 23 
25 32 28 33 27 3 18 4 23 22 14 5 
15 4 16 1 3 17 7 19 35 22 9 10 
33 2 35 9 18 12 14 8 29 7 32 16 
8 27 24 29 36 26 4 21 1 20 18 35 
36 13 11 33 5 27 6 20 21 26 34 3 
9 28 30 12 20 23 3 29 4 27 21 1 
7 21 35 2 14 19 5 3 25 29 18 34 
33 11 30 4 12 28 13 14 15 2 31 20 
2 17 6 12 30 9 20 34 24 31 10 13 
22 34 27 13 4 11 32 7 2 36 1 19 
5 28 9 8 6 22 18 31 35 4 24 13 
15 13 26 10 33 1 36 34 31 7 23 9 
3 2 8 26 30 33 25 10 24 6 28 18 
5 14 17 18 6 29 30 24 3 16 21 31 
36 25 12 7 24 15 1 4 23 22 34 29 
15 22 9 24 28 6 19 35 12 8 25 33 
16 15 1 19 18 30 23 36 27 31 26 8 
30 7 16 9 32 20 10 1 22 34 27 23 
9 17 4 3 14 10 15 32 18 2 21 12 
20 10 2 7 8 33 36 16 15 26 32 6 
31 36 26 27 29 3 1 6 12 23 10 18 
2 30 19 34 16 21 17 29 7 9 24 10 
18 13 16 35 5 1 9 19 24 25 26 8 
6 8 12 29 21 23 13 15 30 22 34 5 
5 21 10 9 32 30 28 13 8 20 7 3 
27 2 33 18 31 8 7 23 35 4 12 13 
19 27 11 36 17 4 23 21 1 6 18 15 
35 32 9 31 34 11 25 30 29 7 20 36 
11 19 24 20 1 13 10 36 15 7 21 4 
27 32 23 2 9 17 25 6 8 12 20 34 
26 13 30 7 22 2 11 15 5 17 1 31 
31 33 3 1 30 24 29 7 11 22 6 23 
14 24 8 20 27 4 18 22 26 12 11 3 
21 32 35 34 19 2 5 18 12 11 4 25 
9 27 23 16 26 28 30 29 21 18 25 17 
2 26 17 32 28 18 8 6 1 27 10 4 
11 29 15 1 7 27 18 19 25 28 10 22 
18 27 21 31 24 10 9 1 14 3 19 36 
31 30 20 25 14 26 34 28 22 36 5 29 
19 26 4 24 10 35 28 12 8 11 2 17 
21 25 30 5 8 16 31 26 7 18 35 23 
30 18 7 8 35 33 20 22 3 14 5 26 
29 22 20 4 7 6 28 10 12 23 21 13 
21 24 34 5 29 19 18 7 23 11 9 12 
14 36 25 17 22 20 15 13 29 5 32 3 
16 7 30 18 24 27 4 11 36 25 10 28 
9 10 22 15 5 36 11 24 26 29 33 23 
19 10 25 32 12 18 36 17 2 8 23 26 
1 15 12 23 8 5 17 7 32 6 25 4 
31 9 19 27 34 10 21 5 13 15 6 22 
7 13 32 15 17 10 27 4 12 26 33 9 
17 35 2 18 6 13 15 9 4 31 36 10 
2 3 4 28 31 18 25 23 16 12 10 32 
26 16 1 8 22 36 18 10 25 28 12 5 
32 14 10 27 11 2 5 26 31 34 16 19 
29 32 33 13 36 20 1 31 6 8 18 15 
10 2 20 9 32 22 35 24 28 21 30 4 
1 24 23 21 18 34 36 32 27 4 8 25 
4 5 6 33 1 26 29 3 2 10 22 13 
18 24 35 1 22 2 27 33 32 10 34 3 
8 17 2 33 12 7 30 36 25 24 15 31 
24 15 23 6 32 18 13 4 2 9 30 8 
20 6 4 32 34 3 12 30 31 21 7 9 
4 8 6 11 2 32 22 19 20 16 25 26 
11 27 8 34 36 25 29 10 3 12 30 16 
19 4 2 26 34 9 23 18 30 3 31 13 
30 25 19 4 24 8 31 27 15 32 35 1 
9 7 32 22 1 6 20 13 24 35 15 36 
25 36 4 12 22 17 34 3 27 24 5 23 
2 19 28 21 25 20 10 17 35 33 36 29 
16 28 3 27 12 18 7 33 32 30 22 19 
12 2 22 20 17 35 9 36 19 5 33 29 
7 14 21 24 28 4 11 12 18 13 6 22 
4 11 19 14 33 2 12 8 25 24 9 21 
11 24 35 26 22 20 32 4 9 29 18 23 
33 8 31 2 23 20 32 1 36 16 22 5 
24 13 18 14 2 9 8 31 6 26 27 11 
11 35 9 8 21 29 36 32 2 10 15 17 
35 2 36 9 30 25 7 14 23 20 24 1 
28 10 23 24 14 5 12 11 15 19 18 34 
10 28 8 17 30 25 12 6 3 14 23 18 
24 27 3 34 31 21 11 4 17 33 14 30 
20 17 26 24 2 22 29 31 9 7 16 35 
31 9 27 12 22 14 28 34 16 36 29 3 
23 33 36 6 24 8 1 25 18 30 17 2 
28 4 33 1 13 2 31 20 24 5 8 29 
31 27 6 5 18 26 20 8 13 35 23 34 
3 5 23 35 7 17 27 20 31 2 6 28 
4 8 26 32 5 19 14 22 21 27 9 24 
20 30 31 22 3 27 16 21 36 14 35 26 
19 6 29 11 8 36 18 26 9 17 24 10 
9 18 22 30 24 6 21 15 32 3 13 33 
1 24 3 10 27 14 33 13 8 36 6 19 
15 30 29 13 17 26 4 32 20 22 21 28 
30 6 12 34 35 31 8 15 10 3 19 11 
23 35 4 3 20 2 5 1 24 16 14 6 
11 3 9 6 5 8 30 36 34 10 24 21 
31 10 25 20 30 12 24 21 1 2 32 9 
29 36 26 27 1 5 20 30 2 24 11 12 
9 20 26 14 31 35 25 30 1 4 19 36 
11 36 9 28 5 2 6 35 27 16 15 24 
23 34 29 36 18 10 8 6 7 26 2 28 
1 6 20 27 29 9 12 26 23 22 34 13 
33 26 4 11 30 10 19 28 9 3 17 18 
32 7 18 22 24 17 9 30 11 13 34 31 
34 10 13 20 1 19 23 26 28 14 24 32 
16 20 10 31 23 24 7 8 15 25 32 13 
33 7 15 32 12 19 14 30 21 28 29 5 
32 36 33 8 10 18 19 11 35 16 9 15 
26 3 17 29 6 35 28 15 31 13 11 32 
21 16 25 5 14 27 9 22 26 12 28 18 
26 20 17 6 2 9 31 28 14 7 29 22 
24 11 13 25 17 27 28 8 35 23 19 14 
2 7 27 10 11 12 22 20 26 24 34 30 
35 8 31 14 4 34 30 16 3 9 20 17 
4 15 32 20 25 28 14 9 10 2 21 24 
15 35 32 13 3 20 19 27 25 12 34 14 
20 5 35 29 16 6 34 4 19 24 2 36 
19 1 27 3 22 32 29 36 14 15 5 2 
14 10 23 27 19 9 16 31 5 15 21 17 
15 31 32 12 11 20 14 30 6 25 27 35 
26 8 35 21 18 29 19 20 28 2 30 27 
13 9 6 16 32 10 17 27 11 31 8 23 
16 25 13 32 26 23 20 17 31 11 29 14 
24 11 10 26 21 36 12 8 9 7 23 33 
36 19 11 18 34 29 1 6 21 15 7 16 
27 31 20 13 3 7 21 18 8 32 36 1 
26 24 18 31 23 20 36 3 29 27 8 22 
24 35 17 10 30 13 11 2 32 20 18 4 
18 36 6 7 2 25 24 26 16 21 13 17 
34 2 29 17 21 6 20 15 22 23 32 5 
28 5 7 19 22 18 15 11 25 26 9 20 
24 31 25 7 32 3 36 23 5 8 20 13 
7 9 5 19 14 24 20 26 13 15 28 10 
14 27 30 18 3 23 31 4 34 25 16 24 
22 29 34 6 21 36 18 19 17 28 3 9 
26 36 1 29 19 21 13 14 7 18 23 32 
10 33 21 20 1 2 32 14 16 30 25 5 
34 1 27 8 23 15 21 5 11 25 12 29 
27 21 36 29 9 4 10 7 30 31 35 32 
32 25 22 3 26 27 7 35 15 13 34 14 
13 24 18 5 33 6 19 20 1 17 30 8 
31 2 12 7 34 33 3 8 25 11 4 10 
1 27 35 9 24 36 14 33 13 4 32 26 
15 16 26 17 27 13 8 23 29 11 5 18 
23 24 21 10 35 32 15 16 30 29 8 13 
8 28 13 34 10 11 21 24 27 4 36 23 
13 9 17 36 33 25 32 8 18 5 27 35 
21 35 30 3 11 10 36 6 17 32 16 31 
35 11 18 33 3 24 21 29 34 20 25 22 
7 28 9 15 25 26 29 13 8 19 2 32 
34 15 3 17 2 31 12 35 29 6 19 33 
14 7 17 13 31 18 4 8 3 12 33 21 
23 36 16 20 34 25 15 22 17 31 18 3 
36 24 8 3 15 14 20 25 27 5 32 2 
19 10 32 18 13 12 31 20 6 3 30 16 
9 17 19 7 10 3 2 27 1 24 14 26 
24 15 20 3 34 1 21 26 12 4 9 35 
23 19 21 10 8 36 33 5 29 20 6 30 
10 25 18 24 20 9 29 4 31 7 19 6 
35 1 28 18 20 34 31 2 7 36 29 27 
18 10 26 1 27 17 9 4 8 19 34 13 
14 17 9 3 27 16 29 31 1 7 5 28 
22 32 8 9 26 7 14 28 36 34 20 17 
3 33 25 35 2 24 17 10 12 4 8 9 
15 29 32 2 31 13 7 22 10 17 21 25 
9 34 30 8 20 33 10 24 2 23 27 5 
26 19 17 31 4 6 20 25 13 32 10 27 
23 9 22 14 34 21 31 25 29 15 11 27 
18 28 5 3 10 8 27 25 35 30 23 20 
19 18 30 26 33 23 20 10 12 28 3 16 
28 5 11 27 30 19 12 35 31 25 15 3 
7 29 22 16 34 30 31 11 9 3 26 21 
4 13 30 17 1 12 7 18 34 28 2 6 
16 34 6 10 26 14 15 13 8 21 11 17 
34 16 33 35 7 14 22 9 17 11 31 30 
8 12 2 19 24 34 33 4 16 36 20 17 
36 30 27 5 34 20 35 16 2 10 15 4 
15 20 5 6 13 7 16 30 22 3 33 27 
8 34 5 13 36 35 29 20 12 6 27 31 
11 23 34 2 26 4 28 10 36 32 29 27 
17 36 28 11 23 2 31 22 18 26 7 29 
12 3 27 20 18 7 15 23 4 17 19 21 
3 31 7 19 20 12 17 26 28 9 32 22 
23 28 11 31 34 26 27 33 30 1 15 25 
33 35 28 18 32 5 27 31 23 15 3 11 
21 2 36 13 27 31 12 32 8 22 1 24 
15 25 20 17 8 9 21 2 10 23 12 30 
29 23 14 16 36 35 18 12 4 2 33 13 
5 1 10 12 16 19 24 7 31 3 25 35 
6 23 17 27 3 22 15 31 36 5 2 14 
3 22 36 25 34 14 4 12 6 35 30 19 
31 12 3 2 29 15 13 9 5 20 18 26 
24 25 11 15 10 6 33 5 23 7 20 34 
14 16 30 15 9 7 13 1 12 24 10 25 
22 24 4 13 33 27 15 30 10 20 36 29 
10 34 15 31 18 9 22 20 33 35 13 23 
35 29 20 30 23 17 1 33 25 16 8 34 
2 13 16 29 27 22 19 21 20 26 12 18 
16 25 2 24 15 5 35 36 31 33 30 22 
1 2 14 35 36 29 3 10 24 32 6 33 
24 20 3 27 22 23 15 28 18 17 32 2 
10 28 24 31 19 17 27 36 33 14 8 26 
12 16 20 30 1 15 24 36 3 10 14 29 
31 20 34 25 4 22 30 16 14 28 23 11 
14 30 6 24 3 8 12 31 16 9 22 26 
36 8 5 9 7 14 13 19 28 31 21 26 
30 25 9 26 31 7 8 27 23 20 22 17 
11 2 35 29 23 34 24 8 27 15 5 22 
23 21 15 7 6 35 16 8 26 34 33 31 
24 5 6 9 3 29 8 16 28 27 30 2 
36 2 12 10 34 23 13 17 18 19 5 24 
17 15 1 12 19 9 24 5 25 10 29 3 
22 19 17 23 18 36 3 21 9 16 35 12 
10 15 17 4 28 36 1 25 26 27 29 24 
6 29 16 34 5 8 1 31 25 18 23 20 
2 25 1 32 28 33 6 4 27 10 3 14 
1 23 9 15 8 30 17 21 35 31 22 13 
34 28 15 16 31 7 26 30 19 23 29 32 
18 14 13 27 30 20 7 8 3 9 4 17 
34 18 21 8 29 32 10 7 28 23 22 15 
31 27 5 3 34 17 23 29 13 11 6 4 
23 8 22 10 17 20 6 35 1 12 28 14 
17 34 18 1 32 19 11 26 23 16 8 6 
33 10 29 22 24 18 25 15 21 27 11 2 
6 4 20 9 21 1 22 12 31 24 3 32 
8 25 16 20 36 30 24 5 6 13 17 29 
19 16 2 28 31 35 9 3 25 33 10 18 
12 1 28 9 33 10 25 15 36 24 35 22 
16 34 18 29 4 35 32 8 22 6 20 36 
2 31 22 23 27 18 13 28 32 9 1 3 
18 7 35 24 2 28 36 9 29 13 23 17 
10 11 23 22 8 14 4 26 1 5 36 27 
35 1 17 12 9 19 24 34 6 10 21 22 
36 8 33 29 34 1 7 6 20 18 22 30 
27 34 3 36 7 23 28 17 9 24 1 26 
22 15 30 17 33 28 27 23 31 26 2 5 
15 33 22 6 18 35 10 36 12 8 7 30 
2 26 25 31 15 32 12 6 18 7 30 10 
19 34 14 32 23 7 29 4 36 25 28 33 
10 9 23 29 5 36 31 32 27 34 2 1 
2 1 17 18 7 3 6 28 31 15 35 23 
12 23 15 29 25 35 5 21 28 20 36 10 
22 12 6 32 9 1 21 36 4 16 24 29 
5 4 16 33 15 9 25 36 2 30 22 27 
4 9 31 24 28 14 17 35 34 8 12 7 
23 7 3 22 24 31 34 8 29 11 28 17 
7 21 13 5 22 25 27 17 23 2 32 10 
28 11 35 23 21 10 36 15 26 1 34 33 
6 35 36 34 11 4 20 26 7 31 23 24 
25 31 4 36 32 11 6 28 27 23 12 21 
1 36 14 2 18 13 12 23 10 15 31 29 
4 2 31 34 13 1 33 29 30 6 35 22 
16 13 6 3 20 34 1 25 9 5 24 30 
18 24 22 17 19 28 3 14 1 32 4 36 
8 22 25 26 15 34 4 9 18 14 19 2 
30 36 33 11 28 14 32 17 22 26 9 25 
19 18 3 36 2 5 21 35 28 13 10 17 
33 30 8 12 1 17 14 29 18 34 26 35 
32 6 5 2 19 31 18 12 25 23 20 8 
22 18 35 6 28 21 26 5 3 12 4 24 
29 32 6 1 25 23 22 8 4 19 2 21 
14 26 2 18 7 28 11 34 13 15 12 6 
34 4 31 9 6 1 12 24 32 14 13 18 
27 15 1 32 29 13 26 30 12 17 25 7 
7 13 9 14 19 35 4 28 26 6 5 20 
34 23 3 6 14 17 13 29 11 10 33 31 
28 24 11 9 1 25 22 10 13 36 30 3 
31 33 14 22 6 7 30 17 20 26 15 34 
16 14 34 9 2 4 30 19 36 22 5 29 
32 29 23 7 3 28 33 6 2 21 1 31 
34 17 30 33 5 1 8 36 6 15 3 4 
2 1 15 10 36 9 32 24 18 35 34 22 
24 2 35 11 28 10 18 13 32 30 31 1 
6 27 5 20 18 22 21 15 11 12 7 17 
36 9 12 32 7 31 23 22 30 33 6 18 
12 19 9 35 4 17 33 15 28 3 8 5 
32 4 14 9 35 12 6 16 17 26 23 7 
22 35 31 3 25 28 18 9 4 5 10 19 
4 9 34 36 5 32 11 18 19 35 33 17 
35 22 28 5 12 26 25 36 9 17 4 27 
2 1 15 22 26 34 10 24 7 11 16 14 
8 35 17 36 3 30 1 6 19 20 11 12 
24 3 34 25 14 12 36 10 8 21 33 26 
2 36 22 31 21 26 8 4 18 30 20 24 
3 31 12 15 8 7 16 6 32 1 35 22 
25 14 31 16 9 11 22 36 13 30 18 32 
4 36 11 2 21 8 28 16 31 29 34 25 
2 10 5 11 24 18 9 3 28 26 21 27 
23 7 8 9 5 27 15 14 2 33 20 28 
31 27 28 24 4 35 32 15 1 3 30 13 
24 3 18 5 10 16 27 32 11 31 17 33 
30 27 9 2 1 19 35 25 18 26 24 32 
7 13 8 23 28 18 4 24 35 36 25 2 
18 4 5 3 24 6 33 26 34 28 35 12 
15 11 6 19 26 9 20 16 2 7 34 25 
5 3 9 8 16 19 22 6 4 20 11 17 
33 2 3 22 8 35 16 7 6 36 18 28 
7 14 11 31 32 22 13 8 36 21 9 34 
6 19 28 30 16 9 7 11 29 23 18 13 
12 14 32 16 7 11 28 27 2 20 8 25 
28 5 26 27 11 18 35 29 24 22 33 15 
3 35 7 11 29 25 17 19 15 21 13 1 
29 10 35 18 34 36 19 6 26 28 5 8 
10 27 29 1 22 6 16 11 26 33 36 14 
14 20 7 16 31 36 4 26 32 2 13 6 
12 30 33 9 36 14 23 34 31 25 24 3 
31 21 28 33 9 35 30 29 23 22 27 10 
27 5 36 4 12 8 31 17 7 16 28 11 
23 15 13 5 1 17 3 27 22 10 7 16 
22 16 24 2 25 7 6 5 19 11 8 9 
25 6 34 31 33 2 19 18 8 3 10 35 
11 19 2 17 18 25 22 26 21 36 24 20 
31 10 27 7 1 32 20 24 33 4 8 16 
24 5 6 8 28 7 1 19 29 11 21 27 
30 12 1 29 27 3 32 5 13 14 16 26 
34 31 15 28 30 4 4 33 26 22 14 33 
1 22 33 34 32 21 26 1 5 32 34 2 
2 18 13 25 34 18 1 5 27 13 7 19 
15 23 22 1 11 9 21 30 20 20 25 27 
36 9 30 32 30 32 33 33 21 36 36 1 
15 28 27 28 9 29 24 28 25 32 9 24 
28 32 12 35 19 34 35 23 19 12 16 23 
13 29 26 19 28 2 7 17 32 2 8 35 
11 34 33 36 33 16 11 4 2 33 28 28 
18 35 19 31 2 28 5 14 7 18 2 12 
32 1 12 3 34 8 1 30 6 8 20 33 
21 21 30 32 31 18 4 34 24 11 26 34 
4 32 2 28 29 31 32 6 29 6 12 11 
34 11 4 15 33 3 22 36 32 21 28 15 
27 34 29 17 4 20 5 5 6 24 2 21 
23 4 26 32 7 36 20 27 20 26 14 29 
15 2 6 2 1 6 16 6 33 27 16 14 
7 5 15 4 14 7 30 2 26 34 23 30 
35 14 8 22 22 32 8 34 24 20 35 6 
6 14 32 28 26 8 35 33 24 10 8 4 
23 30 30 2 33 14 4 7 14 35 33 32 
15 16 11 1 31 32 31 35 4 13 2 3 
7 7 29 4 9 9 11 34 34 30 12 9 
32 29 19 29 20 33 1 16 33 28 1 21 
2 26 2 31 32 23 13 26 31 5 21 10 
12 19 14 32 36 35 17 24 17 12 16 7 
28 5 23 1 23 4 4 18 9 25 2 31 
25 30 32 2 31 17 28 2 36 11 36 5 
1 11 13 32 13 32 30 1 29 15 3 11 
11 32 5 31 15 27 19 34 30 21 31 9 
12 33 9 13 28 16 17 26 26 29 27 26 
17 14 6 35 36 31 35 22 20 31 13 2 
24 1 14 16 17 31 18 23 11 31 17 9 
19 27 15 1 14 27 29 5 1 10 30 21 
32 7 31 9 32 33 10 18 29 32 28 16 
2 14 20 5 20 3 7 28 7 27 10 26 
17 12 5 4 23 16 25 4 32 1 14 24 
3 19 1 31 16 22 1 8 5 6 27 18 
12 7 28 15 33 2 34 16 14 13 6 33 
21 24 21 23 18 30 32 28 7 22 34 20 
10 30 15 21 21 24 31 5 32 11 22 27 
22 7 33 6 28 19 20 4 32 20 33 17 
30 3 24 12 15 6 12 30 21 30 29 20 
21 12 28 7 18 1 8 24 14 12 22 9 
34 33 25 8 36 33 31 22 23 28 10 21 
2 32 3 18 13 34 25 27 22 34 7 31 
16 25 10 15 33 23 22 36 2 23 21 15 
1 17 11 16 32 19 27 24 11 19 1 16 
29 14 8 14 23 6 25 3 21 8 22 23 
28 33 23 15 29 35 34 11 5 23 25 32 
21 15 30 36 26 30 5 23 24 10 13 4 
28 15 32 26 19 14 29 36 6 14 1 5 
19 3 1 16 9 27 21 35 2 2 30 19 
11 16 2 27 21 11 2 25 23 17 18 15 
7 10 3 15 18 22 31 15 13 20 20 20 
24 1 20 25 16 33 16 21 14 5 13 26 
4 22 16 23 24 20 18 24 19 19 27 27 
14 2 29 8 6 31 35 2 22 18 35 4 
22 1 6 26 26 13 1 16 21 4 18 26 
35 34 34 21 1 14 12 30 10 6 9 28 
30 23 7 36 5 21 20 33 11 7 15 33 
16 28 15 30 23 2 15 26 36 23 16 12 
15 29 30 1 13 30 20 19 22 4 12 18 
26 36 36 10 28 25 28 14 19 3 4 22 
16 34 10 17 14 6 8 31 34 13 26 27 
27 27 27 31 11 18 10 18 15 2 16 11 
10 14 13 12 32 31 12 24 5 27 21 21 
24 25 22 20 31 31 2 19 29 21 1 11 
32 33 27 2 21 33 16 22 21 5 26 25 
23 13 10 4 35 1 5 5 16 26 12 2 
4 1 21 3 17 24 15 32 2 27 23 1 
20 22 8 36 15 15 17 28 22 15 32 27 
27 31 13 27 32 8 25 9 1 1 19 10 
10 9 25 23 5 36 10 26 4 29 4 5 
6 14 10 6 22 29 9 15 29 25 8 11 
22 17 23 22 33 33 29 30 5 20 13 17 
27 8 3 4 19 11 2 24 4 13 18 12 
10 10 27 28 28 1 12 12 2 36 12 22 
15 5 35 3 1 8 23 1 35 23 20 28 
3 29 2 7 11 32 13 6 7 11 26 21 
31 1 1 30 8 6 14 2 33 10 10 14 
17 2 31 12 6 4 33 14 19 16 7 4 
25 11 29 24 25 3 25 18 17 4 15 2 
3 18 12 9 36 34 30 23 16 3 2 14 
35 17 5 25 27 31 34 11 4 29 21 5 
16 15 31 14 31 29 16 36 3 20 33 16 
21 36 7 11 28 8 8 32 12 9 8 27 
27 26 18 10 8 15 15 34 6 12 1 11 
18 11 11 29 13 1 24 16 31 16 25 36 
7 35 29 27 27 4 20 33 1 4 27 34 
31 17 10 24 6 32 11 6 14 25 28 3 
15 7 12 30 1 31 9 18 30 27 2 18 
24 9 21 14 17 18 28 34 18 29 32 16 
5 19 36 16 23 36 8 21 10 21 6 7 
19 33 33 17 12 19 33 8 26 23 9 17 
14 5 33 27 14 5 7 9 15 11 10 20 
34 29 17 6 11 11 20 7 12 17 24 35 
17 25 29 9 33 15 13 30 27 23 18 33 
11 31 34 21 8 8 2 35 20 8 30 12 
6 26 15 28 28 29 1 34 24 19 34 5 
28 17 34 11 9 3 8 29 18 35 15 9 
26 19 18 8 8 26 6 35 3 1 25 28 
3 9 19 5 21 5 10 4 25 27 17 5 
34 5 22 14 11 12 11 14 7 17 12 26 
26 19 36 23 11 21 30 1 15 1 24 32 
29 29 10 6 7 6 16 12 22 18 2 35 
11 9 3 33 29 8 31 20 11 17 12 34 
15 30 30 32 4 25 18 21 3 5 28 4 
3 6 9 10 36 4 12 25 12 10 15 15 
10 28 36 17 5 35 17 16 10 33 24 4 
31 8 29 26 18 1 5 26 31 28 13 1 
15 7 34 8 20 6 7 24 23 15 21 32 
29 29 24 21 6 34 13 36 35 17 34 28 
17 32 24 7 36 7 13 4 34 15 21 9 
30 33 20 13 25 6 31 14 31 14 3 14 
11 32 20 5 31 5 23 1 29 32 8 34 
36 15 25 11 13 27 10 26 3 20 30 26 
4 34 33 27 4 7 15 13 27 7 25 13 
2 20 17 23 24 13 3 9 32 13 10 19 
29 3 28 13 6 8 18 11 8 24 23 20 
23 26 8 22 34 33 21 25 26 15 31 25 
22 22 17 33 29 15 22 7 1 16 28 24 
28 15 25 15 1 26 3 20 24 27 25 9 
7 17 6 13 26 6 34 11 30 13 6 6 
10 11 23 5 8 11 17 9 29 32 24 2 
36 16 35 20 11 19 2 14 18 18 3 21 
27 29 16 31 12 24 2 18 6 23 11 10 
34 21 14 5 29 33 7 17 2 14 23 22 
12 11 9 24 24 26 15 21 12 28 21 30 
32 19 7 16 3 18 31 15 15 36 20 26 
11 30 26 19 5 36 25 8 17 5 10 14 
14 2 34 26 11 6 29 16 16 17 7 24 
35 26 21 20 36 5 13 24 25 33 1 13 
33 6 25 2 7 33 28 3 20 9 23 26 
5 30 12 1 19 20 12 4 25 31 19 12 
20 5 3 34 28 7 4 13 31 30 2 2 
7 20 20 23 8 14 3 2 29 10 11 13 
31 33 28 19 13 1 10 6 18 28 36 20 
6 35 11 36 29 25 19 14 34 6 20 34 
21 32 12 19 14 25 28 18 29 23 29 7 
18 18 36 36 8 8 6 36 2 3 32 6 
13 29 9 7 31 34 23 23 30 18 13 13 
14 8 14 31 28 15 18 14 7 33 32 11 
10 12 26 23 15 14 35 26 15 31 22 23 
33 31 35 13 34 28 34 9 34 6 28 25 
8 23 27 17 18 27 13 18 15 29 22 17 
35 21 11 36 9 24 10 26 14 19 17 19 
19 25 17 18 13 17 6 11 1 20 2 24 
2 9 26 33 10 35 25 33 23 31 12 4 
13 3 31 7 12 34 12 12 12 17 2 28 
29 11 9 19 6 3 8 33 2 33 20 11 
21 22 36 10 7 22 7 5 30 7 30 29 
25 33 5 1 33 31 6 8 26 15 11 27 
19 23 17 13 5 21 11 2 29 13 31 19 
4 12 28 6 34 8 31 32 14 31 26 3 
3 8 16 8 3 25 34 25 29 31 5 3 
30 27 31 20 31 13 8 16 2 5 35 29 
8 32 21 10 35 8 19 18 19 9 8 17 
29 16 8 36 7 20 13 6 8 20 23 36 
2 3 10 22 1 16 29 22 4 25 19 8 
28 19 15 33 8 2 7 26 35 14 28 13 
12 36 20 9 4 18 13 23 22 19 3 23 
14 22 21 16 13 11 9 4 25 34 11 27 
29 17 31 22 12 13 10 14 13 22 33 11 
19 21 9 7 35 31 36 26 6 6 13 25 
6 7 19 3 8 4 23 15 28 15 2 9 
10 4 25 17 15 17 12 20 14 11 7 1 
21 15 10 16 21 28 10 14 31 12 29 32 
33 35 7 4 2 12 8 13 13 36 25 5 
7 13 8 31 1 7 1 21 30 18 3 27 
13 23 8 3 5 9 32 21 23 17 31 16 
22 22 28 4 26 26 21 32 1 5 11 21 
15 15 15 6 18 33 26 27 36 34 36 8 
19 12 3 11 34 15 8 29 26 24 29 20 
34 26 33 33 12 27 25 11 25 31 1 12 
26 33 2 27 16 31 27 1 32 36 24 25 
3 1 7 24 33 17 30 5 34 27 6 1 
21 16 29 21 6 28 3 9 19 9 30 4 
33 18 14 1 23 14 23 20 15 20 8 27 
22 19 31 27 20 22 1 33 30 8 11 28 
16 8 14 8 27 10 36 1 33 32 13 24 
28 14 11 9 30 13 27 34 35 31 28 16 
32 4 8 27 34 18 36 34 2 9 24 21 
19 27 5 9 7 4 22 14 17 8 1 8 
9 13 29 22 19 13 31 28 25 23 2 17 
35 16 34 6 26 14 21 22 21 21 35 1 
10 34 12 36 11 17 14 10 31 3 12 13 
21 15 26 1 10 17 27 34 19 15 12 20 
33 4 36 34 17 6 30 9 27 8 23 8 
36 20 13 4 32 25 23 14 4 21 19 3 
15 16 4 27 25 19 15 17 12 17 7 15 
5 35 2 17 5 10 8 20 6 2 25 9 
9 10 16 22 12 29 16 11 30 10 18 35 
28 1 11 10 11 23 8 16 24 2 32 3 
22 15 26 34 14 1 19 26 12 15 10 30 
14 36 1 2 30 15 27 15 10 27 26 6 
27 29 32 25 24 18 24 2 17 4 20 29 
5 17 2 19 28 8 26 33 2 29 6 7 
1 12 36 35 25 34 31 28 5 32 17 35 
24 31 19 27 13 33 10 3 21 33 24 13 
19 13 8 13 11 2 8 6 20 25 4 28 
23 3 15 9 26 8 30 23 32 34 10 27 
6 10 35 2 14 4 31 10 23 10 27 21 
15 15 34 12 28 13 16 36 30 18 36 17 
35 18 5 32 12 36 24 36 8 7 13 30 
15 9 25 15 4 2 32 2 22 32 23 25 
36 3 11 25 29 15 3 9 31 35 27 19 
20 10 30 2 8 10 27 21 7 12 5 1 
28 23 20 28 28 8 15 16 9 28 6 20 
2 28 32 10 18 1 35 10 2 25 8 4 
6 1 24 23 6 33 31 29 30 23 14 6 
5 27 9 29 11 25 9 3 22 12 18 16 
14 25 2 21 25 18 29 28 36 15 32 26 
20 19 21 33 20 15 13 23 31 24 8 30 
6 26 33 17 17 17 19 22 17 10 18 13 
8 13 10 36 27 23 27 32 33 4 21 6 
10 4 36 9 12 36 21 5 26 3 20 12 
11 14 29 28 6 5 31 4 31 26 29 34 
30 23 29 29 25 15 27 14 1 27 28 9 
35 35 2 8 12 2 6 3 5 25 21 12 
11 34 34 20 10 3 31 2 17 13 29 7 
27 17 26 26 8 20 25 32 20 18 25 2 
8 31 9 23 6 25 7 18 30 1 23 27 
23 30 10 18 4 16 7 23 5 30 13 28 
1 24 14 9 11 2 11 2 30 2 11 30 
32 13 29 5 32 4 36 15 8 26 10 21 
15 4 31 14 10 19 3 22 7 18 6 31 
17 17 26 26 22 23 7 12 20 9 23 25 
3 21 9 11 16 8 15 16 13 15 28 2 
12 3 20 13 12 20 27 27 31 22 1 3 
11 10 24 6 1 1 29 8 1 5 24 3 
20 6 10 21 8 5 30 7 19 28 6 27 
31 5 30 11 18 32 31 1 11 21 4 16 
29 24 5 26 6 33 8 2 20 15 2 1 
7 35 22 10 36 33 29 12 5 6 29 1 
30 19 17 12 35 9 5 19 1 7 32 30 
18 17 20 28 16 13 20 26 14 3 26 16 
15 6 4 1 15 10 32 36 25 1 20 12 
26 31 24 19 12 21 9 26 29 26 21 30 
33 26 35 22 18 32 30 33 31 15 2 4 
8 10 5 10 10 16 27 5 6 34 34 7 
2 7 4 28 19 24 13 27 19 3 15 1 
28 15 28 9 24 20 21 20 12 36 4 18 
10 24 23 35 25 5 24 11 15 4 31 31 
23 13 34 11 36 34 31 19 34 20 32 20 
18 12 32 33 1 4 8 35 32 16 18 8 
20 18 13 25 30 28 18 16 24 2 11 21 
4 25 36 21 26 26 22 11 33 13 6 8 
34 30 9 22 1 6 29 26 34 6 12 24 
6 34 27 18 18 31 13 15 29 8 18 35 
33 32 8 23 31 27 35 16 1 10 5 31 
3 27 5 36 11 11 23 4 7 29 11 30 
24 6 36 11 34 1 27 17 36 20 29 36 
33 19 26 14 32 10 28 29 17 17 25 19 
23 28 3 16 34 1 1 11 21 27 9 27 
25 19 27 10 22 29 14 4 8 22 2 17 
16 15 25 15 11 11 35 13 31 9 32 28 
3 9 22 26 35 32 3 19 15 20 17 5 
10 19 30 28 23 36 36 15 35 21 8 21 
12 10 15 35 36 12 32 18 23 5 30 7 
29 30 8 8 18 3 14 20 21 4 36 16 
5 21 28 18 34 8 29 6 27 24 5 6 
33 7 2 9 14 14 11 35 13 17 14 31 
20 13 16 11 7 20 28 15 3 27 13 25 
22 21 5 3 2 19 12 3 33 28 18 28 
34 34 17 24 24 26 14 25 8 36 11 14 
31 3 5 5 26 23 32 24 34 4 30 12 
26 13 2 29 25 31 22 26 18 8 15 2 
16 25 12 28 31 10 7 36 33 16 11 31 
2 31 14 1 29 17 11 28 36 26 36 3 
11 21 35 26 1 2 5 14 24 12 5 26 
9 15 8 25 33 4 6 12 11 29 35 9 
21 26 36 14 20 7 33 34 7 20 14 5 
32 14 7 10 12 16 31 26 28 3 2 5 
8 34 22 31 2 8 24 5 5 1 9 22 
15 18 17 16 23 14 1 30 14 25 16 3 
5 7 21 7 29 8 32 15 29 35 18 3 
15 27 25 29 25 11 11 17 36 32 12 35 
35 5 36 19 33 33 4 8 34 9 23 7 
26 4 5 13 18 31 34 34 5 19 14 4 
32 8 10 18 34 32 36 2 12 13 3 22 
32 9 28 9 2 13 22 30 31 26 36 15 
16 21 7 26 34 26 36 33 4 30 22 33 
28 11 9 28 32 10 28 26 21 35 20 28 
11 26 24 14 14 15 32 25 24 33 28 25 
15 35 13 32 29 27 31 27 8 22 29 20 
27 32 34 2 16 32 5 10 3 15 11 31 
36 7 16 11 5 16 3 13 7 25 35 23 
18 2 10 4 25 7 9 25 33 1 36 25 
6 6 33 3 14 33 17 26 6 16 10 19 
17 14 28 17 24 29 35 21 24 10 1 7 
33 35 13 14 10 13 7 8 30 8 24 32 
30 13 34 31 17 12 14 34 10 12 11 1 
4 4 24 22 18 18 23 15 35 20 26 36 
26 4 3 15 14 14 2 17 11 33 35 19 
20 23 29 12 25 23 9 22 9 17 9 23 
20 24 8 27 19 5 19 36 14 17 18 22 
27 8 22 13 22 27 20 2 3 10 15 24 
32 2 10 7 9 4 36 6 19 7 33 36 
24 29 32 24 24 25 7 11 13 21 20 9 
19 31 4 2 26 15 15 32 18 34 5 13 
9 17 14 11 32 10 6 25 9 1 26 19 
8 34 33 12 7 17 30 29 2 23 17 35 
17 15 30 11 35 3 31 21 2 21 32 5 
30 8 11 31 12 12 28 23 3 32 20 7 
31 2 26 2 27 26 2 11 13 34 22 24 
1 32 27 16 7 29 13 20 12 18 24 29 
36 28 6 12 4 34 20 36 28 23 8 31 
28 6 19 5 2 23 27 26 14 7 19 10 
36 8 24 14 33 14 34 20 4 9 30 34 
32 2 28 34 2 23 3 25 26 5 28 2 
2 9 15 12 34 7 21 7 11 21 26 12 
20 7 35 17 32 33 13 33 3 13 25 36 
16 10 31 26 3 32 9 32 18 4 23 33 
6 4 5 15 30 27 19 1 24 10 24 25 
22 28 13 25 27 17 2 18 27 8 19 27 
1 20 11 5 31 5 10 34 22 28 18 17 
16 14 36 25 12 25 32 2 32 24 18 34 
19 35 5 19 17 26 20 14 24 18 14 36 
4 17 18 10 29 27 8 3 30 14 9 9 
21 17 14 14 9 16 1 8 12 5 4 1 
23 8 15 17 18 21 27 32 6 32 13 17 
24 28 29 13 28 32 7 17 10 8 19 28 
13 30 23 22 25 2 29 3 24 31 9 13 
35 17 7 5 24 31 10 27 8 2 26 2 
12 3 15 12 16 1 17 11 33 1 10 4 
25 27 16 17 15 18 24 12 19 13 4 19 
33 23 17 27 7 27 19 35 36 12 7 12 
36 14 14 7 22 34 35 13 32 16 19 10 
32 24 30 34 35 12 14 30 28 22 6 11 
7 14 6 19 28 1 23 11 19 5 21 33 
17 2 27 7 30 33 29 25 2 2 4 10 
11 13 31 2 5 32 17 16 32 29 22 12 
16 8 17 22 18 17 32 29 21 8 25 19 
5 16 1 17 25 11 15 15 16 36 17 5 
2 20 10 36 10 7 11 27 6 34 34 13 
35 11 21 3 24 18 24 12 4 17 5 5 
30 14 15 17 3 11 5 25 28 20 9 30 
13 8 25 15 21 30 30 31 11 32 22 8 
22 36 22 23 9 34 16 4 19 6 11 11 
23 23 36 22 7 9 31 18 15 12 18 6 
24 1 32 31 8 36 7 14 14 25 7 1 
13 20 8 2 34 26 19 26 25 9 25 35 
5 1 21 36 30 22 33 27 9 11 3 21 
28 25 19 15 13 3 23 22 3 32 32 26 
8 6 25 6 5 36 29 12 20 1 17 29 
11 8 11 5 1 6 34 15 4 5 10 20 
11 33 1 23 22 2 19 17 23 22 32 12 
3 2 24 7 19 3 35 25 29 32 11 30 
25 5 11 34 11 31 26 26 25 6 33 4 
2 3 30 1 10 25 24 14 33 1 26 35 
14 10 6 9 2 12 28 31 31 34 30 17 
2 31 18 8 13 11 23 2 34 8 36 31 
13 23 33 19 30 7 30 7 18 22 12 4 
16 5 7 13 25 10 1 16 17 30 25 25 
5 20 11 12 23 9 22 11 21 15 31 35 
4 25 14 32 29 32 2 14 10 27 22 19 
22 21 32 9 24 29 29 33 33 20 10 2 
14 9 5 17 28 34 35 8 8 32 26 12 
24 10 29 31 31 22 31 9 29 33 32 7 
20 3 31 23 31 27 1 7 2 18 35 28 
11 34 32 33 13 25 31 3 13 8 20 33 
25 33 21 30 36 31 29 12 10 24 16 16 
32 18 11 22 26 21 12 8 27 2 32 13 
5 32 35 17 22 13 18 13 6 11 24 34 
15 23 27 8 32 26 36 32 34 17 3 24 
28 11 33 29 28 20 4 32 7 32 25 27 
29 29 29 28 22 5 15 20 15 15 22 1 
27 6 24 25 14 31 17 17 12 16 7 34 
32 15 12 7 3 34 23 22 28 21 30 28 
10 18 26 2 33 4 16 2 27 30 32 29 
35 12 14 1 5 26 6 33 33 14 8 19 
25 20 35 5 20 10 7 1 11 26 6 12 
10 18 1 16 6 30 27 29 31 29 7 24 
26 13 23 23 27 13 28 13 25 2 18 35 
18 7 8 36 4 7 34 2 35 26 30 5 
12 29 34 30 12 16 22 26 18 18 27 4 
27 4 10 29 16 35 19 9 16 30 35 13 
17 27 15 30 21 2 32 14 29 14 35 34 
20 29 14 10 8 12 13 3 16 13 2 6 
8 23 5 22 31 7 21 22 17 31 4 25 
22 14 21 30 4 9 30 32 33 31 12 30 
11 8 17 18 10 1 35 21 29 33 22 10 
24 27 23 21 8 33 5 23 10 14 24 33 
31 28 35 4 15 25 14 30 15 20 27 31 
4 17 9 25 18 14 3 22 19 11 18 26 
32 33 16 29 1 13 36 13 14 13 28 7 
6 31 14 23 4 4 18 14 14 3 24 2 
35 23 2 3 19 3 36 27 6 5 5 22 
33 6 17 26 16 33 34 10 4 29 6 14 
22 10 16 25 34 11 19 16 18 9 1 28 
1 26 8 6 5 26 22 29 25 6 36 23 
10 15 13 23 32 34 21 23 3 3 35 18 
2 3 6 29 10 7 16 16 19 5 14 6 
25 21 8 27 9 17 18 12 9 1 25 17 
15 24 10 1 36 24 24 33 20 11 26 16 
18 10 9 19 15 16 31 32 15 21 33 15 
4 27 7 9 11 23 22 6 17 8 36 8 
7 36 12 32 19 8 14 14 29 28 9 19 
23 4 16 34 18 25 34 29 2 7 21 33 
13 8 21 11 30 10 7 28 8 10 3 21 
13 33 13 27 34 35 13 1 7 9 6 20 
22 34 8 15 21 33 34 6 34 18 36 1 
27 23 5 6 19 21 24 33 28 5 27 32 
19 5 9 7 27 23 5 13 34 5 6 27 
24 29 36 3 34 28 8 16 9 23 3 15 
4 15 4 30 35 20 28 25 11 7 33 21 
16 31 12 26 20 35 23 6 27 20 36 8 
30 29 28 29 32 26 26 17 2 26 20 21 
11 26 34 30 28 28 28 13 29 23 12 30 
10 16 10 26 10 2 35 11 3 21 24 29 
35 3 15 21 14 31 5 5 31 3 18 10 
23 7 18 6 20 34 16 29 23 35 35 22 
34 10 30 31 35 6 7 1 19 35 1 17 
31 3 23 4 13 31 15 16 2 11 11 6 
26 2 18 23 6 26 18 31 23 6 29 25 
11 7 9 6 30 13 9 9 9 27 8 21 
10 13 3 29 7 1 31 10 21 31 4 29 
16 8 17 14 18 33 16 25 3 23 20 5 
23 33 10 32 26 3 13 32 20 26 14 33 
32 31 26 31 35 3 31 20 5 6 14 29 
10 32 20 30 29 29 11 22 3 25 8 1 
29 33 36 5 30 22 27 7 36 36 13 18 
3 22 22 12 7 19 20 1 30 30 18 22 
21 25 14 3 33 33 9 12 23 26 2 33 
13 19 19 23 16 13 15 15 24 18 26 21 
22 1 24 10 18 7 13 9 18 19 30 20 
4 31 6 2 4 3 17 17 31 35 6 6 
15 2 1 32 29 8 20 28 30 31 18 15 
17 13 12 9 6 12 29 7 18 25 27 33 
11 16 13 28 19 28 15 33 1 19 23 36 
33 24 23 33 33 2 3 16 26 7 5 22 
16 4 28 11 20 18 1 19 11 17 35 35 
34 7 21 14 1 27 32 4 21 29 15 17 
32 16 23 8 32 8 22 2 14 32 11 23 
17 6 10 1 36 12 34 1 3 35 35 21 
5 8 19 21 18 25 12 18 10 30 25 19 
22 35 26 9 24 32 26 27 7 6 32 31 
26 31 22 5 13 14 4 5 23 11 29 34 
15 6 31 31 32 13 29 15 14 27 12 19 
2 32 14 22 6 27 27 28 8 10 36 8 
20 35 27 5 1 34 16 18 3 21 32 18 
26 34 9 12 21 12 33 16 4 4 30 21 
6 11 5 7 28 10 2 10 16 20 9 28 
29 5 26 3 1 3 34 30 22 5 30 20 
26 10 22 12 23 7 35 19 19 35 18 32 
21 26 36 33 8 9 6 6 28 31 32 31 
2 17 10 10 19 30 4 15 20 27 33 7 
19 6 14 25 28 16 13 14 3 29 9 9 
14 35 23 13 9 25 14 4 34 14 13 13 
13 4 3 27 12 11 33 34 1 32 12 25 
23 33 4 35 18 5 11 28 31 16 4 4 
9 8 17 1 10 27 28 35 27 26 13 33 
26 16 32 9 20 25 20 33 32 5 11 25 
27 6 1 13 32 18 16 8 1 33 25 35 
16 11 30 26 28 35 1 18 26 18 10 30 
32 15 29 7 25 33 19 5 6 3 3 30 
26 29 31 11 32 26 1 20 9 29 15 23 
5 21 11 4 26 9 12 35 31 36 21 4 
13 22 24 35 14 22 21 28 3 35 6 22 
19 28 15 21 6 23 7 34 20 11 18 11 
28 1 7 34 19 10 14 12 31 23 26 10 
12 34 33 35 33 12 7 3 12 1 3 16 
27 2 8 22 22 5 30 26 4 9 10 30 
19 28 30 2 5 6 34 16 35 3 5 35 
13 33 34 5 7 33 32 23 27 21 22 7 
9 4 4 17 31 18 31 34 25 30 23 15 
11 2 36 15 21 30 29 29 26 14 7 6 
35 28 29 30 10 24 28 27 9 11 36 8 
18 3 33 9 11 7 2 28 14 32 8 14 
16 4 12 5 35 16 33 31 3 30 4 34 
21 6 36 33 11 33 8 36 25 33 11 4 
14 28 10 10 22 30 29 29 9 21 3 14 
10 19 25 28 12 3 22 25 28 30 2 7 
24 28 31 32 3 15 20 4 2 8 34 34 
15 35 3 24 9 9 8 17 22 16 3 36 
27 21 20 11 15 14 1 26 8 14 21 31 
14 8 4 23 31 13 31 35 18 10 16 21 
17 19 14 13 21 28 33 3 29 20 33 11 
22 33 29 2 5 27 32 5 16 12 19 28 
7 12 23 16 27 31 23 36 7 3 23 27 
35 1 36 28 25 25 8 16 24 28 14 13 
8 34 34 2 11 2 4 3 25 10 26 21 
25 25 7 36 31 14 20 36 35 30 8 6 
22 35 14 7 26 28 27 15 15 22 9 8 
2 23 32 27 7 6 15 2 12 36 23 3 
16 16 9 6 3 29 26 13 27 9 2 15 
17 5 19 19 15 34 10 28 34 26 18 1 
1 4 30 22 20 22 11 31 21 3 31 26 
35 24 12 4 34 22 26 35 31 19 29 19 
19 16 9 31 29 11 29 13 8 23 1 22 
16 11 14 11 16 30 18 27 16 20 10 10 
12 5 36 3 21 26 35 26 35 17 2 11 
10 10 22 32 19 29 5 25 18 34 17 36 
4 30 28 35 17 18 25 24 27 33 26 8 
19 19 21 18 27 34 19 26 21 4 33 28 
8 10 7 13 28 1 27 35 30 33 34 8 
26 18 17 17 6 19 35 33 25 20 4 6 
23 11 8 36 23 31 26 36 13 10 36 34 
28 15 14 34 5 23 6 31 3 23 3 21 
25 13 34 16 26 14 22 2 34 24 2 36 
10 4 10 19 1 28 24 4 19 5 19 12 
3 19 8 10 34 24 3 10 34 12 9 34 
31 7 1 11 17 31 19 2 14 1 3 25 
4 2 25 32 7 28 14 12 27 27 4 23 
21 17 6 20 20 21 24 30 3 10 22 12 
2 18 34 11 35 33 6 2 7 24 6 5 
26 19 6 4 5 10 23 20 32 28 26 2 
10 7 32 21 24 18 7 33 35 9 16 33 
9 31 28 1 4 20 36 32 6 30 5 6 
15 14 34 6 33 27 4 5 17 28 33 5 
34 1 28 13 1 28 24 3 36 2 20 3 
31 30 14 22 22 14 12 30 2 22 8 1 
35 12 32 36 20 13 29 6 9 20 32 34 
31 36 7 20 31 16 2 34 16 26 2 1 
7 17 12 8 8 32 19 32 7 13 1 10 
16 29 29 23 1 35 14 5 2 16 19 29 
32 14 3 26 3 29 23 31 28 4 28 8 
34 8 19 6 33 6 9 16 21 29 15 14 
14 18 17 36 22 26 32 2 36 3 22 23 
31 36 5 24 27 22 6 22 7 26 11 34 
7 23 27 1 32 13 34 29 8 15 3 32 
26 20 30 2 25 27 33 36 33 25 30 29 
2 28 10 12 36 34 18 4 23 10 17 18 
8 19 12 15 2 13 3 19 14 15 28 36 
18 22 9 20 7 7 17 23 19 25 27 19 
33 9 35 36 27 24 18 13 17 31 36 1 
28 1 24 3 10 18 13 30 25 5 18 4 
7 31 16 8 34 2 22 2 21 9 31 17 
23 23 7 35 3 34 25 15 2 17 32 31 
33 12 24 9 20 17 18 22 7 9 5 1 
19 34 8 26 26 12 27 31 2 10 30 5 
23 24 5 3 32 27 10 17 17 5 24 13 
4 23 26 35 24 22 9 23 18 33 28 11 
35 20 11 1 28 5 15 19 30 11 29 15 
18 25 23 25 19 33 4 36 12 23 23 30 
12 1 32 12 13 28 17 23 11 33 12 26 
3 36 2 9 27 24 25 11 34 27 32 1 
31 12 12 16 32 36 16 8 1 20 10 14 
22 23 28 22 12 21 3 15 7 28 18 3 
21 21 27 19 12 26 8 23 30 10 32 36 
32 5 21 24 23 34 23 10 29 35 18 24 
21 34 34 32 11 1 5 22 2 7 4 33 
23 15 11 26 36 30 20 36 23 16 33 30 
26 14 9 35 16 19 17 12 15 12 14 36 
20 20 1 30 29 4 33 8 10 30 34 4 
20 20 10 22 6 27 8 35 31 30 31 10 
9 2 32 6 1 31 2 9 34 29 16 4 
10 21 35 23 9 8 3 26 27 35 20 1 
27 19 11 15 8 17 4 19 7 23 21 26 
1 4 5 18 14 31 25 24 24 10 18 31 
21 35 21 22 30 35 9 28 34 35 36 2 
10 36 32 14 5 20 18 21 3 18 27 34 
19 12 17 35 18 12 4 29 28 33 28 29 
14 14 18 24 21 16 32 32 7 24 12 32 
17 23 31 2 34 18 28 11 1 30 1 19 
33 22 20 30 2 28 30 2 19 15 19 11 
13 4 29 4 35 14 31 7 9 23 6 33 
26 34 34 8 32 36 18 26 4 4 14 26 
7 28 7 32 16 30 19 19 15 20 33 7 
22 25 20 19 24 10 8 1 16 12 12 14 
14 2 27 26 11 5 17 6 25 34 19 11 
25 6 6 16 1 27 13 29 3 36 16 17 
17 27 18 5 33 2 8 19 19 32 19 2 
35 14 36 31 12 28 9 36 13 5 12 28 
11 23 16 35 35 4 6 25 1 6 8 5 
29 22 9 28 4 27 9 27 11 24 15 16 
33 6 13 24 6 2 28 36 30 12 32 4 
1 1 34 27 23 17 5 35 18 25 36 7 
15 3 7 31 36 5 18 22 3 27 1 9 
34 19 12 2 9 36 34 17 26 14 4 14 
6 19 15 25 7 14 5 8 1 30 2 8 
34 13 33 26 26 5 23 17 30 16 19 17 
18 20 35 14 25 9 21 30 32 20 20 9 
9 21 8 29 6 11 18 25 27 4 14 6 
15 27 36 17 27 25 34 29 20 25 8 14 
27 26 28 17 15 28 3 10 20 19 18 36 
1 32 31 12 3 33 12 6 32 6 21 24 
19 9 20 24 35 5 8 18 16 18 8 20 
9 35 10 18 29 18 29 35 4 31 23 29 
5 29 25 26 13 11 17 26 2 30 30 27 
16 27 5 6 14 15 22 34 10 27 9 7 
17 10 21 4 32 21 35 24 34 9 29 21 
28 30 12 33 12 14 10 2 1 29 27 31 
21 28 11 1 30 27 6 20 6 10 12 16 
2 5 6 2 23 36 21 31 33 27 25 22 
7 29 2 8 4 22 7 2 25 12 13 32 
31 1 1 31 10 23 34 6 14 7 35 31 
32 31 5 12 13 32 35 15 36 13 21 8 
8 7 31 10 34 5 30 21 20 36 4 26 
19 23 34 16 36 13 24 9 19 3 3 21 
23 19 17 2 3 7 11 29 12 15 17 20 
11 21 16 8 30 21 10 14 23 18 5 17 
32 28 21 6 19 12 19 32 25 19 6 6 
3 8 28 35 22 17 2 3 29 21 35 12 
25 4 3 7 32 26 29 11 15 2 13 4 
28 21 4 24 6 8 2 20 20 3 32 32 
30 18 14 8 16 34 30 22 2 20 5 23 
4 8 36 16 14 11 9 25 36 4 31 18 
9 2 28 15 11 27 26 23 27 6 36 3 
15 4 30 9 2 25 11 19 1 9 10 29 
35 22 21 5 31 18 7 15 17 18 35 12 
29 19 29 8 35 6 11 28 21 25 26 1 
11 13 17 17 16 29 33 1 28 9 34 18 
7 21 11 13 15 14 27 10 11 30 15 29 
33 21 20 5 10 26 36 9 11 6 25 8 
2 31 12 7 1 35 28 16 7 25 18 31 
14 16 8 25 12 12 16 2 31 27 2 36 
28 28 31 2 29 22 3 34 1 1 1 28 
25 9 27 13 19 5 1 10 19 10 26 22 
26 28 7 23 6 21 3 17 33 20 35 23 
20 26 28 3 12 6 21 35 14 5 5 26 
7 16 20 10 23 25 25 11 16 3 12 8 
4 32 36 2 36 11 28 10 21 29 24 33 
15 35 32 14 33 5 14 5 31 35 14 13 
25 8 21 7 32 1 26 7 15 4 23 24 
7 3 3 2 14 7 24 8 13 9 25 15 
10 23 16 29 26 27 7 10 29 18 2 36 
4 33 28 31 4 12 19 20 30 5 18 28 
25 26 26 8 30 16 1 26 19 8 7 33 
28 5 19 25 29 4 24 31 4 27 30 4 
28 9 31 15 12 13 28 24 2 31 18 20 
9 35 29 22 30 14 34 35 19 21 26 19 
15 19 36 17 14 34 16 33 36 14 30 35 
3 21 1 26 25 16 19 16 12 7 23 33 
11 33 22 20 10 18 31 27 1 5 22 2 
26 17 24 30 7 11 18 29 13 17 10 8 
19 6 28 28 17 23 14 34 21 13 11 32 
35 32 34 6 23 35 18 30 19 7 26 7 
15 8 9 5 9 26 2 26 31 11 3 30 
2 14 32 9 29 36 6 16 24 17 29 26 
33 27 4 33 11 16 18 1 12 24 16 11 
7 7 22 10 27 8 33 3 8 34 24 9 
6 17 11 2 8 33 9 12 36 12 1 23 
27 35 32 21 19 23 32 23 28 20 31 13 
20 25 27 17 18 9 1 11 24 30 34 20 
24 8 6 22 33 27 24 13 11 5 10 27 
6 33 25 29 17 10 25 30 8 21 35 36 
20 35 12 10 6 24 19 23 28 18 36 28 
31 24 22 6 21 4 36 35 31 28 7 21 
27 2 31 28 26 7 9 17 23 7 10 32 
2 19 29 24 25 29 6 24 11 20 35 26 
29 3 36 5 17 21 18 22 22 34 4 6 
3 23 5 14 25 6 9 5 22 5 13 29 
20 12 29 1 32 22 1 7 17 18 23 23 
13 34 33 18 20 18 24 12 8 21 6 36 
22 33 11 27 16 12 5 16 11 7 14 16 
19 31 35 9 23 27 20 35 27 36 30 15 
24 20 14 24 36 31 18 28 18 24 27 21 
6 8 5 14 23 30 34 12 1 30 10 22 
8 9 8 5 31 11 36 19 12 27 3 19 
4 32 15 8 16 36 7 5 9 26 5 11 
30 26 36 32 12 28 29 17 8 34 12 9 
21 18 30 19 7 28 12 36 6 28 6 31 
36 27 8 14 20 29 19 7 11 7 10 16 
30 28 5 17 29 22 14 33 5 24 21 33 
5 2 27 24 2 5 32 13 34 12 28 7 
1 1 33 16 16 35 11 29 31 23 15 30 
1 3 8 2 22 24 22 3 9 24 26 30 
6 31 26 22 19 28 19 21 33 8 25 6 
34 34 14 20 8 32 5 13 26 11 19 7 
26 21 8 22 8 27 23 5 18 34 26 8 
31 31 10 27 33 9 30 27 33 33 16 26 
32 16 19 36 22 16 33 16 2 35 27 16 
1 8 21 20 28 11 26 10 22 19 25 19 
27 35 5 11 36 27 10 35 11 5 20 36 
4 19 10 9 15 22 11 2 6 32 19 2 
35 14 24 19 34 16 4 30 32 25 16 33 
14 26 4 12 19 25 30 27 29 14 23 30 
17 14 26 11 26 23 21 8 31 11 2 35 
27 35 12 9 6 11 36 11 8 10 18 3 
9 1 13 30 7 13 23 29 23 36 12 16 
24 29 32 17 13 21 29 31 6 18 17 13 
28 12 1 1 28 35 28 17 10 6 19 18 
1 23 22 18 32 35 12 15 22 11 18 28 
11 18 1 19 21 11 17 12 15 25 25 6 
36 10 7 5 19 33 23 33 25 10 21 4 
35 22 33 6 17 29 1 6 9 20 20 23 
18 13 12 17 13 19 15 24 6 12 13 22 
18 22 5 12 19 28 20 21 5 35 27 9 
7 19 7 33 33 2 18 34 36 11 21 34 
5 36 31 34 12 30 7 1 18 8 25 36 
21 22 29 36 14 13 17 27 1 13 23 19 
35 7 15 8 18 17 15 11 12 33 2 9 
27 18 12 1 35 1 2 3 33 20 28 6 
5 15 2 32 25 30 17 13 32 9 29 9 
1 1 13 14 26 23 5 12 24 31 17 1 
28 9 6 35 13 22 1 28 18 21 33 28 
27 29 27 28 23 15 10 33 33 17 25 26 
31 24 16 35 30 9 11 12 16 34 2 16 
31 3 23 21 32 16 24 13 35 21 1 24 
29 34 21 28 34 18 28 17 5 16 6 35 
24 24 3 17 36 2 4 26 22 6 15 36 
1 19 7 1 22 28 16 29 36 16 18 24 
28 4 35 24 10 21 11 22 8 3 2 8 
27 36 3 21 32 30 13 3 6 32 31 26 
19 24 10 14 2 27 8 28 18 25 10 2 
21 28 31 22 29 7 33 30 29 25 4 6 
28 18 13 28 5 21 25 23 32 5 6 17 
10 9 34 36 34 8 16 5 30 23 32 27 
2 5 3 21 15 11 7 29 16 14 14 21 
33 19 35 31 4 22 21 13 10 35 23 11 
12 33 22 12 1 24 35 24 17 3 33 30 
30 18 24 20 13 27 20 36 11 36 15 7 
14 4 1 1 10 2 27 10 36 1 23 4 
7 3 6 14 11 34 5 35 19 14 25 32 
25 15 17 32 2 12 30 34 33 5 5 1 
15 26 14 28 22 25 31 2 26 16 22 2 
4 25 28 5 30 7 11 27 3 27 16 19 
11 28 25 10 25 28 3 26 2 31 14 29 
25 20 1 11 23 7 22 27 27 3 16 15 
34 24 22 10 19 23 3 10 2 34 4 21 
35 12 8 27 27 34 31 2 17 25 2 10 
7 29 17 4 13 36 4 33 30 2 32 14 
8 28 6 18 5 28 12 22 22 15 34 2 
22 12 3 4 32 35 35 9 9 25 21 2 
18 1 32 6 34 34 36 36 23 14 15 23 
3 11 34 29 33 27 6 33 19 17 8 29 
33 36 14 13 24 33 19 4 29 24 32 24 
20 20 22 26 2 11 11 8 31 32 16 11 
24 14 13 14 18 29 6 25 2 4 16 1 
29 1 18 17 3 12 11 8 32 5 11 26 
9 23 35 8 25 5 31 34 15 33 21 15 
22 17 30 10 17 7 27 9 36 29 18 6 
33 36 23 1 36 24 28 24 35 27 9 31 
31 13 17 22 30 11 30 15 17 25 34 33 
17 29 5 27 33 9 21 2 1 7 28 2 
26 17 21 9 25 16 19 31 25 3 27 27 
15 12 15 10 14 34 9 12 22 10 7 25 
36 6 16 2 27 28 6 1 27 31 6 6 
27 18 3 32 32 15 16 30 16 33 25 9 
14 5 7 19 14 23 7 31 4 36 21 25 
32 25 4 29 3 16 3 36 11 1 19 32 
3 23 11 25 20 3 6 6 15 26 34 33 
25 28 13 25 23 27 17 5 3 25 26 17 
30 26 14 2 5 31 32 2 7 20 1 18 
5 29 30 11 15 11 28 18 19 17 17 6 
28 10 36 3 10 3 21 8 14 18 5 11 
23 34 35 26 8 23 8 14 13 11 34 22 
3 36 28 14 26 12 26 6 23 7 21 27 
11 9 9 12 3 6 12 34 24 5 4 20 
24 6 12 19 4 16 24 17 32 1 24 8 
27 1 15 1 13 32 22 35 11 23 32 23 
31 25 29 15 33 28 28 24 6 12 9 17 
2 13 17 17 7 26 1 9 4 8 8 24 
16 29 27 30 25 22 16 11 29 2 11 33 
7 26 25 4 17 11 20 7 8 31 22 22 
3 3 16 9 10 28 2 31 2 10 11 31 
1 28 14 24 35 33 17 26 34 26 12 22 
22 6 24 36 30 29 16 1 19 1 7 3 
28 18 33 31 28 22 12 30 16 7 34 5 
24 32 12 25 11 31 19 35 6 14 21 14 
10 9 7 32 4 14 27 6 8 2 2 19 
20 11 35 14 16 1 6 11 9 6 9 6 
10 5 34 10 5 17 4 34 20 32 3 9 
29 23 10 9 10 6 8 24 36 22 13 36 
35 21 7 17 18 27 15 35 11 31 4 6 
32 32 20 11 8 14 31 31 6 14 23 16 
8 13 1 8 21 5 22 19 22 26 8 13 
36 27 20 13 19 2 25 13 28 14 3 35 
27 21 19 34 28 34 21 8 14 6 34 24 
30 6 15 19 17 14 10 4 33 1 17 28 
1 22 4 17 26 10 3 9 22 35 5 9 
26 20 10 7 10 35 4 24 32 17 2 27 
32 7 29 29 11 35 25 10 32 20 24 16 
7 11 14 8 3 28 24 26 26 18 13 19 
18 13 16 19 23 19 8 28 7 27 3 31 
8 18 18 16 15 16 22 33 1 8 10 32 
19 24 17 7 6 11 15 7 20 31 25 6 
26 2 21 9 35 5 21 27 28 6 32 13 
9 33 18 9 23 7 2 32 8 26 25 33 
36 16 15 18 22 31 1 7 26 11 22 32 
2 36 7 18 33 19 26 18 4 5 18 2 
32 1 26 36 5 34 6 24 2 2 28 16 
26 11 32 35 2 31 2 35 1 13 7 12 
36 32 10 13 25 17 22 10 12 31 1 24 
34 7 18 23 21 30 25 34 33 6 8 9 
18 2 3 11 26 22 14 26 36 34 3 29 
9 28 16 16 14 3 27 4 4 14 2 14 
21 8 18 18 12 11 13 9 26 1 10 27 
6 22 34 23 11 29 26 24 6 12 18 31 
20 16 8 32 2 4 28 19 13 4 34 1 
24 21 31 31 12 15 16 17 2 13 25 14 
19 25 16 16 33 13 28 5 13 35 23 16 
10 16 4 5 32 29 11 12 20 1 1 26 
21 17 3 30 8 27 9 10 24 5 26 21 
20 5 13 22 19 18 14 29 19 18 35 33 
5 6 26 16 35 31 27 6 26 24 13 34 
7 5 14 5 36 27 26 29 16 15 26 12 
18 11 19 21 31 11 30 27 29 18 25 9 
29 12 20 28 36 7 21 8 28 1 21 33 
36 13 22 23 17 26 30 18 29 26 17 6 
18 4 4 2 9 5 26 10 34 6 1 22 
8 30 8 3 24 6 3 28 24 25 12 8 
3 19 24 21 2 9 10 20 30 18 20 23 
31 21 33 24 27 5 24 17 31 5 30 20 
8 34 15 12 5 19 12 2 15 10 35 36 
34 13 4 36 31 25 8 33 24 14 13 34 
16 9 34 32 36 10 3 21 20 31 32 28 
21 32 21 33 7 29 17 31 25 36 12 32 
34 32 36 9 27 16 35 15 26 13 7 27 
3 29 23 30 33 30 2 9 8 6 26 22 
9 15 31 8 9 21 23 13 1 7 32 4 
19 35 29 3 29 5 30 36 32 20 17 18 
22 13 12 28 10 21 22 3 15 29 33 31 
29 2 1 24 24 17 35 6 3 32 28 7 
32 30 19 6 27 31 26 10 27 23 12 1 
27 3 27 8 20 32 25 34 21 17 35 29 
11 30 25 1 13 27 5 13 9 12 22 27 
12 13 13 36 11 12 13 7 34 29 35 13 
19 34 28 3 20 9 22 28 20 25 2 24 
10 11 35 30 33 8 9 1 3 4 25 30 
6 32 14 6 14 31 7 16 18 10 12 10 
1 6 36 9 4 34 34 20 15 36 5 15 
22 25 10 29 25 26 35 9 4 16 20 34 
20 12 27 2 10 11 4 24 11 8 30 6 
20 32 31 1 33 32 26 25 20 21 17 15 
25 35 26 2 11 31 4 29 4 11 7 29 
11 5 19 20 10 35 8 5 25 16 19 22 
9 34 33 14 20 16 17 17 16 22 12 8 
3 26 13 31 36 22 3 31 8 36 6 31 
5 4 31 31 7 9 1 19 34 10 33 3 
14 20 4 18 3 32 4 32 29 34 1 31 
33 19 29 33 35 3 2 13 7 1 29 17 
30 22 16 2 30 21 12 24 4 22 6 2 
23 31 19 19 25 7 23 30 8 6 22 27 
21 26 26 34 19 12 16 12 32 12 3 6 
20 3 20 17 28 11 33 25 23 2 23 33 
20 13 4 5 26 29 7 13 12 30 23 15 
34 6 28 1 34 16 27 34 7 8 3 34 
16 1 23 27 28 9 9 9 3 34 31 9 
27 32 19 9 7 26 1 27 32 18 24 28 
25 25 29 35 20 36 12 22 34 23 7 29 
12 1 32 32 13 23 34 31 25 24 4 24 
1 21 1 36 14 33 17 1 14 18 8 1 
30 19 28 18 27 30 9 9 24 3 7 30 
8 20 20 5 7 29 3 19 4 30 30 7 
5 17 29 31 8 2 7 10 35 4 29 10 
22 22 36 30 17 9 5 30 12 27 12 28 
1 28 36 30 3 22 36 35 23 16 15 12 
21 13 13 14 27 26 32 31 14 13 34 28 
13 16 3 4 28 18 20 19 9 21 26 4 
3 36 14 35 36 25 17 30 24 5 18 31 
6 29 35 31 25 22 1 32 12 9 24 16 
32 28 3 6 5 1 28 31 10 30 23 33 
21 24 31 8 2 20 26 8 33 35 27 21 
12 2 12 18 16 26 13 27 8 11 4 19 
24 5 1 30 32 17 26 17 16 19 7 16 
20 26 22 21 1 3 16 7 32 16 34 13 
29 8 2 36 22 28 21 29 24 27 30 8 
17 23 16 23 12 12 4 26 26 36 16 3 
16 6 35 19 19 14 30 1 33 15 24 4 
32 6 2 3 4 14 12 8 25 35 10 3 
32 26 4 5 18 32 8 36 5 31 7 22 
34 30 25 15 34 19 1 19 18 9 2 17 
21 6 8 19 13 31 27 5 28 26 21 7 
10 15 32 33 15 21 4 24 17 7 14 15 
32 8 4 12 32 13 10 29 10 9 36 14 
3 19 17 23 20 23 9 20 24 12 32 2 
26 32 17 32 31 11 7 6 23 29 12 22 
25 19 19 21 11 6 19 17 5 31 36 3 
13 13 7 12 36 19 9 27 31 20 29 19 
33 6 20 24 22 19 16 19 20 4 11 5 
31 16 32 3 11 24 36 6 23 2 18 2 
20 11 22 1 2 10 24 2 29 13 28 9 
35 17 26 32 28 1 21 32 33 27 35 13 
32 5 17 27 1 23 4 34 35 15 34 7 
27 26 24 28 12 33 14 14 11 36 30 36 
10 27 15 36 16 30 33 3 16 22 17 4 
6 15 3 5 16 15 23 15 22 27 4 22 
5 29 25 14 18 18 11 14 24 26 9 32 
17 32 17 24 11 27 16 7 15 6 30 9 
8 20 8 9 26 32 14 6 20 25 15 35 
25 10 6 11 4 30 27 25 3 1 24 24 
4 24 13 24 5 23 3 26 20 13 17 30 
20 9 12 3 7 3 28 10 33 14 9 5 
33 36 32 34 15 21 7 29 34 34 10 29 
8 32 14 5 20 9 9 34 35 17 8 12 
31 3 22 1 26 31 7 11 14 18 9 7 
28 5 36 25 8 23 33 12 5 22 11 2 
6 23 33 14 25 16 27 29 23 12 25 5 
8 30 5 26 20 10 25 34 26 21 33 19 
23 14 18 18 24 34 10 24 2 9 28 15 
17 21 13 3 3 36 26 23 35 8 4 21 
4 15 32 4 11 19 16 32 34 25 21 24 
12 22 9 32 17 31 1 7 22 2 3 24 
22 9 12 3 25 6 7 5 9 16 19 12 
22 11 16 20 36 32 35 33 33 34 8 27 
15 26 14 7 12 10 3 21 15 16 19 13 
20 14 10 7 22 10 12 1 5 24 26 29 
25 19 2 18 25 8 1 35 30 28 32 16 
33 6 28 19 34 11 4 3 24 34 3 35 
21 30 32 15 24 18 32 10 2 3 9 28 
20 14 9 14 30 24 11 6 2 13 27 1 
13 12 10 13 16 4 23 30 5 11 26 16 
21 17 18 18 23 21 26 32 8 23 12 22 
32 33 36 2 32 30 18 34 30 7 22 27 
5 22 23 6 28 7 4 14 13 9 4 15 
9 21 33 27 6 32 23 27 21 30 15 34 
8 24 31 35 6 31 33 3 22 6 10 21 
24 16 33 11 3 29 2 7 14 35 27 2 
13 20 36 6 18 5 27 5 34 16 32 6 
23 10 10 20 7 10 15 36 18 8 28 36 
12 17 21 23 22 4 22 22 16 2 16 10 
2 1 23 17 33 26 29 18 34 18 5 22 
24 32 17 6 2 25 3 8 12 32 31 5 
28 28 30 30 35 10 20 2 29 9 23 28 
21 21 15 29 3 22 14 6 35 2 36 31 
36 30 26 16 14 24 18 33 8 36 15 1 
10 36 32 27 4 34 35 30 30 22 32 35 
20 5 27 19 12 33 19 17 10 5 24 16 
19 6 20 19 6 36 10 10 4 3 19 35 
15 12 13 31 29 5 31 22 16 20 33 12 
32 30 12 32 7 22 24 27 12 19 21 18 
20 18 32 30 35 1 29 33 28 31 4 1 
26 25 9 36 17 32 12 12 18 17 12 14 
17 15 25 12 19 16 3 31 2 26 9 26 
10 3 18 5 36 11 11 25 8 6 23 9 
25 25 19 7 27 33 32 31 10 7 15 7 
16 20 7 24 4 2 13 2 30 30 19 34 
2 11 2 9 28 6 4 1 21 12 11 14 
30 22 16 34 1 16 4 26 21 36 17 34 
12 35 20 1 29 5 30 29 8 26 3 25 
23 32 28 4 32 13 23 10 15 17 36 11 
34 17 1 23 13 27 27 24 26 9 22 17 
10 25 14 34 32 33 31 16 1 14 15 34 
16 5 2 12 33 13 27 13 3 25 27 13 
30 26 25 15 17 28 7 8 8 19 18 21 
25 22 29 7 13 7 7 4 4 15 14 9 
24 19 30 18 34 29 31 11 24 4 5 23 
32 13 19 11 8 34 13 25 8 17 18 18 
34 2 26 3 30 5 1 6 10 20 1 20 
35 33 22 19 23 22 35 7 25 7 26 34 
26 16 11 10 7 19 28 30 17 18 16 28 
12 11 7 21 33 32 23 9 20 12 23 23 
5 19 28 25 31 18 10 24 14 7 9 31 
33 10 10 20 30 23 2 33 2 9 34 27 
13 30 30 35 3 16 32 31 25 33 20 7 
3 21 8 28 26 2 8 22 36 19 27 28 
20 20 18 32 16 18 15 13 20 4 26 9 
3 7 32 14 30 29 6 1 13 1 5 20 
6 25 11 21 24 12 11 6 11 20 22 8 
18 20 17 32 14 29 3 7 9 18 10 12 
17 19 36 13 2 36 1 36 27 26 18 15 
28 5 29 4 26 3 6 26 1 29 6 34 
4 24 7 24 24 7 35 20 15 10 36 13 
2 12 30 3 9 35 31 3 26 5 15 30 
3 9 28 22 35 26 23 2 2 33 34 28 
3 1 28 19 2 5 22 20 20 12 30 6 
5 25 20 15 20 16 36 16 30 24 23 24 
12 10 22 24 7 4 10 13 34 13 24 12 
9 16 36 3 7 32 28 29 29 30 31 36 
12 22 32 23 30 1 17 19 3 19 26 2 
14 26 29 2 24 8 20 5 24 7 25 23 
17 28 4 5 35 34 1 14 33 29 11 14 
1 18 27 17 17 27 4 16 4 28 4 2 
22 6 10 18 14 12 11 8 12 1 28 24 
11 34 22 16 30 13 22 18 19 16 26 20 
29 10 8 23 20 14 13 23 3 20 18 15 
20 25 33 3 22 7 14 20 1 9 24 32 
24 28 3 14 3 30 7 31 2 28 2 10 
28 11 33 6 2 3 16 27 18 1 12 11 
36 29 19 24 36 9 15 22 34 14 31 30 
31 15 30 25 32 11 13 13 27 21 1 28 
19 16 20 8 29 29 31 23 11 31 7 3 
30 31 12 12 23 5 12 1 5 33 28 21 
35 1 27 7 34 35 12 34 36 3 1 14 
9 9 18 12 25 19 26 19 9 25 15 34 
19 16 8 35 10 27 2 11 27 27 5 36 
16 16 2 32 28 20 2 17 1 9 13 26 
11 28 23 4 16 29 18 25 29 31 8 3 
14 4 6 14 33 21 10 32 33 18 23 29 
10 9 16 35 25 5 34 23 6 19 25 36 
15 2 15 8 29 19 20 28 11 22 26 21 
19 14 17 3 33 27 10 35 2 33 24 16 
4 9 16 16 4 28 19 22 16 30 14 25 
36 30 27 22 32 25 6 21 27 5 28 9 
22 28 24 34 18 35 28 13 3 19 23 1 
21 35 17 4 17 36 26 33 21 22 15 19 
4 20 15 2 11 28 31 15 10 24 20 1 
36 7 4 29 36 3 5 1 1 30 36 14 
32 29 22 32 33 30 34 24 12 13 25 36 
14 5 18 4 2 24 35 26 35 23 19 30 
13 21 24 4 26 7 21 22 21 24 26 35 
5 25 6 20 6 32 16 15 16 11 29 36 
36 12 3 1 1 22 36 14 18 13 14 32 
34 4 4 29 10 4 23 3 14 31 32 5 
23 27 13 13 5 35 31 28 11 25 6 31 
3 3 19 14 4 23 9 31 21 13 20 22 
11 25 31 22 11 24 2 7 33 17 31 34 
21 36 18 24 15 10 18 22 14 31 29 12 
6 19 8 18 32 27 13 35 28 14 19 32 
28 29 1 25 26 26 14 12 24 15 25 36 
9 14 25 23 5 12 26 32 4 32 23 29 
36 9 35 32 2 15 32 24 18 19 16 4 
4 33 4 5 6 28 14 8 11 21 17 35 
8 6 30 18 4 12 15 33 24 2 28 15 
23 29 18 10 20 15 21 4 36 5 1 36 
36 1 33 31 25 34 11 23 2 27 36 31 
29 27 23 34 9 23 31 2 10 16 22 9 
