100
2 14 6 3 7 2 
3 10 3 8 5 6 
16 6 13 1 11 11 
6 15 11 7 10 8 
4 13 15 14 1 15 
15 16 5 11 9 12 
1 11 16 5 17 14 
9 17 18 9 12 5 
7 12 7 6 6 1 
11 1 9 12 2 17 
5 18 14 18 18 10 
18 8 8 10 14 9 
17 7 4 16 4 18 
12 9 1 15 13 3 
14 2 2 17 16 4 
13 5 17 2 3 13 
8 3 12 4 15 7 
14 11 18 3 2 9 
18 13 9 9 6 3 
12 10 3 7 7 18 
13 17 11 15 8 5 
17 3 14 12 10 8 
10 1 15 2 13 11 
11 2 6 1 4 13 
8 5 13 13 16 16 
2 9 4 16 11 15 
1 8 2 17 12 2 
5 7 7 11 3 7 
7 18 1 14 9 1 
15 15 5 4 5 12 
3 16 16 18 15 6 
6 4 12 10 1 17 
4 6 10 8 17 4 
16 12 17 5 14 14 
18 16 12 14 14 15 
5 17 14 5 18 16 
10 11 10 3 13 14 
11 10 11 12 1 2 
17 1 18 2 5 8 
13 5 6 8 10 7 
6 15 4 17 9 12 
16 3 16 7 3 6 
3 6 17 11 17 13 
7 4 2 6 4 5 
12 9 1 15 2 17 
8 2 13 13 6 1 
14 13 8 10 8 4 
15 8 7 1 15 18 
4 14 15 9 11 3 
9 18 3 4 12 11 
2 12 9 18 7 10 
3 14 2 1 16 11 
2 4 10 16 11 6 
12 2 1 11 18 15 
4 7 4 4 6 9 
14 13 5 18 13 10 
8 6 16 3 10 18 
1 15 18 7 9 5 
11 1 9 10 2 17 
6 9 17 5 1 13 
18 18 11 17 5 1 
16 17 3 2 3 7 
10 3 12 12 15 12 
9 11 13 6 4 16 
5 5 6 14 12 2 
13 10 15 13 14 8 
15 8 8 8 17 14 
17 16 14 15 7 4 
13 4 9 2 12 5 
15 11 5 17 4 8 
9 8 3 11 2 15 
11 18 7 10 10 9 
8 3 6 13 1 2 
16 12 18 3 15 1 
1 15 1 6 8 13 
4 17 8 9 17 14 
10 5 15 14 13 18 
5 1 4 1 6 11 
3 2 12 5 7 12 
17 10 10 7 11 4 
12 13 13 15 16 10 
2 16 14 16 5 3 
6 6 2 12 14 16 
14 7 11 8 18 7 
7 9 16 4 9 17 
15 8 8 2 12 2 
10 12 6 1 1 9 
8 18 12 4 7 14 
13 7 16 3 5 12 
7 1 4 7 10 11 
11 14 14 9 18 6 
16 4 10 15 2 13 
17 11 13 18 3 15 
18 16 18 14 16 17 
12 17 9 13 6 10 
4 15 2 8 11 18 
2 10 1 10 9 1 
1 6 5 16 8 7 
5 9 7 12 14 5 
3 13 17 11 13 3 
9 14 8 6 18 10 
1 7 5 16 16 9 
7 12 7 9 8 3 
18 14 17 18 3 6 
14 2 15 17 15 8 
1 2 17 13 13 1 
9 15 2 17 2 16 
7 6 8 5 10 11 
10 13 6 1 5 2 
18 12 7 6 4 5 
13 4 14 12 6 17 
9 17 3 16 16 17 
18 10 17 18 16 15 
5 1 18 7 11 12 
1 11 16 4 7 15 
13 18 3 13 10 16 
13 17 2 11 18 12 
8 6 4 13 18 9 
10 14 12 4 4 2 
8 12 15 16 1 2 
10 7 11 8 2 5 
18 2 14 2 10 9 
17 7 17 8 6 3 
2 1 8 2 15 3 
2 5 5 8 5 8 
11 17 8 8 13 13 
6 7 7 3 2 1 
9 10 9 6 2 1 
1 5 5 13 9 12 
9 17 11 9 11 7 
12 11 1 5 17 1 
3 11 7 13 1 1 
5 12 14 17 12 13 
10 2 2 11 17 16 
17 17 6 3 1 2 
7 18 2 4 2 1 
17 14 7 3 7 6 
5 2 16 4 5 12 
17 2 14 7 16 12 
7 8 8 4 18 8 
11 2 2 3 16 13 
8 8 1 6 18 13 
4 10 17 12 14 3 
15 7 16 3 14 3 
9 15 6 6 10 5 
15 15 11 18 12 13 
2 17 14 12 11 11 
11 2 4 14 16 14 
1 6 11 3 9 7 
2 1 4 15 7 1 
1 17 6 6 1 3 
6 6 16 10 14 9 
3 8 17 3 18 5 
16 6 18 10 18 16 
8 18 17 17 2 18 
1 11 17 3 4 10 
12 3 18 1 1 14 
2 15 17 6 3 13 
2 17 9 8 3 5 
4 5 12 16 12 17 
11 2 8 1 3 4 
17 17 10 3 10 7 
5 14 11 17 12 4 
11 10 7 17 12 8 
8 17 2 5 13 1 
13 5 11 16 1 17 
10 10 8 7 15 2 
11 8 4 16 10 13 
6 9 4 14 8 6 
7 4 6 12 10 3 
4 3 1 11 12 1 
9 11 9 2 11 1 
1 16 12 4 11 4 
1 2 14 11 13 10 
2 17 6 10 5 1 
2 16 12 7 8 18 
16 9 16 3 18 13 
2 18 14 10 9 9 
16 3 1 4 3 7 
1 17 7 8 14 2 
14 3 17 1 6 13 
6 8 8 4 6 12 
10 7 4 4 1 3 
6 9 11 8 10 1 
3 8 15 8 16 13 
4 14 8 15 9 15 
16 5 8 12 15 8 
10 8 6 12 9 6 
14 4 12 18 14 4 
4 9 4 15 14 3 
1 13 17 17 10 17 
11 16 12 2 4 9 
6 18 2 6 5 2 
12 16 8 14 1 8 
11 14 13 10 3 16 
1 10 6 7 17 18 
11 14 12 15 16 10 
14 1 15 10 11 9 
8 8 16 5 14 11 
11 5 16 10 13 8 
