100
1 10 3 21 24 18 
20 24 11 1 16 24 
17 7 13 8 6 23 
13 15 16 6 17 11 
18 1 15 13 7 9 
10 22 17 3 2 19 
3 13 9 23 21 21 
22 6 18 15 9 20 
9 8 21 7 22 2 
4 12 4 19 15 12 
12 9 10 12 11 6 
15 18 2 17 1 10 
19 17 19 14 5 15 
16 4 22 10 13 1 
21 2 5 20 20 3 
24 14 14 22 18 13 
7 11 8 5 19 22 
14 19 12 4 3 14 
23 16 1 24 8 4 
5 3 24 16 14 5 
2 5 6 18 12 16 
6 21 23 11 23 8 
11 20 7 9 4 17 
3 6 7 16 4 12 
11 24 18 7 16 6 
6 13 11 13 1 23 
19 11 12 23 22 9 
12 2 23 24 17 14 
21 4 20 18 18 7 
15 9 3 21 13 24 
23 10 17 3 14 2 
16 22 8 20 7 15 
14 20 1 14 20 13 
13 12 9 9 10 11 
5 15 6 12 19 19 
7 17 24 22 12 3 
8 21 2 11 23 21 
4 3 15 5 8 8 
20 16 14 19 2 20 
9 23 22 1 6 17 
10 8 16 4 11 16 
2 1 21 17 15 22 
18 7 19 15 3 4 
1 14 4 8 9 5 
22 18 13 10 5 1 
17 5 5 2 21 18 
17 23 22 6 6 10 
23 3 18 11 9 14 
7 10 9 2 24 18 
8 11 3 17 10 6 
1 5 13 12 19 3 
14 18 19 4 4 15 
5 24 8 20 17 23 
10 4 16 10 8 16 
24 17 7 22 21 13 
2 6 12 5 22 1 
12 1 17 16 14 5 
22 20 21 13 3 19 
21 19 5 14 12 7 
11 9 14 9 5 9 
3 12 20 21 11 12 
13 13 11 19 20 4 
16 7 23 24 13 21 
4 8 24 23 7 22 
18 22 1 3 16 24 
9 15 4 15 1 2 
19 2 15 8 18 8 
6 21 10 18 23 20 
15 14 6 1 2 11 
11 5 11 22 21 18 
23 1 12 15 8 19 
19 23 6 5 15 21 
3 8 10 1 1 16 
20 6 22 11 11 15 
24 14 20 21 5 20 
8 2 2 8 6 4 
15 16 17 4 22 6 
16 19 3 12 4 11 
5 18 14 2 2 22 
10 12 16 9 16 23 
14 11 4 16 3 2 
4 9 13 3 17 9 
2 15 9 18 14 3 
21 7 7 7 7 17 
18 24 8 20 13 10 
6 13 21 14 24 14 
12 17 1 24 18 1 
7 10 23 17 12 8 
1 20 18 10 20 13 
22 22 19 13 19 7 
9 3 24 23 10 24 
17 21 15 19 23 12 
23 13 1 19 24 18 
14 20 13 3 23 19 
2 21 4 4 14 20 
21 15 14 20 1 14 
15 14 7 1 17 23 
10 24 12 8 6 15 
20 19 23 5 21 5 
12 8 6 16 12 22 
24 19 10 6 24 10 
20 16 2 7 15 17 
13 4 5 6 9 5 
22 9 17 18 16 3 
17 9 16 6 4 12 
19 22 15 3 2 15 
14 18 9 14 4 7 
6 15 18 11 20 5 
4 19 13 19 18 3 
3 8 4 6 9 3 
20 6 19 22 4 6 
9 20 11 5 6 20 
4 24 2 1 4 22 
12 22 13 19 24 4 
2 6 4 2 24 15 
18 1 8 18 12 4 
2 23 18 16 9 1 
7 16 15 2 24 8 
5 12 17 6 21 19 
15 8 12 7 16 16 
24 2 23 2 5 20 
8 12 6 10 3 17 
6 9 11 20 23 3 
18 6 5 23 10 11 
10 16 6 6 16 11 
15 4 8 2 3 23 
15 12 13 1 18 23 
4 2 8 9 2 15 
24 21 15 11 3 11 
8 3 4 23 15 2 
11 23 16 20 8 20 
22 24 1 2 10 14 
2 19 12 10 13 18 
16 17 8 11 7 2 
7 5 13 16 14 24 
23 7 15 6 18 7 
23 7 16 2 17 6 
3 14 7 15 17 23 
23 3 6 6 3 21 
20 1 22 22 24 24 
22 19 23 1 23 15 
2 17 12 11 15 4 
7 14 20 20 8 11 
2 6 14 19 23 5 
17 1 20 5 13 13 
10 10 14 18 21 14 
8 18 8 22 8 23 
4 24 15 10 6 16 
17 22 1 12 12 6 
4 6 2 10 1 8 
4 14 3 14 9 7 
1 12 6 8 19 17 
16 24 13 9 18 12 
19 11 12 17 23 22 
18 16 16 21 14 20 
8 5 10 3 19 7 
9 8 11 23 16 10 
16 2 6 10 5 15 
3 21 12 2 10 6 
4 20 8 18 2 10 
13 23 10 13 2 3 
14 1 21 14 15 22 
24 6 11 16 5 11 
8 2 17 24 3 24 
4 8 18 16 17 8 
20 13 11 4 7 2 
16 5 9 14 13 1 
23 19 14 9 17 14 
4 6 6 2 2 19 
3 16 13 2 20 6 
21 20 3 9 7 19 
3 1 7 8 17 9 
16 20 6 14 14 16 
20 5 3 9 17 22 
8 2 18 1 19 15 
8 19 21 13 13 21 
11 3 14 22 8 10 
22 15 5 24 17 19 
2 17 15 1 1 11 
6 7 18 16 13 13 
19 21 4 18 6 2 
1 14 20 4 23 18 
14 9 11 18 7 10 
15 16 20 19 11 6 
5 2 23 4 17 5 
6 16 7 11 2 20 
6 7 4 15 10 10 
9 9 5 15 21 24 
11 10 20 16 5 23 
3 8 18 15 5 3 
12 8 16 6 1 23 
15 6 13 17 9 24 
20 13 16 2 19 23 
12 6 6 6 13 15 
20 12 21 17 4 6 
12 22 8 9 18 8 
15 22 5 20 19 1 
9 12 18 2 4 3 
2 11 13 2 11 20 
16 16 18 1 12 9 
