100
21 9 8 1 7 18 33 2 29 
3 2 18 16 27 32 24 10 30 
7 26 33 13 3 21 31 23 10 
15 33 9 8 1 23 2 22 31 
32 3 5 12 23 36 16 24 22 
20 6 28 31 33 12 23 34 17 
1 7 30 23 11 25 34 13 19 
33 25 24 20 6 22 12 30 18 
23 31 7 18 28 24 15 19 4 
2 14 36 10 24 28 8 9 3 
17 19 14 2 26 27 9 6 11 
31 24 22 4 36 29 11 27 14 
5 8 23 25 16 1 3 18 34 
19 16 35 22 10 9 26 20 36 
12 5 32 9 14 3 1 31 6 
30 10 20 35 28 25 23 31 1 
6 29 19 2 16 1 18 34 20 
34 8 14 20 23 6 4 10 13 
3 23 24 21 26 15 34 35 32 
10 34 25 26 29 24 33 8 16 
32 31 9 13 3 4 11 16 21 
27 22 28 8 35 3 31 9 11 
14 12 21 17 27 11 16 1 22 
16 28 34 23 33 35 32 36 10 
28 5 32 9 11 8 19 29 27 
12 25 33 21 16 35 5 11 19 
30 20 6 2 23 19 9 21 11 
26 5 16 34 4 12 30 24 2 
15 14 35 31 27 23 16 36 24 
23 27 12 35 14 4 3 15 29 
4 10 3 29 11 24 2 32 30 
8 1 24 18 20 13 25 22 27 
5 35 21 36 33 15 18 10 16 
22 17 18 5 31 20 34 4 25 
9 3 11 30 29 32 14 8 10 
27 34 36 13 7 29 17 6 32 
11 16 9 7 36 18 10 19 5 
18 30 31 3 13 14 6 16 15 
21 12 17 16 24 11 29 7 28 
34 21 10 15 2 30 33 23 8 
24 28 5 1 19 2 8 18 21 
14 25 6 9 15 10 3 12 26 
9 34 5 14 30 16 36 13 19 
4 5 15 36 16 2 12 22 9 
32 16 27 4 10 25 8 28 23 
5 1 25 12 23 30 14 3 24 
23 9 16 11 2 36 19 29 8 
16 14 31 30 12 32 26 2 36 
3 12 32 15 18 24 22 8 17 
1 32 33 16 9 5 4 15 21 
12 31 19 1 20 9 33 23 6 
28 17 20 2 13 23 27 30 33 
20 4 2 13 11 35 7 14 3 
16 32 26 14 3 33 35 5 19 
10 6 35 22 24 4 8 16 13 
8 10 2 28 4 23 30 7 6 
7 34 14 9 23 36 20 4 12 
28 27 3 31 35 13 2 6 32 
27 15 28 36 1 25 31 11 33 
30 12 9 23 22 19 10 31 35 
21 14 16 20 28 31 33 23 2 
3 8 32 13 20 26 15 18 34 
6 35 15 17 31 5 26 25 23 
32 13 5 26 20 28 33 16 9 
21 28 31 36 25 16 26 5 34 
36 7 26 1 22 32 6 13 24 
11 2 35 15 8 36 25 30 10 
25 15 34 18 4 9 3 33 12 
7 11 10 12 9 31 27 22 4 
14 17 32 22 28 1 29 34 7 
15 10 19 31 5 2 22 8 17 
3 20 25 10 30 27 5 17 15 
34 9 14 2 32 11 8 12 5 
10 32 30 3 12 34 15 31 13 
6 19 17 2 7 3 35 28 24 
18 8 15 7 11 27 13 34 26 
1 13 3 10 12 23 15 29 7 
16 15 12 17 1 32 24 21 10 
4 12 21 25 32 31 26 22 34 
24 33 13 30 2 7 12 8 28 
34 31 16 1 29 26 17 35 14 
31 24 8 9 34 13 14 16 6 
10 32 9 13 31 6 16 27 3 
9 14 24 19 27 16 3 36 25 
5 35 14 27 9 20 1 32 31 
11 26 30 18 20 8 36 2 29 
25 20 19 14 15 21 22 9 36 
33 4 6 28 26 12 8 13 19 
2 15 34 9 20 32 17 19 31 
11 6 29 16 32 18 24 15 7 
32 4 15 22 10 26 25 29 35 
34 13 8 33 18 3 29 7 27 
36 26 31 2 5 23 13 35 29 
30 24 21 23 12 35 36 34 1 
16 5 30 10 24 36 15 6 26 
19 36 12 35 30 9 11 22 8 
12 9 33 30 11 19 27 32 20 
10 4 12 21 3 25 31 23 28 
12 8 10 13 21 17 1 5 18 
19 28 18 15 16 36 27 6 22 
30 1 1 26 22 20 20 28 5 
10 22 2 32 2 2 6 5 13 
35 20 12 15 8 34 4 12 28 
24 11 4 11 15 31 29 7 20 
29 30 34 17 20 10 17 35 25 
27 36 25 34 17 14 35 17 23 
34 17 13 14 5 30 30 21 12 
11 27 29 28 18 6 36 11 8 
13 28 17 7 12 13 19 32 7 
22 13 15 21 21 15 32 33 32 
26 23 11 36 19 5 27 4 27 
6 34 3 19 9 16 13 3 2 
36 21 6 27 32 17 21 1 9 
16 12 26 24 4 7 7 29 35 
9 18 16 5 31 19 5 14 21 
9 25 13 11 31 30 12 11 26 
8 16 6 31 7 22 2 27 2 
18 18 27 3 24 17 25 23 18 
25 20 30 6 25 36 7 33 34 
11 35 4 25 18 2 5 15 4 
21 30 15 7 13 26 1 21 8 
5 11 18 15 1 29 20 20 31 
4 21 16 34 30 9 26 4 19 
26 9 7 4 5 20 9 14 30 
31 13 26 32 21 18 21 17 6 
1 4 26 23 5 26 27 13 35 
14 15 28 27 25 33 22 34 34 
25 2 8 19 10 17 11 31 17 
2 19 27 12 6 22 35 35 6 
10 7 29 10 17 16 20 1 22 
19 9 14 9 21 8 19 20 18 
29 24 19 8 28 10 24 33 33 
20 18 25 25 15 27 21 29 14 
36 6 1 22 22 25 15 17 7 
17 26 2 17 8 21 7 2 20 
13 13 15 24 1 1 36 28 23 
16 23 23 26 32 6 12 26 36 
32 31 4 32 34 9 23 27 3 
3 8 34 33 18 7 1 25 1 
33 32 30 6 30 34 31 14 9 
24 26 28 32 35 4 11 1 28 
19 3 1 33 1 31 31 16 34 
26 20 18 17 7 29 16 7 11 
35 19 7 8 4 15 13 4 20 
25 15 36 22 25 22 32 18 30 
6 8 9 5 24 18 35 24 4 
8 30 23 23 3 8 17 34 10 
36 36 13 7 17 14 29 36 22 
2 24 21 26 31 6 24 27 16 
11 7 11 24 14 20 21 10 13 
34 18 13 8 17 15 22 20 25 
23 22 5 26 15 29 5 28 18 
33 1 7 27 7 20 16 1 10 
11 9 1 15 33 8 13 26 9 
17 5 34 1 29 2 25 22 22 
13 7 24 29 2 10 29 9 1 
5 24 18 30 30 1 1 24 29 
31 31 22 32 9 16 24 29 3 
20 25 31 10 36 22 36 17 21 
12 17 21 3 26 35 17 19 4 
32 16 25 6 12 28 3 3 14 
29 21 8 5 34 12 32 15 8 
22 23 11 33 16 27 6 30 11 
19 31 11 35 14 19 12 14 2 
22 22 23 4 35 4 32 20 21 
5 8 33 14 36 23 11 19 23 
27 26 9 21 15 12 7 21 6 
35 19 15 28 6 18 21 28 18 
29 21 2 20 11 20 9 3 26 
1 6 1 8 21 29 16 4 11 
26 30 17 24 16 25 1 10 1 
16 5 29 13 24 13 35 9 32 
9 16 27 9 34 5 20 25 31 
20 24 7 7 27 3 34 1 27 
29 6 22 34 19 4 19 31 8 
27 9 35 3 5 35 9 12 9 
14 17 23 12 4 30 21 7 23 
19 27 4 6 18 18 30 30 30 
30 22 5 11 33 22 23 26 4 
7 7 10 15 14 28 6 25 20 
32 10 1 31 24 24 11 19 21 
8 11 32 4 3 36 4 10 1 
36 36 36 23 25 11 27 4 13 
15 34 25 36 17 25 31 23 15 
26 21 20 22 35 15 25 20 32 
10 3 32 24 2 31 19 17 36 
22 18 19 32 33 14 14 30 11 
31 23 25 6 35 24 6 3 34 
24 34 5 4 23 5 4 28 24 
13 20 28 19 13 20 18 8 12 
35 22 27 20 26 27 8 24 33 
23 35 18 36 22 22 7 25 23 
33 19 23 15 7 28 10 11 19 
18 21 16 29 31 30 23 4 30 
26 2 4 8 27 2 16 16 5 
7 8 13 28 15 8 20 2 6 
20 28 22 34 4 33 34 33 16 
7 32 34 25 4 34 12 16 3 
29 17 6 22 26 13 4 17 15 
15 35 20 1 14 22 30 30 8 
