100
7 22 16 12 9 8 2 21 27 
13 10 19 26 20 10 12 4 15 
6 4 27 27 17 17 20 18 9 
1 18 11 19 25 21 25 5 19 
21 12 24 4 7 3 17 13 13 
8 14 10 3 23 19 3 14 11 
16 8 13 16 15 24 13 15 2 
12 26 1 8 12 6 22 8 21 
2 13 23 18 3 2 14 9 6 
22 20 20 17 2 14 16 20 1 
15 21 2 9 14 7 26 16 23 
26 15 25 10 19 16 8 3 8 
4 3 14 14 11 15 7 22 16 
9 27 18 15 4 27 21 11 10 
3 11 7 21 16 26 27 25 12 
23 2 5 6 1 12 23 17 26 
18 5 26 22 27 25 9 23 5 
25 23 12 7 22 9 4 7 18 
17 17 6 2 26 20 11 6 17 
20 6 22 13 24 1 24 1 24 
11 16 17 5 5 23 15 19 4 
27 1 9 20 21 4 18 24 3 
14 19 3 25 18 22 1 27 22 
5 24 4 1 6 5 10 12 20 
24 7 21 11 10 11 6 26 14 
19 9 15 24 8 13 5 2 25 
25 26 24 17 6 27 20 13 8 
15 18 4 12 3 24 17 18 20 
2 24 12 27 1 10 1 17 4 
13 14 19 13 10 17 26 3 23 
8 3 8 14 26 8 19 11 26 
14 5 25 25 7 23 9 23 3 
20 13 20 20 23 12 18 27 19 
16 22 23 22 11 26 16 5 7 
26 16 13 24 17 25 5 24 11 
6 7 22 5 25 16 8 10 1 
5 25 9 7 14 13 24 1 25 
4 19 21 1 20 14 3 25 15 
18 4 5 15 12 21 12 4 17 
12 9 7 2 4 5 4 26 27 
7 21 1 23 19 19 23 7 12 
24 10 6 26 18 18 10 14 5 
23 27 14 11 15 22 27 20 6 
22 1 18 21 27 1 11 21 2 
27 2 11 16 22 20 2 8 22 
21 8 15 19 24 15 13 6 10 
11 15 2 6 8 6 25 16 9 
3 20 26 8 13 7 22 12 14 
9 17 27 10 9 11 7 9 13 
17 6 17 4 21 4 15 15 18 
10 11 16 9 16 2 14 2 21 
19 12 10 18 5 9 6 22 16 
9 23 23 15 10 3 22 2 6 
10 25 13 17 4 22 27 15 3 
1 22 4 20 16 17 26 26 18 
4 2 7 3 13 10 2 10 4 
15 17 8 24 5 16 3 7 11 
3 14 14 14 8 26 10 9 14 
14 19 20 6 15 27 21 1 9 
7 16 12 12 22 9 11 11 24 
18 24 18 25 25 13 19 14 2 
11 21 15 23 24 19 16 19 5 
22 4 5 13 19 25 9 4 8 
13 20 11 10 1 1 13 27 22 
6 6 3 21 17 21 20 25 19 
20 5 1 8 21 14 12 8 26 
21 9 21 5 7 2 7 12 17 
25 1 6 11 3 24 1 16 15 
12 27 27 18 14 18 24 17 10 
17 18 17 4 23 15 25 20 27 
5 26 9 1 11 5 18 5 23 
16 7 24 16 2 12 8 24 12 
8 15 19 7 6 23 4 22 1 
23 3 25 19 12 7 5 21 25 
27 11 16 2 18 11 6 23 7 
24 13 10 22 27 20 17 3 20 
2 12 2 27 9 8 14 6 13 
26 8 26 9 26 6 15 13 16 
6 13 20 4 6 1 14 9 7 
5 16 6 24 24 18 7 16 4 
4 19 7 18 23 17 18 1 26 
21 2 27 21 14 14 26 8 22 
1 18 17 15 11 25 21 21 6 
2 23 3 7 5 24 19 17 11 
16 4 21 19 22 9 2 18 24 
11 11 25 10 15 3 6 12 20 
14 20 10 5 7 21 5 13 5 
25 5 1 25 12 6 20 15 27 
20 15 22 17 20 8 15 14 9 
12 10 14 1 16 10 13 20 3 
27 9 23 20 25 15 9 6 17 
17 17 2 27 17 22 4 27 2 
9 22 19 14 27 19 3 26 25 
23 24 15 9 10 16 17 4 14 
24 26 13 8 13 27 27 19 21 
19 25 18 3 8 26 1 10 8 
13 3 9 22 21 5 12 23 18 
3 7 24 23 3 4 10 24 16 
7 6 11 6 1 12 16 25 1 
22 8 8 16 2 13 8 2 12 
1 23 3 3 2 3 21 19 24 
19 10 22 26 20 4 23 18 21 
8 12 16 11 4 2 25 11 23 
3 3 3 15 1 15 10 26 4 
7 7 26 16 6 14 19 12 9 
8 17 19 26 10 10 14 16 12 
24 3 11 13 1 10 8 25 25 
13 24 21 4 1 3 16 2 17 
26 17 15 22 22 4 8 23 6 
20 17 22 23 7 21 10 22 20 
4 3 27 1 12 15 27 9 23 
21 17 4 7 24 22 12 21 4 
18 19 24 9 7 5 3 17 13 
14 9 2 24 18 25 21 11 24 
21 25 9 1 26 14 2 5 11 
6 17 5 19 7 27 8 10 24 
13 11 4 4 20 21 7 9 14 
19 14 6 9 24 14 26 25 8 
10 26 25 12 19 15 13 1 14 
16 7 8 22 3 8 18 4 27 
17 12 7 1 26 22 7 7 11 
7 22 20 7 27 7 22 11 26 
6 18 19 19 13 4 23 2 19 
5 15 22 26 27 8 18 22 5 
8 22 6 15 20 4 27 12 13 
5 27 1 13 17 23 6 3 8 
13 23 15 4 5 10 1 3 20 
5 1 11 26 18 25 26 16 16 
7 5 9 5 8 7 13 24 26 
2 4 16 26 3 1 5 19 23 
23 13 17 15 20 23 15 1 23 
5 19 1 23 13 16 11 6 6 
5 9 23 24 9 2 7 16 12 
9 1 1 19 27 11 2 2 10 
17 25 18 3 15 5 27 9 20 
12 27 16 15 19 12 16 5 1 
18 16 20 14 18 27 6 16 27 
25 19 8 27 7 18 13 1 8 
4 22 21 5 4 24 7 23 9 
18 1 5 16 7 7 6 19 13 
10 27 11 13 25 26 10 18 22 
17 18 16 13 10 7 18 3 22 
7 19 13 6 12 8 14 10 19 
25 1 26 11 18 17 20 25 19 
13 10 27 16 5 25 12 5 16 
4 27 15 22 2 13 26 26 2 
1 24 5 10 26 10 16 1 8 
6 2 8 16 4 20 2 3 21 
7 17 12 17 20 9 27 7 9 
16 21 19 25 9 11 5 19 22 
26 10 1 1 18 24 3 4 21 
19 18 3 22 2 15 12 4 8 
8 22 21 1 12 23 3 14 10 
21 8 16 14 20 15 14 13 4 
16 24 3 9 24 13 1 12 17 
3 11 5 11 4 6 1 23 14 
18 8 21 25 22 12 24 14 5 
26 15 17 11 3 5 20 2 15 
11 18 18 5 25 16 4 9 6 
3 26 13 2 24 26 3 16 4 
10 26 16 2 2 10 16 10 25 
20 13 7 12 5 11 11 7 21 
26 27 2 25 4 3 25 21 21 
20 11 8 25 11 16 20 20 4 
19 17 20 21 12 13 25 25 23 
7 26 18 16 8 3 19 2 15 
7 12 5 14 24 17 13 4 13 
14 16 12 9 10 9 6 14 16 
7 15 24 14 8 9 27 24 14 
25 2 24 13 21 6 12 26 16 
3 24 4 10 5 1 25 25 3 
25 22 26 12 5 3 7 11 1 
27 23 7 9 21 13 12 4 24 
22 24 6 4 8 22 17 13 14 
26 4 16 25 20 9 27 12 15 
3 12 26 9 7 13 7 2 8 
16 21 24 14 2 10 14 24 27 
12 18 26 1 19 19 6 20 2 
4 14 14 19 27 1 14 25 18 
4 16 9 1 27 11 2 15 19 
23 24 20 18 7 22 18 9 9 
13 2 4 9 4 12 11 26 9 
17 7 21 24 22 23 26 1 4 
19 2 26 16 2 17 15 9 8 
24 22 18 8 18 5 24 23 11 
25 16 13 16 9 10 7 8 5 
21 12 18 22 1 5 10 27 1 
7 17 22 24 27 15 13 22 9 
5 9 12 21 18 12 17 19 15 
27 10 16 21 26 11 21 19 16 
18 17 21 8 23 1 10 15 18 
26 26 24 6 18 5 12 11 6 
23 23 5 17 17 27 10 21 5 
17 7 4 13 22 15 26 27 4 
8 5 5 8 25 9 26 22 27 
6 27 17 6 4 1 21 5 22 
14 24 12 8 20 27 5 13 20 
11 6 25 16 5 23 3 20 3 
27 20 7 10 5 4 15 23 7 
20 6 13 17 15 10 17 5 11 
