1000
26 28 6 12 35 18 34 18 16 
20 1 4 13 25 17 1 25 10 
30 21 15 20 34 28 24 29 6 
18 9 19 19 31 16 2 1 18 
3 31 20 18 8 4 21 32 22 
10 29 2 2 14 23 29 26 33 
13 11 1 16 23 6 27 23 23 
17 16 13 34 24 11 4 28 19 
15 14 29 36 21 3 26 35 25 
16 22 16 28 9 29 33 14 3 
8 30 12 5 22 9 31 6 9 
29 23 17 23 29 10 7 34 1 
11 26 34 6 16 2 19 17 15 
9 3 10 31 5 31 3 5 27 
12 8 23 26 2 8 16 16 4 
33 10 22 7 13 27 15 33 32 
35 20 7 35 1 15 30 2 28 
25 7 3 1 6 20 14 15 17 
6 2 28 14 33 12 17 11 30 
28 12 32 17 17 33 25 13 5 
23 32 33 32 36 34 12 20 8 
14 36 18 9 20 1 32 7 29 
36 35 5 4 4 5 35 21 31 
24 33 21 22 30 32 18 27 24 
7 25 35 30 28 36 28 4 7 
4 4 11 29 19 35 8 9 12 
27 5 8 21 15 14 5 31 36 
2 27 9 3 18 24 11 3 35 
1 18 24 10 27 13 36 10 13 
21 15 30 15 11 21 23 24 14 
22 34 14 25 32 22 20 30 11 
32 13 25 8 3 19 9 8 26 
5 24 36 11 26 30 22 19 2 
34 19 31 24 10 25 13 22 34 
19 17 27 27 12 26 6 12 20 
36 24 7 34 24 10 30 1 20 
27 28 10 10 17 36 16 3 27 
1 33 36 15 8 20 34 14 16 
17 3 1 5 26 21 32 18 6 
12 2 29 12 31 35 25 34 30 
34 26 19 35 18 18 27 13 7 
25 5 32 36 12 34 13 25 9 
18 34 22 17 2 22 15 35 13 
8 19 9 32 11 19 9 20 3 
20 16 4 18 35 24 24 26 2 
9 11 28 7 27 1 8 30 29 
31 30 34 2 13 30 23 16 22 
24 22 13 6 29 8 3 6 34 
6 14 25 8 6 17 36 11 33 
7 10 14 13 25 14 2 22 36 
19 12 20 3 20 9 17 29 25 
13 29 23 22 21 11 26 31 23 
15 31 18 23 36 4 1 17 35 
30 7 27 4 15 27 22 4 19 
3 13 11 27 19 33 18 7 17 
11 15 16 24 14 23 33 36 11 
2 1 2 30 9 13 6 28 5 
32 17 35 26 30 16 7 23 14 
5 27 33 19 34 32 35 2 31 
26 23 30 14 32 28 14 15 8 
4 35 31 31 3 25 4 19 24 
10 6 12 25 16 29 10 32 12 
21 18 21 20 33 12 20 21 26 
35 8 8 33 7 5 12 5 1 
16 20 6 9 10 31 11 24 18 
33 9 3 21 22 3 21 27 21 
14 36 15 28 5 15 5 33 32 
28 25 26 11 1 26 29 9 28 
29 21 5 16 28 2 31 12 10 
22 4 17 29 4 7 28 10 15 
6 36 17 13 5 3 7 27 15 
13 4 13 31 4 11 28 9 17 
28 29 11 25 33 29 9 1 2 
33 17 1 22 17 22 27 11 32 
15 26 35 11 25 1 16 30 26 
36 3 4 5 12 5 36 14 12 
10 8 22 35 20 34 19 4 13 
3 32 24 17 24 7 34 25 31 
35 33 5 3 36 24 30 20 27 
9 7 27 26 32 12 14 32 18 
11 5 15 7 31 32 10 5 23 
17 9 23 34 8 25 29 7 5 
12 13 12 23 10 23 8 19 25 
8 25 33 18 1 8 23 6 8 
21 27 28 8 11 26 35 31 36 
27 1 19 36 29 14 33 21 6 
22 14 30 27 9 6 22 10 34 
14 18 7 19 23 2 3 17 14 
30 23 34 33 14 33 11 23 7 
16 2 10 28 19 9 24 3 22 
25 34 18 1 27 17 2 22 9 
4 20 25 32 18 35 1 34 30 
1 30 26 30 3 15 15 8 28 
26 16 3 16 15 16 17 24 19 
19 21 2 6 6 10 32 29 4 
31 11 16 24 34 36 12 15 21 
24 22 21 21 35 20 31 28 11 
7 28 9 20 28 28 21 26 24 
29 10 32 10 2 18 6 33 10 
23 24 20 29 22 30 5 35 33 
5 31 6 9 16 21 13 18 35 
32 19 14 15 7 13 20 12 16 
18 35 31 14 26 27 4 36 29 
2 12 8 12 30 31 25 16 20 
20 6 29 2 13 19 18 13 1 
33 9 20 18 32 34 19 6 30 
28 34 28 32 22 35 15 19 1 
18 29 1 12 27 28 23 10 13 
25 17 3 21 18 31 5 29 15 
23 20 6 26 8 24 4 18 8 
14 7 36 23 11 3 31 15 18 
5 10 23 36 13 29 18 3 24 
1 6 5 8 36 6 3 26 36 
27 28 7 4 19 14 21 35 11 
29 13 13 3 28 19 30 25 34 
24 31 19 16 24 20 25 9 9 
20 4 30 19 5 5 35 14 6 
13 1 35 2 6 1 2 7 23 
17 3 33 27 21 32 7 13 12 
34 30 12 30 2 8 26 34 5 
26 18 29 15 17 7 22 12 3 
32 33 25 1 15 15 1 36 19 
22 22 8 10 4 13 14 16 28 
19 2 24 17 14 25 12 23 25 
9 35 26 34 30 17 9 1 35 
3 26 17 13 10 30 27 21 27 
6 14 32 29 34 10 32 11 10 
10 36 34 14 29 11 16 31 7 
21 8 31 24 9 21 13 17 32 
8 25 10 7 20 12 20 27 26 
16 24 11 22 35 36 36 2 2 
35 21 9 5 26 18 34 28 14 
4 32 4 20 25 9 24 30 22 
30 27 22 11 7 27 6 8 4 
36 15 14 31 1 23 28 22 17 
31 19 2 35 12 33 17 4 21 
11 5 21 9 3 26 10 20 31 
7 23 15 33 31 4 33 24 20 
12 16 18 6 16 16 29 5 29 
2 11 16 28 23 22 11 33 33 
8 12 24 25 16 19 2 14 3 
21 16 21 21 8 33 35 36 33 
31 8 19 22 5 7 6 19 24 
18 31 22 9 20 21 36 17 14 
19 34 34 35 15 35 28 20 32 
10 13 7 31 36 6 9 35 1 
33 28 10 13 4 2 12 34 17 
27 32 26 5 14 17 23 22 7 
12 30 17 7 9 10 13 16 28 
23 11 15 4 23 1 24 7 27 
25 19 4 29 30 31 14 30 31 
15 9 31 26 7 14 8 12 12 
3 26 2 32 22 4 7 23 8 
11 2 28 28 1 36 21 26 30 
26 22 13 3 6 27 18 27 25 
5 20 18 12 3 25 1 33 11 
6 14 30 2 10 18 11 13 15 
30 25 16 18 21 22 19 2 29 
32 35 3 16 28 28 30 18 36 
29 29 11 1 24 30 22 24 9 
7 17 29 34 27 8 16 4 16 
1 10 1 36 35 12 27 32 6 
14 24 35 27 11 23 15 9 23 
35 27 23 14 2 24 33 31 26 
13 23 20 11 18 9 26 3 10 
2 36 12 33 26 3 5 8 4 
4 21 14 23 12 32 10 6 21 
24 7 36 8 31 29 29 28 22 
34 1 8 17 34 13 32 25 35 
36 18 6 20 17 20 31 21 5 
22 4 33 10 13 16 3 1 13 
28 3 25 15 32 11 25 5 2 
9 33 32 30 25 15 4 10 20 
17 15 5 6 33 34 34 29 34 
16 5 27 24 29 26 17 15 18 
3 34 7 2 1 8 11 13 22 
28 12 12 25 5 2 19 2 27 
5 23 17 29 4 15 34 3 31 
10 16 16 7 14 29 23 8 17 
12 4 8 6 35 17 6 30 9 
32 22 11 31 11 33 4 18 4 
35 5 19 1 19 14 2 23 13 
17 10 10 30 3 5 30 28 29 
16 3 33 22 34 13 31 7 18 
29 15 22 27 9 11 24 32 35 
25 21 34 23 7 25 1 29 7 
6 31 3 17 2 32 13 35 30 
4 7 2 26 10 9 18 21 3 
34 2 9 3 6 22 5 16 32 
8 11 36 14 21 36 36 33 19 
24 19 6 19 13 6 22 34 28 
19 35 26 35 36 30 10 4 25 
22 27 18 21 23 27 21 27 26 
30 30 13 10 28 31 9 22 20 
18 25 24 15 26 7 29 15 10 
23 28 35 8 29 24 28 24 14 
20 36 14 28 25 34 26 25 5 
14 18 21 12 20 16 25 5 8 
1 26 28 11 8 23 14 31 1 
11 33 23 33 16 20 17 20 21 
31 17 29 4 31 19 12 12 33 
13 1 32 13 24 4 20 10 11 
36 8 27 5 27 10 3 1 16 
21 14 4 18 33 28 8 17 36 
2 20 31 32 30 35 16 19 24 
15 9 15 24 32 3 33 11 34 
26 32 5 9 15 26 15 6 12 
9 24 25 20 22 18 27 9 15 
7 29 20 16 18 12 7 26 2 
33 6 1 34 17 1 32 14 23 
31 4 32 1 7 9 31 24 25 
29 17 30 2 21 20 10 23 15 
2 16 26 34 2 36 6 9 5 
23 19 34 6 36 32 29 12 34 
20 8 13 32 27 35 30 7 23 
21 31 25 31 18 10 19 10 10 
15 34 1 33 20 24 15 36 29 
6 6 20 22 3 1 3 22 17 
36 7 19 9 6 19 13 30 32 
13 20 31 18 26 15 22 6 9 
30 12 22 14 30 16 8 25 4 
17 5 33 7 5 18 35 15 6 
14 10 2 25 22 6 36 13 7 
27 13 9 4 29 3 11 4 31 
11 22 11 8 12 25 1 31 28 
3 33 15 26 31 31 2 17 18 
9 14 14 11 4 30 26 26 27 
34 3 12 21 1 17 4 18 2 
16 23 21 19 14 5 28 2 16 
33 24 6 28 24 11 32 5 3 
1 29 5 17 23 12 25 32 19 
25 9 8 24 11 29 12 20 20 
8 15 18 5 9 7 17 14 12 
19 32 3 35 33 22 18 11 13 
28 30 7 12 13 23 33 34 33 
10 11 17 20 10 33 14 27 30 
7 1 23 30 34 2 24 8 35 
18 18 10 23 32 34 5 21 11 
5 26 28 16 17 14 23 3 21 
4 36 24 13 19 4 9 35 26 
24 28 4 27 28 8 7 16 8 
22 35 36 36 25 26 20 33 36 
35 27 16 29 35 28 21 28 1 
12 21 29 15 16 27 34 19 22 
26 25 35 3 8 21 16 1 14 
10 34 31 1 11 36 30 16 31 
24 27 25 15 1 22 26 26 25 
35 7 7 28 7 29 19 14 10 
33 5 12 29 2 28 25 13 2 
1 15 8 34 17 34 5 10 20 
15 28 35 10 35 12 10 25 18 
23 29 30 14 30 21 33 27 15 
3 1 9 19 15 1 21 36 3 
36 24 34 8 3 2 2 21 24 
8 11 10 13 23 3 29 17 4 
22 14 32 7 24 7 8 34 12 
9 19 28 24 13 30 28 6 1 
5 10 14 25 21 24 16 28 34 
16 9 20 21 28 9 31 23 19 
31 12 36 3 33 11 24 15 8 
12 23 29 27 16 23 17 11 29 
20 25 24 16 25 5 13 3 6 
19 20 3 12 29 15 14 24 13 
7 26 11 22 20 17 27 33 7 
27 32 22 36 36 6 23 7 16 
6 30 15 23 4 25 22 4 17 
13 36 1 9 22 27 36 2 35 
21 18 33 2 18 35 11 5 11 
18 17 16 6 34 19 32 12 36 
34 8 19 30 5 26 34 35 33 
14 3 5 11 31 8 15 9 26 
26 35 21 26 6 31 1 19 30 
30 21 18 20 19 14 4 1 22 
11 22 4 33 9 33 3 31 32 
29 31 23 32 10 32 9 29 5 
4 16 2 31 32 18 35 8 23 
17 6 27 4 26 10 12 20 27 
32 2 13 17 27 20 20 30 28 
25 13 26 35 8 4 6 32 9 
2 33 6 18 14 16 18 18 14 
7 13 36 20 17 8 23 4 24 
16 17 25 7 16 1 29 6 11 
25 3 1 3 8 7 7 23 12 
22 35 9 35 18 9 26 33 31 
14 11 12 12 29 11 25 20 14 
8 36 35 27 27 24 12 28 30 
35 16 34 25 12 13 1 31 29 
23 32 17 9 20 35 17 32 9 
17 4 22 33 24 32 24 16 23 
13 22 13 28 2 27 3 34 26 
5 23 8 23 30 14 19 11 36 
33 29 18 14 11 2 14 24 32 
26 1 26 10 10 28 36 15 25 
9 19 15 11 7 5 11 27 17 
32 26 31 5 34 34 10 35 1 
15 15 23 29 13 31 16 9 20 
28 8 14 15 1 17 31 13 16 
3 21 3 13 15 20 27 36 18 
36 25 16 22 31 30 20 18 15 
24 33 7 8 6 29 8 12 2 
21 2 33 2 9 6 13 21 6 
19 28 21 32 5 3 9 2 27 
4 7 27 19 36 23 15 30 3 
18 9 19 36 3 15 18 22 28 
2 6 10 6 33 36 32 8 35 
12 34 2 26 14 21 35 1 10 
20 27 32 18 19 19 2 10 5 
27 5 30 24 4 12 28 26 22 
10 12 5 16 23 25 33 25 13 
11 24 4 4 28 33 21 14 21 
29 18 11 1 35 22 22 7 33 
1 20 28 17 26 26 4 29 19 
31 31 24 21 25 18 30 3 4 
6 30 20 34 21 16 5 17 8 
34 14 6 31 22 10 6 5 7 
25 11 11 16 26 4 1 14 20 
22 35 24 4 6 30 36 15 18 
4 29 27 11 34 29 15 6 32 
32 23 31 9 20 32 10 17 26 
3 19 10 14 12 31 20 27 1 
12 32 1 27 29 23 23 18 27 
15 13 7 18 5 8 8 23 31 
28 28 33 21 14 17 12 9 11 
2 15 5 3 33 20 14 2 24 
1 18 6 8 22 1 28 20 30 
14 3 16 10 19 26 31 11 33 
35 17 28 36 15 13 2 36 28 
30 12 22 34 9 16 7 32 13 
13 1 30 30 17 12 21 3 15 
8 4 25 12 11 33 33 19 14 
23 5 19 22 25 34 18 33 21 
20 26 12 7 27 10 30 5 5 
31 6 36 26 8 5 27 16 17 
5 33 13 23 35 18 13 35 12 
17 22 21 13 36 27 26 26 9 
27 14 4 31 18 24 25 21 34 
9 7 34 32 32 14 16 28 22 
29 31 26 6 13 11 19 13 19 
16 16 35 20 16 22 22 30 2 
18 10 23 2 2 19 5 12 35 
21 30 29 35 31 15 3 31 7 
11 20 17 29 4 25 29 29 23 
10 27 8 5 10 7 17 8 4 
34 34 18 33 3 6 4 7 36 
26 21 20 15 23 3 24 22 10 
19 24 14 25 1 2 11 1 8 
6 25 15 19 7 35 9 4 25 
33 9 32 17 24 9 6 24 16 
24 36 9 24 21 28 32 34 3 
7 8 2 1 30 36 34 10 29 
32 16 32 7 6 5 27 1 22 
3 23 21 35 1 30 22 29 7 
18 20 23 5 26 34 31 10 31 
26 2 36 26 33 12 30 17 8 
11 29 8 8 18 7 10 31 5 
28 19 18 3 11 25 28 16 23 
10 3 14 31 20 15 17 12 13 
7 4 10 36 31 26 11 11 34 
23 25 22 28 22 14 32 5 6 
35 24 25 29 36 27 21 22 15 
33 27 11 6 32 3 25 24 12 
14 5 4 33 16 4 1 34 33 
12 32 24 17 27 16 13 23 9 
9 34 26 27 12 8 36 2 19 
20 28 28 22 23 32 16 18 27 
29 17 15 10 14 6 18 15 2 
34 11 12 13 4 9 24 6 24 
2 36 16 32 13 24 20 32 20 
27 13 2 1 24 20 5 33 1 
16 12 6 23 17 17 2 20 10 
5 1 9 24 2 29 19 36 11 
22 33 34 30 10 10 3 25 35 
13 7 20 25 21 35 34 27 16 
17 15 7 15 7 1 9 4 28 
25 22 17 4 30 13 4 3 29 
31 9 3 14 29 21 35 35 32 
6 14 31 18 28 22 8 26 18 
21 21 13 2 34 31 33 8 3 
15 18 5 12 8 23 14 30 25 
1 26 35 16 15 19 29 7 26 
24 31 19 21 3 33 7 21 36 
8 10 33 20 25 28 6 28 30 
19 8 29 34 9 2 15 14 14 
30 35 30 19 35 11 12 13 4 
4 30 27 9 19 18 23 19 17 
9 8 23 12 3 32 22 22 8 
36 30 29 34 10 14 26 35 22 
28 16 19 18 34 5 10 25 23 
25 15 18 13 20 12 20 34 15 
10 34 15 21 9 18 27 32 36 
14 20 13 3 8 23 9 3 21 
32 2 16 32 24 26 28 1 27 
11 17 6 36 32 17 2 28 7 
31 28 30 26 1 16 33 14 1 
34 13 22 7 19 28 24 4 19 
30 36 33 19 6 7 29 29 12 
3 4 17 27 11 3 16 30 25 
13 6 28 35 13 11 21 11 13 
7 12 10 16 26 6 15 26 5 
15 14 36 10 15 15 35 15 6 
21 3 5 24 29 25 25 5 34 
26 10 2 30 22 8 3 6 18 
16 24 25 15 23 29 13 21 14 
8 27 35 6 36 20 5 13 16 
20 19 21 25 25 36 6 16 24 
6 32 32 5 17 10 12 2 28 
17 22 12 17 18 9 1 20 3 
35 5 3 1 21 27 36 8 2 
4 23 26 9 28 35 32 19 35 
24 9 1 2 7 31 8 10 11 
18 25 7 8 12 33 17 7 10 
19 21 24 22 33 34 30 27 31 
23 1 27 28 30 21 11 9 29 
22 18 8 29 5 30 23 23 33 
29 29 4 11 4 13 34 18 26 
12 11 11 23 31 4 14 24 4 
5 33 14 14 16 24 4 33 17 
33 35 34 33 35 19 31 36 20 
2 26 20 20 2 2 7 31 9 
27 31 9 4 14 22 19 12 32 
5 31 4 23 31 25 36 22 6 
21 11 9 29 7 27 33 23 5 
3 6 6 28 14 7 24 15 7 
23 19 1 22 25 10 2 1 25 
7 8 29 4 3 17 34 25 29 
15 5 16 6 13 34 12 19 8 
33 24 26 30 20 36 9 17 18 
14 28 21 35 34 29 7 21 22 
1 1 19 12 33 5 29 13 36 
28 10 12 25 19 28 35 14 20 
36 15 10 18 27 31 11 7 15 
2 27 34 13 15 1 21 27 30 
29 20 3 15 32 16 14 24 3 
31 33 22 11 23 33 1 34 11 
10 26 32 20 4 26 3 30 24 
11 30 13 21 9 9 5 18 21 
34 2 11 17 11 32 20 31 12 
24 21 2 34 5 23 16 9 34 
4 35 15 26 10 2 17 3 1 
13 32 14 27 8 24 30 28 2 
27 16 27 5 24 6 15 26 28 
35 4 23 2 17 3 27 29 9 
17 23 25 1 28 12 31 5 32 
6 36 30 3 22 22 25 20 35 
25 25 33 9 30 15 8 8 26 
26 9 5 24 1 4 23 12 23 
30 17 31 36 26 20 10 35 10 
32 7 24 32 21 18 4 11 16 
16 18 8 16 12 8 28 36 31 
9 13 18 7 35 35 19 33 13 
12 14 28 10 6 13 6 32 17 
20 34 20 33 2 21 13 4 27 
18 29 35 19 29 11 26 6 14 
22 3 17 14 18 30 22 10 19 
19 22 36 31 16 19 18 16 4 
13 14 29 17 5 22 7 28 36 
20 30 9 32 15 17 28 27 28 
19 19 27 6 10 15 36 19 26 
34 7 22 24 11 14 3 31 4 
17 15 20 22 31 20 1 13 32 
24 2 11 28 2 32 5 32 1 
12 4 24 19 21 30 12 29 2 
16 8 3 36 25 5 8 22 23 
10 6 18 9 26 8 25 7 15 
8 27 14 4 29 19 13 35 24 
3 29 28 3 16 26 11 26 17 
2 22 5 21 3 12 27 5 33 
36 32 16 35 23 10 29 23 14 
23 1 6 11 8 31 6 4 27 
31 21 36 14 36 7 31 36 19 
1 28 2 34 6 16 21 1 20 
11 31 17 12 19 21 16 30 10 
35 12 30 1 30 2 26 25 9 
22 20 4 33 35 33 20 14 29 
9 34 32 7 7 18 14 12 8 
18 13 35 30 27 1 4 24 21 
7 23 7 25 9 23 24 9 16 
25 33 26 23 24 13 33 33 31 
4 5 12 27 13 3 32 11 6 
32 16 1 20 14 9 17 8 13 
15 11 8 8 1 25 19 2 3 
28 26 33 15 33 24 18 16 35 
33 18 31 16 18 29 15 34 7 
21 24 23 5 12 36 10 20 5 
14 36 15 13 32 11 9 15 22 
30 35 25 26 34 6 22 3 34 
29 3 21 10 17 28 2 21 18 
27 10 13 31 20 34 34 6 12 
26 9 19 18 22 4 30 10 30 
5 25 34 29 4 27 35 18 25 
23 11 22 15 3 11 20 26 17 
24 10 16 20 17 34 7 5 30 
34 13 36 4 15 18 3 29 9 
15 31 10 16 16 21 12 2 2 
19 14 28 17 12 35 35 36 29 
22 19 20 26 20 5 26 17 15 
26 9 9 6 29 19 31 7 28 
18 2 12 36 2 32 9 22 33 
8 28 23 14 9 10 16 28 1 
32 20 17 23 8 7 33 18 5 
21 34 11 30 7 27 1 19 27 
36 27 29 29 4 28 17 12 31 
5 6 18 19 18 17 15 32 11 
6 7 25 21 36 3 18 8 24 
4 4 13 25 30 16 14 13 32 
14 23 15 7 5 24 2 34 12 
29 3 30 34 33 36 30 25 26 
10 24 35 24 35 26 29 10 22 
7 26 8 2 10 31 10 3 19 
9 22 5 28 24 13 27 30 16 
35 32 7 35 28 23 8 35 23 
33 29 27 5 6 9 24 4 34 
13 30 33 31 25 22 5 20 36 
27 8 21 11 26 30 23 9 21 
28 17 6 27 23 15 4 14 7 
31 36 19 33 19 8 34 33 10 
2 16 24 18 27 20 19 31 13 
12 25 26 32 34 14 22 27 3 
30 21 2 3 31 12 25 23 6 
3 18 34 8 14 4 28 6 8 
16 1 32 22 1 29 21 21 14 
25 5 31 9 22 2 36 15 18 
17 33 3 10 21 25 32 1 25 
1 35 1 12 11 33 13 24 35 
11 15 14 1 32 1 6 11 20 
6 23 9 2 17 21 10 24 19 
19 27 31 31 34 31 32 10 29 
8 31 19 17 21 14 19 28 11 
2 34 30 14 5 16 16 4 35 
35 13 12 3 36 13 36 3 26 
7 25 28 12 24 20 35 6 27 
4 6 17 8 8 3 24 18 23 
34 32 4 30 9 30 15 11 12 
14 11 3 15 28 26 20 26 5 
28 2 15 18 4 7 1 5 21 
18 29 6 32 23 36 9 27 7 
1 20 11 21 10 5 22 32 1 
23 5 21 24 14 15 7 19 2 
29 15 13 10 20 18 3 1 30 
32 35 29 25 16 11 26 33 4 
20 33 10 22 1 35 27 31 9 
15 9 14 36 27 23 25 16 20 
24 24 8 6 22 6 6 12 31 
11 17 1 9 33 25 33 29 36 
3 22 36 33 13 28 31 9 15 
26 14 22 26 30 19 30 25 33 
17 7 25 11 31 9 11 17 32 
36 4 18 13 26 29 34 15 8 
10 21 23 20 15 34 18 35 6 
21 18 33 1 29 8 21 34 24 
33 26 27 23 2 24 28 2 13 
27 28 5 34 6 4 14 13 34 
5 1 2 16 7 10 17 20 25 
30 16 24 35 18 33 8 14 16 
12 3 32 19 11 17 5 30 10 
31 19 7 7 32 27 23 36 28 
16 8 34 29 3 2 2 8 17 
13 36 20 27 25 1 4 23 3 
22 12 16 5 12 22 29 21 14 
9 10 35 28 19 32 13 7 22 
2 30 22 35 9 16 10 33 36 
5 8 31 10 27 17 5 24 11 
9 17 24 17 22 2 26 8 18 
18 9 34 15 12 3 31 35 3 
11 31 20 2 34 32 3 18 4 
31 35 15 1 13 22 14 6 24 
24 27 32 24 4 7 18 19 10 
19 19 12 29 7 36 36 13 26 
22 11 17 5 6 5 23 12 29 
23 15 36 33 10 9 32 2 31 
3 4 1 21 20 25 13 29 14 
15 36 3 4 26 20 33 28 22 
29 16 29 18 32 30 19 21 1 
20 34 8 26 28 21 22 22 30 
12 29 25 9 2 18 17 32 5 
34 28 30 28 23 11 4 27 33 
16 1 14 25 1 8 35 7 9 
10 22 23 32 14 27 8 31 32 
7 26 19 19 31 34 1 1 27 
21 32 21 36 11 23 9 9 20 
26 21 33 6 35 13 30 17 6 
8 12 9 13 29 24 25 11 12 
27 33 26 27 30 29 7 4 19 
4 14 11 3 19 19 21 34 16 
25 5 5 22 21 14 29 14 21 
13 10 6 34 24 28 2 3 8 
28 6 7 14 16 6 24 25 2 
17 2 13 20 18 15 15 23 34 
1 18 10 8 36 4 16 30 7 
6 20 28 12 33 33 11 15 25 
33 13 35 11 3 26 20 5 15 
30 7 18 31 15 10 28 36 17 
36 24 2 16 25 35 27 16 13 
14 23 4 23 17 12 34 20 23 
35 25 16 7 5 31 12 10 35 
36 16 4 11 4 24 3 35 35 
31 17 34 16 16 34 12 18 29 
35 23 13 10 13 8 33 1 8 
21 20 27 6 2 35 14 17 18 
28 6 22 12 1 5 22 14 7 
25 8 36 9 14 15 7 34 30 
9 22 32 26 30 26 17 21 32 
24 26 7 30 33 6 1 24 19 
32 15 30 34 9 29 15 6 16 
34 35 3 24 11 27 35 3 20 
4 14 17 2 5 18 8 4 15 
22 29 5 27 19 13 2 2 26 
19 12 29 14 26 36 4 16 28 
17 7 12 28 24 9 11 15 12 
33 18 14 20 6 33 24 29 2 
14 11 6 33 25 1 18 23 36 
3 33 11 13 15 2 28 7 17 
2 3 21 5 10 10 6 12 13 
13 10 31 23 22 31 36 11 5 
10 31 15 17 31 30 23 31 4 
30 36 18 15 21 7 27 19 11 
18 9 33 29 18 14 31 13 6 
6 19 19 22 7 12 16 26 3 
1 25 26 25 3 16 20 8 1 
29 30 28 3 36 25 29 36 27 
5 34 2 4 32 22 34 20 31 
27 4 25 21 35 21 5 28 33 
23 27 16 19 34 20 21 33 23 
16 28 10 35 28 19 19 5 10 
26 24 35 1 29 17 26 25 14 
11 21 20 31 23 11 13 22 34 
8 5 24 8 8 3 25 9 24 
12 1 23 32 20 28 32 10 21 
7 32 8 36 12 23 10 27 22 
20 2 9 18 27 32 9 30 25 
4 26 34 1 24 19 29 35 31 
31 22 25 36 10 15 34 25 17 
8 8 27 7 23 23 25 36 20 
11 34 36 2 17 25 28 20 36 
17 13 29 27 7 35 33 31 22 
35 30 13 30 16 29 9 32 2 
10 4 30 11 2 14 17 15 5 
27 9 5 17 20 12 13 26 29 
30 31 18 13 26 36 20 17 30 
26 14 11 9 33 4 30 3 14 
1 19 8 16 25 18 22 21 1 
21 2 21 8 36 28 2 19 28 
22 32 15 14 4 1 11 7 12 
25 16 33 21 6 22 6 10 25 
5 5 19 3 32 6 8 30 27 
23 27 17 26 15 31 16 1 3 
14 21 3 29 28 17 18 11 15 
19 12 23 15 22 8 7 34 26 
28 6 16 6 30 26 32 4 24 
13 20 1 5 9 2 24 22 33 
34 29 9 20 18 11 31 28 6 
15 3 31 12 5 16 4 29 34 
3 7 10 18 13 33 26 6 21 
36 33 24 4 8 13 14 8 32 
6 17 12 22 3 34 23 24 4 
2 15 4 34 12 24 21 5 35 
33 18 22 24 19 32 35 14 23 
20 36 26 35 11 3 27 2 19 
29 10 14 10 35 27 19 33 11 
12 24 7 32 21 30 3 9 7 
9 23 6 31 14 7 12 27 10 
7 28 32 19 1 21 15 12 13 
32 1 2 23 31 5 5 16 9 
24 25 20 28 27 20 10 18 16 
18 35 35 25 34 10 36 13 18 
13 19 11 13 12 27 20 36 16 
8 5 31 1 36 24 32 34 12 
14 32 1 21 28 35 8 16 29 
5 16 30 25 33 17 19 12 6 
20 11 26 29 35 19 24 2 11 
11 33 15 34 23 16 17 19 19 
2 18 14 26 22 36 36 5 18 
30 3 2 28 26 25 21 7 7 
10 8 20 32 10 2 22 3 13 
32 10 8 14 27 20 5 29 27 
35 28 12 16 16 10 15 8 3 
29 36 33 33 15 34 28 24 32 
19 26 27 15 9 26 10 18 21 
31 6 34 12 34 31 1 9 35 
21 14 28 6 14 4 6 21 20 
4 1 36 7 1 18 35 1 25 
28 7 13 30 3 32 16 17 8 
33 17 3 11 29 9 18 27 1 
16 35 4 9 7 11 27 33 24 
12 22 19 22 6 33 25 28 23 
24 9 21 31 2 8 31 22 22 
15 30 6 20 11 12 26 32 5 
18 15 10 18 20 22 7 25 4 
22 2 29 2 21 29 23 23 10 
9 21 23 8 17 30 30 31 31 
26 24 32 35 25 3 14 15 9 
23 27 22 10 13 21 2 20 2 
3 23 16 4 5 1 13 13 14 
1 4 5 5 30 14 29 6 30 
17 25 25 3 24 13 12 26 17 
36 29 17 23 4 23 3 14 33 
34 34 35 24 8 7 34 30 28 
27 31 9 36 31 28 4 11 15 
6 12 7 27 18 5 11 4 36 
7 20 24 19 32 15 9 35 34 
31 12 21 16 36 3 31 21 12 
28 16 12 14 17 33 7 12 14 
7 17 13 26 1 29 21 14 15 
36 28 9 27 19 25 10 15 6 
29 10 4 6 35 19 34 4 29 
34 26 33 22 25 8 33 20 35 
5 29 6 4 2 34 20 25 3 
3 34 15 23 6 1 27 36 36 
24 6 5 7 16 28 28 31 30 
12 23 10 5 3 27 30 3 10 
17 15 24 34 26 32 11 28 17 
25 14 29 11 31 21 15 33 23 
21 3 16 15 11 14 17 24 25 
27 27 27 13 7 7 14 6 22 
20 18 30 24 18 30 16 30 20 
22 1 3 19 33 15 13 29 16 
30 32 19 18 5 5 5 19 1 
9 19 17 25 13 12 9 35 31 
4 2 11 32 8 11 6 9 2 
18 8 20 2 24 9 23 26 27 
26 24 2 10 22 26 32 34 32 
35 36 1 12 30 36 3 2 4 
23 22 25 20 23 4 18 27 13 
19 9 36 21 15 6 35 10 24 
10 5 26 33 12 18 25 8 34 
13 13 28 17 10 23 12 13 26 
2 31 23 3 29 17 22 22 28 
33 4 34 29 34 10 29 11 8 
6 25 18 35 9 24 36 1 9 
14 21 35 9 14 2 19 7 33 
8 11 22 36 27 35 4 23 7 
16 30 8 30 4 22 8 17 21 
11 35 14 8 32 16 26 32 19 
15 33 7 31 28 13 1 18 18 
32 7 31 1 21 20 2 16 11 
9 16 24 27 5 16 32 25 5 
30 21 28 16 26 12 31 34 18 
17 19 13 18 25 34 18 12 12 
8 6 20 15 20 17 30 27 11 
33 36 26 35 31 7 14 14 34 
31 34 12 1 4 18 22 13 9 
32 20 9 12 3 36 36 8 24 
18 8 29 23 18 1 12 26 14 
27 22 23 34 24 24 16 24 23 
10 4 30 8 17 35 29 19 15 
29 27 17 17 1 8 7 22 3 
22 13 6 4 12 13 15 5 10 
20 23 5 6 10 14 33 32 13 
25 30 11 20 23 6 19 7 26 
13 31 32 10 27 26 34 29 27 
34 10 14 19 33 10 11 10 1 
24 14 7 13 7 2 10 3 30 
1 15 21 26 30 31 24 11 8 
3 29 10 7 16 33 8 15 25 
7 1 19 25 28 19 17 21 2 
19 32 27 9 29 20 3 30 7 
36 7 34 5 11 27 13 35 21 
2 2 8 32 32 5 4 31 31 
12 24 31 28 8 22 9 2 28 
11 11 15 14 15 29 23 23 29 
6 18 1 24 6 23 35 18 17 
4 12 33 31 21 4 21 16 22 
14 9 35 33 34 11 25 33 20 
35 17 18 36 14 21 20 1 35 
21 35 4 22 13 32 6 4 16 
28 5 36 2 9 15 26 28 4 
23 3 22 29 19 25 5 17 32 
15 26 3 11 2 3 1 9 19 
16 25 25 3 35 30 2 36 6 
26 28 2 30 36 9 27 6 33 
26 18 31 35 32 20 17 17 34 
31 1 15 10 1 26 1 9 20 
4 13 2 2 2 17 6 36 26 
17 35 34 20 36 33 16 29 10 
6 3 27 7 14 13 35 34 15 
28 12 26 23 3 36 11 32 18 
27 32 7 8 18 7 33 6 31 
21 11 22 12 19 16 13 16 24 
32 14 35 19 20 8 15 30 12 
25 34 3 17 6 19 10 1 22 
8 4 8 25 21 23 4 27 33 
10 31 19 15 29 9 21 19 27 
16 25 32 28 27 5 2 7 32 
3 5 28 30 16 12 32 11 25 
18 24 13 29 22 6 24 14 5 
20 23 21 1 30 15 29 22 2 
30 9 23 32 33 14 9 35 6 
13 33 30 33 24 2 25 3 30 
22 36 10 11 4 32 22 15 3 
12 29 16 27 7 25 8 8 17 
34 20 4 4 34 4 19 24 11 
23 8 24 3 28 10 30 20 1 
15 19 14 5 12 11 18 10 16 
29 30 25 18 23 28 34 13 21 
24 16 18 31 15 1 26 5 29 
11 28 1 6 26 34 23 31 14 
14 2 6 36 17 35 36 28 8 
5 7 20 24 35 22 5 26 36 
2 21 36 9 11 24 20 25 35 
36 10 9 14 13 3 31 18 28 
35 22 33 26 8 29 14 33 7 
7 26 12 22 10 27 27 2 23 
1 15 5 16 25 18 12 23 19 
19 17 29 13 5 30 7 12 4 
9 6 11 21 31 21 28 4 9 
12 24 25 25 7 19 27 32 20 
19 12 34 23 34 30 18 31 21 
34 4 21 14 3 32 10 29 17 
24 22 24 30 17 10 28 23 9 
31 33 5 32 27 7 32 2 10 
16 2 32 19 1 36 36 34 27 
2 7 26 7 10 14 12 14 18 
22 11 13 34 26 31 1 3 19 
15 28 19 36 28 28 31 15 33 
32 3 31 20 30 4 35 30 25 
4 14 18 3 33 16 2 16 34 
21 26 35 33 22 6 5 24 13 
30 6 2 11 12 18 22 10 15 
18 20 20 5 15 29 20 13 31 
36 32 23 24 6 8 14 20 5 
13 18 36 10 8 22 21 9 1 
6 35 28 21 16 26 9 8 2 
17 8 16 35 21 15 34 22 23 
35 15 30 15 36 5 7 17 30 
29 30 7 13 23 25 33 12 29 
3 19 29 9 19 13 8 7 7 
33 23 3 28 14 24 11 27 24 
14 10 27 2 32 27 6 5 14 
10 16 11 6 18 17 16 26 12 
28 31 12 18 4 33 15 35 36 
7 36 4 26 24 35 13 11 28 
25 25 10 12 2 34 29 4 3 
20 34 33 22 25 20 23 1 22 
27 13 8 16 35 9 24 33 26 
5 1 14 17 5 1 19 21 4 
8 5 15 31 20 3 3 19 35 
1 27 9 8 9 11 17 18 6 
26 29 6 1 11 21 4 36 8 
23 9 17 27 13 2 25 25 16 
11 17 1 29 29 12 26 6 11 
33 11 12 26 6 3 24 32 11 
28 9 18 9 10 21 11 15 22 
36 12 11 21 12 28 30 5 23 
34 2 29 20 8 30 29 7 36 
13 18 31 11 7 7 7 2 26 
24 35 23 25 23 34 32 27 31 
8 28 30 10 31 24 33 9 15 
11 16 20 36 20 6 8 8 8 
7 30 6 29 14 20 36 11 5 
27 33 10 35 28 12 12 17 29 
30 32 21 34 22 14 13 12 3 
6 21 32 5 19 1 31 24 18 
35 7 15 16 24 32 27 3 35 
4 23 36 18 29 23 2 22 13 
29 36 27 13 26 36 1 23 9 
1 3 16 15 33 26 25 4 7 
15 6 13 1 5 19 34 36 34 
26 26 22 32 11 13 20 34 33 
2 17 35 28 1 25 3 1 1 
9 15 33 17 4 2 18 19 27 
23 14 34 27 25 15 9 21 16 
31 34 14 33 36 5 6 16 14 
16 4 4 22 17 9 22 25 24 
32 20 3 19 21 18 21 13 28 
3 29 7 30 35 29 4 29 10 
10 31 17 7 30 16 23 28 2 
14 10 28 12 9 4 28 10 25 
5 8 2 2 32 8 16 26 19 
18 24 8 8 3 33 15 30 6 
20 22 25 14 2 31 14 20 4 
25 27 24 23 27 10 19 18 17 
22 5 1 4 34 22 5 31 32 
21 19 26 24 18 11 26 33 21 
12 13 9 3 13 17 35 6 12 
17 25 5 6 15 35 10 35 20 
25 10 12 31 35 8 18 17 15 
29 30 29 15 27 7 30 33 36 
8 25 2 3 26 16 3 24 20 
7 28 4 6 25 4 26 30 14 
23 34 23 36 13 11 22 8 34 
19 26 9 8 28 22 35 15 12 
11 21 28 21 19 14 36 22 5 
34 29 24 33 14 30 17 34 2 
15 5 26 25 3 20 12 29 18 
32 32 1 2 4 17 24 11 25 
20 1 27 34 33 35 27 13 32 
5 24 5 19 36 13 32 3 23 
6 13 13 28 7 33 16 9 19 
10 8 20 13 11 36 4 25 24 
14 33 16 26 22 34 8 35 16 
36 12 32 18 8 23 33 32 6 
2 4 30 24 15 26 34 21 9 
13 15 18 20 10 19 28 14 1 
35 31 25 7 20 15 1 7 27 
26 18 21 22 17 3 13 19 29 
27 35 31 16 6 29 2 23 26 
9 36 11 32 31 32 21 18 10 
30 27 33 11 29 5 20 31 22 
12 17 7 27 32 18 23 16 7 
17 14 22 1 16 6 5 12 17 
1 22 35 5 24 12 31 1 11 
21 9 15 12 1 24 9 4 4 
22 6 36 17 30 21 11 28 13 
4 11 34 35 12 10 14 20 21 
18 16 10 14 9 31 29 26 30 
16 20 8 29 21 25 7 5 28 
3 2 19 23 34 28 25 6 31 
31 23 6 10 18 2 10 10 3 
24 19 14 30 5 9 6 36 35 
33 7 3 4 23 1 19 2 8 
18 26 7 25 12 7 7 14 5 
32 19 10 31 21 35 2 29 10 
15 25 34 27 17 19 15 9 32 
25 24 12 13 26 29 20 3 28 
5 12 18 10 3 27 11 34 36 
23 10 15 11 15 14 33 26 12 
34 11 8 14 30 22 22 8 27 
6 29 4 35 16 5 36 17 15 
14 34 30 5 5 18 29 30 8 
10 4 29 1 23 23 35 27 18 
8 36 11 33 13 26 14 1 1 
2 28 1 2 27 21 34 15 23 
16 31 6 7 33 16 28 32 34 
13 33 9 17 22 31 16 36 16 
12 18 20 4 36 34 13 10 26 
21 21 32 36 32 15 17 21 24 
26 30 22 32 35 6 18 4 4 
22 13 13 34 34 32 9 20 30 
9 9 35 24 28 20 31 28 20 
19 20 19 22 10 30 23 18 9 
3 7 17 6 8 36 21 22 25 
27 6 3 16 19 25 26 5 2 
1 16 31 3 9 13 4 23 22 
36 5 36 21 31 11 30 2 29 
30 23 33 29 2 1 10 31 3 
4 2 24 18 18 2 24 12 35 
20 8 5 12 20 17 3 11 21 
33 27 26 23 7 24 19 24 11 
7 32 23 19 14 33 27 16 7 
31 1 27 15 29 28 25 25 13 
17 14 16 8 6 10 5 35 14 
29 17 2 30 11 9 6 6 6 
35 22 14 20 24 4 1 7 31 
24 35 21 26 25 3 8 33 19 
11 3 28 9 4 12 32 13 17 
28 29 7 11 27 14 17 7 20 
18 28 3 27 19 16 22 10 29 
2 5 10 13 4 23 18 4 30 
21 25 35 24 10 17 27 25 35 
9 18 26 32 5 12 31 23 23 
5 26 31 3 20 6 30 18 1 
26 24 33 15 31 2 24 24 15 
16 2 14 14 35 32 4 30 4 
1 14 32 1 16 29 32 2 25 
10 15 5 17 9 31 33 34 22 
11 20 22 28 32 7 6 31 6 
4 35 16 30 36 9 1 19 8 
36 19 9 36 33 28 16 33 24 
22 27 27 18 3 19 21 13 33 
12 8 36 9 13 36 8 17 28 
27 33 20 21 24 20 23 12 36 
14 16 12 33 11 11 7 35 27 
7 10 8 35 7 4 15 27 19 
34 22 25 12 30 21 5 3 3 
31 17 1 16 18 33 29 29 7 
19 13 4 26 29 10 3 22 2 
25 23 28 4 2 5 11 16 21 
8 30 15 7 14 24 19 15 11 
29 36 29 10 25 8 10 5 18 
13 34 19 2 23 30 36 6 34 
30 9 23 20 1 35 25 14 10 
35 7 30 6 8 22 14 26 26 
24 6 11 34 28 25 28 9 16 
32 31 24 29 6 3 20 20 13 
20 1 21 8 22 26 26 36 12 
6 3 6 19 21 18 34 11 14 
23 32 13 22 26 15 9 21 32 
15 11 34 5 12 13 12 28 5 
3 4 17 31 15 1 13 8 31 
17 21 18 23 34 27 2 1 17 
4 14 28 4 5 35 24 24 12 
33 5 30 19 24 6 5 29 24 
12 25 11 20 7 26 6 12 31 
28 32 23 25 25 21 3 4 10 
26 36 12 26 11 8 17 20 4 
25 20 22 7 32 14 18 13 22 
31 4 34 2 34 13 31 18 21 
6 31 20 13 27 1 4 30 26 
8 23 33 33 1 4 13 27 32 
24 27 6 36 20 10 34 3 34 
1 16 2 6 29 32 20 10 13 
35 6 13 35 6 17 19 16 30 
20 3 16 24 28 33 15 2 16 
21 17 31 1 4 30 26 11 33 
3 10 7 5 9 9 33 5 14 
10 8 15 9 16 16 25 34 11 
34 28 17 29 31 19 29 33 18 
36 13 4 12 23 36 9 9 9 
7 7 8 16 3 28 11 7 1 
11 1 27 34 15 18 22 22 27 
23 32 24 1 23 6 19 8 4 
34 15 36 4 21 4 26 2 3 
15 12 27 25 33 2 8 32 16 
20 6 9 19 19 5 20 11 19 
27 13 30 36 12 21 35 36 6 
32 2 27 10 15 13 27 29 24 
28 4 17 5 12 13 7 22 21 
30 10 29 30 32 4 34 19 34 
36 2 3 28 28 21 35 25 6 
36 6 1 11 5 36 26 9 21 
1 7 31 31 27 1 18 17 30 
8 12 7 8 36 14 32 2 33 
6 17 10 2 28 35 23 17 11 
20 12 4 13 13 6 11 16 4 
25 30 26 4 35 12 12 22 18 
32 3 27 30 8 1 6 26 28 
15 13 1 7 17 4 30 32 9 
16 11 28 33 29 9 1 23 8 
25 13 18 17 19 6 33 10 26 
1 20 32 28 20 31 24 5 5 
5 33 16 21 22 28 28 20 36 
33 27 17 34 9 31 3 21 13 
9 21 22 4 31 23 30 28 32 
19 1 19 31 16 27 17 14 30 
28 3 17 9 2 27 15 27 33 
28 15 25 28 1 8 12 19 33 
33 12 2 25 17 34 35 32 9 
15 35 19 32 26 23 12 1 23 
7 7 28 36 35 12 22 32 23 
18 33 15 8 1 33 27 2 10 
2 16 11 30 25 33 23 5 18 
30 10 22 5 32 26 8 21 18 
18 14 32 2 36 3 5 30 23 
26 9 12 12 33 19 14 16 23 
22 26 25 18 15 12 12 26 34 
18 15 11 28 15 32 17 28 13 
5 34 5 8 17 18 5 17 22 
20 35 21 26 24 17 3 20 7 
13 20 5 13 32 22 8 34 5 
22 14 11 17 5 26 31 31 20 
16 6 32 33 19 13 18 29 19 
3 22 4 25 9 36 24 26 30 
33 22 11 1 20 24 1 8 16 
36 11 16 30 19 8 2 13 25 
32 35 12 3 33 10 2 22 5 
7 8 9 29 7 5 28 35 18 
26 5 30 28 9 28 30 1 26 
13 32 28 4 11 34 7 28 1 
23 25 9 12 12 26 22 32 22 
2 29 28 29 24 31 11 23 36 
27 32 10 33 36 11 30 25 29 
6 1 23 16 1 32 6 17 7 
31 35 4 11 16 5 34 14 35 
27 1 30 24 17 10 33 25 27 
12 11 6 4 14 28 2 7 30 
20 23 34 11 28 13 9 28 29 
19 12 19 28 25 2 10 35 15 
36 4 13 6 24 33 10 21 11 
33 20 16 20 3 32 11 27 9 
6 33 32 4 5 33 7 12 1 
1 2 15 9 7 14 6 10 3 
16 21 20 13 33 2 14 17 17 
24 24 4 7 3 2 22 23 9 
13 1 25 26 20 19 23 27 34 
36 20 20 22 20 12 30 1 36 
23 29 36 4 29 24 19 8 4 
15 3 11 8 6 32 29 22 31 
11 26 21 34 35 12 14 8 15 
33 7 16 10 7 3 17 25 27 
29 16 21 28 13 34 5 12 15 
8 30 30 24 16 19 34 10 6 
33 28 20 8 36 23 19 26 36 
12 23 15 35 30 4 21 28 5 
7 5 18 17 21 30 28 8 35 
29 15 33 29 6 18 31 35 12 
18 8 2 23 24 13 20 8 14 
17 13 21 13 11 18 25 9 31 
6 10 36 5 33 14 1 36 11 
5 29 9 11 22 35 32 11 3 
3 13 27 21 28 34 30 22 25 
36 16 35 33 17 8 17 15 3 
13 23 24 34 18 36 21 16 35 
12 29 1 17 2 30 30 11 13 
7 12 6 25 21 27 26 7 23 
32 18 1 25 36 10 3 21 1 
3 15 3 35 15 34 32 7 8 
5 32 14 8 23 28 16 33 12 
11 2 29 23 27 6 12 21 5 
21 10 30 15 34 11 26 26 32 
5 9 36 4 19 2 2 13 32 
9 13 17 7 1 25 30 36 9 
35 9 7 6 14 35 34 18 34 
18 34 6 30 11 20 25 1 34 
8 16 19 10 1 30 18 19 35 
21 27 34 24 13 2 8 14 11 
20 35 6 25 33 13 18 30 33 
27 3 4 11 12 11 15 10 5 
34 4 21 25 28 10 28 33 27 
36 1 14 2 29 26 1 3 10 
20 3 26 30 14 11 23 29 14 
36 8 18 22 26 13 16 16 5 
8 20 34 12 24 19 25 7 21 
18 2 13 15 31 31 2 9 33 
4 18 35 10 33 30 14 16 33 
9 23 9 1 20 12 30 15 24 
1 25 1 21 12 33 8 21 9 
1 27 11 13 15 32 20 19 3 
20 27 35 3 1 32 29 13 1 
21 5 30 28 27 20 19 14 31 
29 36 8 32 21 1 33 23 21 
2 6 19 6 31 23 31 27 33 
9 6 32 28 28 13 9 10 15 
3 20 17 35 34 15 1 7 10 
7 16 4 23 7 28 23 17 28 
23 8 34 22 25 4 36 29 36 
11 22 18 24 30 29 14 13 5 
34 31 5 21 23 17 8 7 31 
20 35 13 25 35 19 31 34 11 
22 15 2 8 9 32 12 19 36 
23 11 27 35 32 13 16 2 9 
28 33 21 19 11 16 2 11 14 
3 28 21 1 7 27 29 1 20 
3 1 32 11 6 35 5 35 34 
21 8 30 12 21 32 25 34 6 
22 29 35 32 19 15 25 30 6 
36 29 8 10 24 26 29 7 23 
34 10 11 2 3 9 20 15 25 
36 22 18 15 35 3 1 35 11 
5 22 4 19 2 9 35 17 26 
8 1 14 29 20 20 16 12 31 
23 12 20 9 25 30 5 31 7 
22 19 5 33 13 24 25 35 6 
25 36 23 34 29 30 1 32 9 
21 24 22 10 13 26 22 30 19 
36 26 11 26 33 24 13 13 21 
2 17 35 30 19 12 2 26 12 
29 30 35 24 12 14 5 16 29 
27 19 6 34 20 27 19 11 8 
5 13 19 36 18 21 23 9 19 
7 30 1 32 13 5 22 7 19 
26 6 30 26 4 25 1 10 19 
15 8 10 4 9 7 24 21 10 
28 30 12 5 34 34 9 25 7 
3 34 34 33 26 5 6 12 24 
22 19 21 14 25 9 7 29 19 
1 32 5 33 28 11 30 8 13 
30 14 14 3 23 29 35 7 19 
6 21 6 30 31 2 22 15 11 
34 5 12 15 27 5 24 36 34 
8 32 7 24 16 23 31 23 8 
19 19 23 36 1 10 16 10 20 
31 22 13 9 30 17 34 4 13 
29 19 5 29 5 14 1 22 8 
18 31 10 10 7 23 34 24 10 
11 7 35 35 3 1 26 17 6 
20 14 11 6 14 15 6 31 19 
19 35 24 23 17 10 15 5 7 
2 2 10 22 17 1 23 25 30 
16 9 30 27 7 30 35 4 5 
8 35 22 11 36 27 35 14 13 
11 8 1 29 20 17 31 9 32 
13 22 17 14 28 8 8 9 1 
4 6 24 32 6 29 14 23 31 
34 13 33 21 19 32 36 18 34 
1 9 28 36 12 1 18 20 26 
8 18 21 31 34 1 15 2 1 
1 26 18 28 17 23 11 15 1 
12 8 32 20 11 4 10 32 14 
6 28 16 11 1 6 31 1 21 
6 12 5 9 13 16 30 17 16 
30 26 27 33 12 14 7 15 25 
27 14 1 19 12 7 5 19 29 
20 25 17 9 28 35 7 14 6 
36 23 18 14 16 14 19 32 2 
26 14 35 5 27 6 27 27 1 
8 17 22 12 12 32 8 33 27 
28 9 24 15 23 32 31 26 10 
15 34 17 21 28 6 15 34 1 
15 32 18 27 1 14 33 19 9 
14 6 25 34 16 6 19 16 22 
32 3 12 24 19 23 11 1 6 
10 2 13 10 27 28 7 16 21 
33 30 29 21 24 3 34 36 17 
9 30 21 17 11 27 2 1 16 
29 27 30 32 11 6 8 33 24 
11 8 12 3 4 14 28 3 21 
28 30 13 9 18 27 34 19 36 
5 13 22 21 25 36 3 27 18 
27 2 19 7 4 29 2 3 2 
21 25 12 28 29 3 31 23 11 
18 7 23 1 15 1 35 32 7 
32 7 16 11 9 3 7 17 32 
20 19 13 27 1 20 7 1 5 
2 5 21 17 10 10 33 23 24 
4 11 36 17 9 9 5 10 18 
36 30 19 3 1 32 36 30 16 
31 3 8 30 3 18 22 9 35 
20 3 18 2 35 32 14 32 28 
27 5 25 8 28 27 1 36 25 
15 6 13 14 34 11 11 14 16 
31 20 21 15 4 9 19 22 4 
21 20 7 17 11 30 10 15 23 
13 19 8 4 12 31 9 7 15 
22 23 15 3 26 9 5 21 25 
29 16 20 7 8 28 12 19 23 
23 35 28 8 3 26 32 3 34 
2 21 13 25 2 5 5 8 33 
4 24 15 12 25 12 19 15 18 
26 19 29 36 28 14 19 22 15 
2 27 7 12 30 24 8 29 4 
24 33 11 6 20 19 2 5 31 
35 35 7 23 4 32 14 4 31 
17 7 30 11 30 25 29 2 36 
28 14 32 17 27 8 3 21 17 
19 20 24 8 29 28 3 35 18 
10 12 28 31 3 26 22 10 26 
27 4 19 21 19 33 26 29 2 
10 2 23 18 35 20 27 21 12 
23 22 25 5 8 18 5 9 25 
23 21 1 34 4 18 25 22 13 
4 34 22 7 23 7 27 7 17 
6 24 20 28 17 27 17 25 36 
4 29 2 28 33 1 27 20 8 
33 15 15 12 13 12 14 15 35 
3 16 4 29 24 34 21 14 9 
18 18 14 19 5 27 12 26 31 
14 29 24 7 10 15 9 11 29 
15 3 7 27 26 25 21 35 24 
20 25 26 1 22 19 3 17 29 
22 30 27 34 4 15 31 5 19 
8 33 10 32 6 3 33 13 23 
9 29 5 24 11 21 10 5 5 
18 8 19 3 20 2 2 21 9 
32 35 9 16 11 7 17 8 10 
31 36 25 8 33 5 32 10 2 
25 34 20 33 25 7 19 36 10 
18 16 31 5 2 27 30 13 33 
29 22 27 31 27 16 6 15 13 
19 6 8 2 19 1 28 17 27 
27 5 16 12 18 1 31 31 29 
17 13 10 2 1 26 33 27 36 
16 5 19 28 1 15 12 25 28 
29 10 6 31 26 8 16 5 13 
15 28 28 19 17 12 15 25 24 
18 31 30 1 25 7 9 9 35 
27 8 7 2 10 32 25 12 14 
15 2 34 30 30 12 24 13 34 
33 15 32 15 25 32 14 8 36 
28 24 27 35 6 4 35 18 4 
15 25 21 28 2 10 23 23 6 
24 2 23 13 17 3 12 34 27 
36 8 14 10 19 32 10 9 18 
36 9 6 29 18 31 28 15 20 
32 10 16 8 25 7 33 31 29 
21 16 28 27 12 29 36 25 32 
14 10 27 20 33 34 13 10 7 
2 3 34 29 34 3 8 34 13 
18 31 23 35 5 21 12 4 18 
16 13 26 35 16 31 26 7 14 
14 30 21 5 6 25 34 8 11 
14 32 34 6 7 24 10 4 23 
36 31 33 29 16 31 17 28 3 
5 9 22 12 13 5 20 32 15 
31 21 23 16 5 10 10 23 15 
30 19 23 32 7 16 22 24 33 
18 13 15 31 29 4 33 20 6 
34 34 28 6 8 21 5 1 11 
30 13 11 23 9 17 2 23 6 
18 36 34 7 4 6 36 4 26 
34 13 12 34 6 34 1 10 22 
12 27 32 14 21 36 4 15 36 
22 29 12 27 17 8 28 6 27 
11 36 13 10 7 22 21 24 28 
7 25 8 12 34 11 34 2 27 
17 13 36 26 16 10 20 16 20 
23 29 3 17 11 26 20 34 16 
4 14 20 16 30 33 17 20 9 
35 30 25 18 7 5 21 23 26 
19 4 9 19 11 22 18 34 23 
13 36 22 28 2 22 26 33 15 
26 31 18 27 12 2 15 16 4 
24 6 2 11 27 4 12 32 29 
30 8 15 11 29 19 19 28 23 
9 26 3 30 29 1 32 18 29 
35 1 16 13 5 6 33 10 29 
29 20 25 23 10 3 12 13 18 
32 31 20 27 24 19 9 24 23 
4 6 17 31 31 5 18 18 1 
36 28 26 22 2 32 11 10 31 
9 3 4 16 2 25 23 6 8 
8 34 17 28 12 1 32 17 1 
7 10 6 26 25 7 16 14 35 
19 24 25 21 34 30 21 3 14 
6 30 9 10 21 25 18 29 15 
4 8 6 2 4 4 35 19 9 
33 11 8 22 27 4 30 9 11 
30 13 5 35 22 23 28 24 1 
5 24 10 34 22 24 17 12 27 
17 7 31 18 22 8 25 8 22 
21 4 31 8 24 15 31 16 30 
27 9 14 21 22 4 23 34 23 
30 23 10 33 1 4 29 9 27 
7 33 22 32 15 11 13 27 29 
26 32 18 30 21 34 3 10 2 
15 6 28 21 19 26 13 15 36 
26 12 14 11 21 6 34 13 26 
1 19 33 23 12 7 10 35 34 
11 16 16 14 21 2 3 17 22 
16 24 25 29 15 17 30 29 10 
12 6 8 21 12 10 36 30 33 
25 18 14 7 17 8 28 1 15 
35 11 4 23 19 35 29 25 1 
24 33 19 17 34 34 8 15 24 
21 4 8 20 25 31 22 11 32 
7 2 35 19 14 28 26 20 22 
15 20 23 36 15 6 25 29 31 
23 31 20 32 11 30 10 27 14 
26 16 14 16 27 9 34 11 8 
10 35 34 11 35 9 14 16 5 
25 24 30 17 27 16 24 8 17 
5 36 31 7 28 24 12 18 33 
28 2 29 33 5 1 1 18 29 
31 21 15 32 24 28 8 16 7 
14 18 19 29 28 6 23 27 3 
9 36 27 35 7 10 1 20 30 
14 17 28 31 9 27 10 36 2 
22 13 36 16 8 21 34 32 22 
5 32 33 14 20 26 15 19 4 
8 8 2 9 20 2 31 22 34 
11 18 28 21 25 1 36 1 3 
23 1 24 3 15 33 6 16 7 
16 25 13 21 17 17 12 3 31 
23 34 23 1 13 22 12 11 30 
12 21 35 26 7 35 8 6 25 
28 5 35 24 6 24 23 12 32 
32 28 4 36 2 24 15 11 1 
19 24 27 2 23 19 22 10 8 
18 28 36 26 2 6 7 9 24 
20 16 31 31 26 18 30 36 19 
11 28 15 21 10 5 18 23 3 
13 14 10 27 16 4 5 23 34 
6 30 23 13 8 12 13 31 35 
5 4 10 3 17 36 25 23 32 
22 30 11 28 26 34 28 1 30 
6 23 9 31 36 25 23 34 12 
13 2 2 15 10 6 3 17 29 
34 26 20 18 12 13 22 28 33 
33 15 19 28 10 23 30 16 1 
7 5 3 16 31 26 35 35 32 
28 28 14 11 29 13 28 14 29 
1 8 25 35 31 23 11 30 7 
22 24 10 36 5 28 17 34 19 
16 27 5 10 36 20 5 3 6 
4 29 3 3 26 11 20 12 34 
5 4 20 34 33 27 22 31 2 
35 24 30 2 11 24 16 33 3 
8 5 30 6 36 7 4 22 26 
19 33 10 2 15 25 34 31 31 
21 24 14 17 30 13 29 28 17 
9 27 26 32 17 22 12 34 8 
36 29 14 12 7 30 31 27 36 
16 10 19 20 32 1 13 28 22 
30 13 27 13 6 18 10 33 12 
8 33 11 23 5 14 11 24 13 
19 33 5 19 20 14 27 6 17 
1 24 14 8 23 22 32 5 18 
8 7 16 19 15 10 6 35 20 
33 9 11 21 31 25 20 9 16 
18 12 28 6 28 13 35 4 22 
1 24 17 6 15 18 35 27 32 
33 1 18 18 5 33 3 2 5 
18 1 23 17 35 28 30 10 36 
19 31 24 34 6 27 15 28 36 
7 22 27 23 24 32 20 33 30 
4 36 18 6 9 32 34 14 18 
13 4 14 6 26 29 30 30 25 
8 17 11 13 26 36 32 5 32 
35 36 11 13 20 11 22 31 27 
7 9 29 35 17 28 32 31 9 
36 27 28 16 28 2 12 14 6 
21 3 33 25 2 18 25 27 8 
22 9 22 8 27 28 26 33 9 
31 18 18 11 32 20 26 25 25 
22 14 2 26 9 2 14 13 20 
31 17 18 4 9 2 2 10 17 
32 22 36 1 22 24 21 32 32 
3 13 5 17 28 24 21 15 4 
15 7 6 12 15 32 9 25 24 
16 9 23 3 3 6 25 5 31 
8 31 32 8 26 34 12 2 24 
8 29 10 6 33 6 19 23 31 
36 22 15 16 32 17 2 7 26 
11 11 22 2 35 1 8 11 30 
28 29 23 35 4 35 3 27 5 
1 16 30 31 1 24 8 25 12 
33 21 11 11 20 34 8 12 28 
16 14 12 34 36 5 9 36 33 
10 16 1 15 32 12 11 32 36 
28 9 9 9 25 7 12 14 11 
22 9 19 23 13 19 21 12 13 
8 6 27 5 18 3 6 5 25 
29 17 2 36 16 12 3 6 9 
32 13 29 10 15 4 26 1 24 
26 9 19 28 1 20 33 27 35 
8 15 30 36 20 3 13 8 25 
19 19 23 1 24 2 18 32 9 
18 12 16 6 26 21 36 9 14 
19 12 36 30 2 15 28 26 17 
26 19 11 18 13 34 8 2 23 
4 33 14 34 17 12 26 34 20 
15 9 36 10 29 13 34 11 14 
22 27 13 8 15 11 30 1 21 
34 20 11 5 19 13 8 27 13 
23 33 10 13 33 16 14 36 15 
17 7 21 35 32 20 14 25 26 
8 34 15 8 7 31 33 24 28 
34 26 28 28 13 18 34 20 25 
26 18 31 9 19 28 33 11 26 
6 11 30 15 24 17 18 33 29 
34 18 31 16 25 30 1 32 22 
34 7 16 13 18 23 27 9 7 
35 31 25 10 6 15 25 25 29 
28 2 18 30 6 24 25 31 15 
1 1 11 15 2 2 23 4 36 
10 13 19 24 24 27 14 18 35 
10 20 11 3 24 4 22 26 9 
30 26 10 35 29 23 25 18 5 
3 23 24 4 28 14 32 6 34 
21 21 19 7 16 10 9 16 17 
28 2 33 16 26 4 2 20 23 
9 30 6 35 30 21 14 23 36 
15 7 12 1 36 32 13 7 1 
15 35 24 16 3 26 22 16 26 
18 22 9 20 31 33 12 13 13 
25 30 16 21 11 19 31 9 31 
34 34 3 28 10 20 30 30 27 
3 33 17 1 33 11 21 32 15 
13 15 4 9 4 28 9 21 25 
20 1 19 21 33 10 35 6 12 
28 21 34 14 20 7 30 34 8 
19 31 31 22 18 7 19 13 31 
22 10 34 30 24 12 19 31 21 
32 35 14 14 24 29 21 9 34 
32 12 16 31 36 33 19 24 11 
13 13 5 27 15 20 34 23 18 
2 26 4 1 31 29 7 31 25 
7 31 27 6 32 31 14 13 34 
6 19 19 6 34 3 18 24 35 
33 3 22 19 23 34 21 9 33 
27 24 33 6 20 15 24 6 8 
33 22 16 21 34 33 24 29 19 
8 31 15 3 24 31 6 35 12 
34 32 9 32 13 18 35 27 13 
27 21 16 25 29 1 24 13 23 
2 2 14 8 26 18 2 19 6 
5 3 9 5 4 30 22 32 14 
23 10 25 23 24 22 4 21 1 
4 16 6 9 3 1 30 23 10 
10 14 36 29 33 25 3 16 23 
33 22 34 35 16 25 4 13 10 
7 20 23 31 8 28 15 30 30 
24 32 4 30 13 18 31 29 17 
6 23 15 19 34 16 14 1 4 
21 5 1 27 32 2 12 16 10 
35 30 13 36 33 6 10 6 31 
12 30 36 2 11 1 3 2 4 
27 9 15 15 9 6 15 5 4 
11 10 16 21 33 36 25 18 26 
7 20 8 25 28 16 22 31 34 
3 35 29 16 33 4 15 30 11 
23 4 31 12 9 17 28 24 8 
31 16 34 2 22 2 14 18 33 
32 1 36 4 30 3 34 16 12 
2 27 21 26 21 15 20 31 8 
27 33 8 35 19 30 31 27 6 
24 9 28 15 24 32 17 26 33 
2 30 18 8 11 16 1 27 28 
10 27 12 28 11 24 28 23 18 
15 8 22 26 4 26 28 14 32 
13 13 23 28 23 19 12 17 28 
14 22 30 15 25 22 14 32 21 
20 19 26 4 23 34 5 19 6 
1 3 6 16 27 36 35 20 20 
10 24 14 25 1 23 28 4 13 
14 21 24 15 2 34 31 14 5 
23 22 17 3 27 4 8 13 36 
17 27 8 2 6 14 15 8 15 
9 24 5 15 11 28 32 23 29 
32 4 14 36 34 7 11 14 30 
14 23 10 22 29 33 23 21 35 
35 28 13 16 34 23 4 36 6 
17 15 36 13 32 22 5 23 35 
14 33 5 12 20 25 11 22 1 
23 26 2 16 20 4 25 18 28 
12 22 35 5 22 23 18 33 36 
29 21 29 27 24 1 7 15 8 
3 2 6 23 27 14 30 6 7 
20 32 7 33 32 28 7 6 14 
24 9 35 1 7 3 18 16 11 
1 21 30 4 2 26 29 8 36 
25 8 4 25 27 18 15 3 18 
12 15 6 35 22 11 35 21 30 
4 13 5 1 13 26 10 34 33 
30 26 34 20 13 28 12 2 21 
27 35 30 28 8 7 31 3 6 
32 9 25 9 26 14 28 24 31 
11 32 33 15 14 14 30 5 17 
23 12 28 8 12 35 11 7 34 
36 22 1 15 29 23 29 3 13 
4 30 33 22 14 6 15 21 13 
11 31 3 29 1 32 18 32 31 
30 16 36 25 30 24 32 4 36 
16 6 12 7 31 1 2 27 27 
36 19 7 30 27 10 11 15 6 
23 31 35 29 16 19 22 15 14 
13 22 34 26 1 11 4 32 15 
17 11 34 6 1 19 28 6 20 
26 20 2 22 2 17 2 21 33 
21 6 17 33 10 29 35 26 16 
6 21 21 20 6 11 32 14 34 
2 3 26 7 26 14 24 1 18 
29 14 31 14 16 29 22 30 21 
35 26 16 20 29 2 36 20 27 
25 35 19 6 18 11 11 2 5 
28 19 10 7 34 3 24 2 33 
19 5 24 32 9 19 10 33 13 
6 18 23 31 23 30 12 6 15 
6 23 5 1 12 3 11 12 28 
27 30 1 13 31 1 28 6 5 
6 7 23 7 36 13 19 34 9 
23 34 10 22 6 17 31 33 28 
6 20 3 34 22 25 10 15 9 
18 8 6 26 5 4 31 10 29 
8 6 23 35 34 30 29 23 22 
1 27 10 16 3 36 9 26 1 
17 34 4 11 23 17 5 34 7 
23 24 22 15 20 24 25 20 21 
3 15 24 28 30 12 12 25 18 
34 5 15 6 6 34 14 29 9 
18 1 23 13 12 10 10 7 14 
7 32 21 10 12 28 33 11 31 
23 28 17 14 30 15 6 33 13 
1 9 4 13 16 36 14 24 21 
12 19 15 12 13 5 26 7 17 
34 5 19 25 14 4 3 31 19 
25 8 17 7 29 23 35 16 14 
17 9 3 33 18 20 24 35 5 
15 32 4 5 31 1 25 2 26 
17 16 1 5 28 33 26 4 13 
3 24 22 31 9 28 1 21 31 
23 24 14 9 17 12 3 14 21 
4 10 32 8 13 5 22 4 4 
36 35 25 21 26 32 12 13 26 
6 22 32 34 9 35 7 29 31 
26 16 30 14 26 5 27 26 24 
15 4 15 33 29 1 5 18 25 
23 22 10 4 15 15 28 36 5 
20 7 17 17 13 13 4 33 13 
14 25 32 14 28 26 22 21 33 
24 21 23 26 13 17 27 11 11 
3 13 23 22 32 20 28 27 4 
11 5 23 2 10 8 1 31 14 
23 14 4 23 22 9 31 4 26 
13 20 3 2 5 20 20 4 8 
28 31 8 29 6 17 1 4 29 
1 36 28 20 20 2 17 3 5 
7 10 25 8 23 22 27 19 27 
3 17 31 28 26 4 29 32 32 
19 34 19 21 27 20 34 12 35 
27 18 5 11 5 13 10 7 18 
23 3 8 21 18 22 16 2 21 
15 4 11 8 27 1 27 30 29 
9 20 8 11 3 21 29 20 36 
27 13 22 5 33 18 16 21 1 
2 11 2 2 18 24 35 12 7 
24 33 7 10 34 17 1 4 27 
29 6 9 18 23 18 14 10 4 
10 28 36 12 29 6 32 12 22 
14 25 20 24 35 4 23 25 5 
6 35 17 6 32 4 9 34 32 
34 34 31 6 8 20 14 24 14 
3 4 25 34 19 11 18 7 29 
25 14 4 8 31 29 18 11 27 
35 34 11 22 14 10 24 18 1 
36 2 21 18 2 20 8 23 27 
6 12 33 36 18 9 25 8 36 
21 27 23 33 15 19 23 1 25 
21 32 17 1 33 10 16 24 20 
15 7 15 31 1 18 14 23 4 
10 2 13 2 22 28 2 19 20 
23 16 31 25 3 15 36 28 11 
28 33 33 15 36 35 3 36 19 
17 11 19 33 22 35 17 8 32 
15 18 35 7 35 36 21 4 12 
33 25 32 9 27 31 30 8 13 
28 17 19 32 33 12 5 36 10 
17 36 4 9 27 2 24 28 18 
34 10 26 26 1 32 8 2 35 
2 21 16 5 34 36 21 16 26 
18 22 36 3 23 17 23 34 29 
27 7 11 7 5 29 34 3 15 
35 24 29 22 19 7 28 35 18 
22 25 31 36 19 31 16 32 22 
27 30 15 18 32 21 11 3 13 
17 33 27 10 26 5 4 3 18 
21 26 18 25 32 30 33 24 34 
5 14 10 30 3 17 4 29 29 
22 31 31 25 15 18 35 34 32 
14 11 27 3 19 22 3 25 11 
7 25 5 32 36 27 23 30 14 
26 28 14 7 18 14 9 30 11 
31 36 33 1 10 31 23 28 10 
21 36 33 27 28 31 4 6 25 
31 19 7 34 30 1 28 9 31 
21 2 15 26 34 9 20 6 21 
18 36 11 23 4 25 1 6 6 
23 28 2 29 32 4 13 2 4 
24 2 35 26 8 17 1 1 4 
33 15 7 36 1 36 14 11 17 
13 26 26 22 22 3 9 25 21 
16 19 20 3 3 36 3 9 22 
36 11 4 9 4 5 25 16 14 
29 30 6 31 6 26 35 13 11 
6 7 28 1 8 8 18 14 3 
12 35 32 15 13 18 14 12 26 
17 32 12 15 10 22 22 2 13 
4 15 23 36 1 27 26 30 21 
19 12 33 9 1 36 16 23 14 
15 22 17 36 13 25 24 23 4 
35 30 32 19 18 17 8 16 35 
3 19 11 33 28 17 10 36 19 
19 13 23 16 27 4 34 15 25 
1 6 35 35 33 10 36 21 22 
23 30 30 36 14 25 18 36 10 
18 35 3 21 12 29 6 35 34 
36 13 31 6 19 13 10 30 23 
31 13 19 28 34 6 1 33 34 
22 8 15 22 4 20 34 10 24 
16 22 12 8 25 24 7 28 18 
33 12 11 36 23 11 1 28 8 
7 20 30 18 15 16 30 20 26 
1 34 25 10 2 16 18 16 7 
27 1 1 13 15 11 1 35 18 
4 11 31 18 22 18 19 6 24 
24 28 31 28 32 12 27 3 27 
22 28 23 35 12 7 3 17 34 
34 13 5 32 34 24 13 2 16 
13 13 16 30 3 30 18 1 13 
30 34 3 13 13 20 11 3 6 
15 19 36 30 20 15 8 11 12 
34 9 28 21 22 1 17 18 1 
15 12 26 4 24 8 30 34 25 
4 4 36 23 12 3 3 28 23 
10 19 12 23 16 2 20 7 35 
3 13 32 16 11 26 28 28 5 
3 13 30 3 13 11 36 19 23 
21 2 1 21 27 24 25 1 22 
12 31 32 2 24 3 18 19 17 
30 31 17 27 30 35 26 11 16 
20 8 30 27 28 17 5 16 30 
35 6 34 28 20 34 12 18 1 
32 33 8 4 22 22 15 35 22 
22 29 21 3 22 32 27 9 21 
19 2 22 32 18 12 20 10 30 
35 27 25 33 35 24 32 16 33 
11 25 31 11 20 34 34 14 8 
34 3 13 2 11 3 22 15 30 
29 2 17 31 9 27 35 21 1 
22 32 10 11 15 34 2 12 36 
25 21 18 28 10 3 1 20 4 
11 1 11 1 9 22 13 24 26 
10 9 34 12 11 2 11 35 27 
2 25 15 33 4 3 10 32 8 
13 35 9 28 10 10 10 25 36 
32 30 2 13 15 25 14 18 5 
4 18 4 14 13 17 4 3 12 
35 29 22 28 16 2 14 5 6 
26 7 21 35 25 10 9 28 15 
8 30 9 8 12 15 36 25 2 
15 36 22 23 6 35 18 3 8 
13 23 16 6 21 11 7 7 30 
8 24 9 19 30 16 12 18 31 
12 11 36 18 9 10 2 32 24 
34 31 13 1 27 31 9 32 33 
36 6 17 10 22 30 35 6 22 
15 14 17 17 6 22 27 7 16 
10 7 14 18 7 1 33 14 1 
28 15 34 33 4 28 19 1 25 
33 4 15 22 1 36 24 27 15 
10 25 33 6 12 29 36 23 7 
36 3 21 12 21 24 5 10 18 
10 29 35 9 31 36 16 6 33 
28 22 11 17 25 28 10 28 20 
10 27 6 17 12 13 32 4 17 
6 6 18 30 29 22 12 27 9 
17 27 35 36 32 34 2 9 16 
25 10 23 11 11 4 29 33 8 
11 8 16 31 9 13 31 18 14 
1 13 3 30 16 12 21 9 31 
21 23 34 30 29 32 32 20 19 
28 36 18 22 8 24 5 2 32 
13 32 16 31 27 28 10 32 33 
33 10 24 33 31 34 15 26 3 
21 31 21 16 31 33 20 35 22 
2 17 24 27 10 34 15 9 12 
21 2 10 1 15 28 18 32 29 
7 6 34 25 4 13 7 29 4 
30 33 24 35 15 12 36 27 8 
3 35 18 35 25 7 1 16 23 
8 29 28 17 33 29 19 25 23 
21 14 5 3 8 4 9 10 1 
5 16 26 15 21 11 32 32 30 
34 12 30 31 13 5 15 32 13 
28 15 25 28 9 23 25 35 20 
21 1 13 34 36 1 33 26 13 
7 15 34 6 13 10 9 25 33 
10 3 27 4 29 26 7 33 9 
35 14 4 27 13 12 23 25 33 
5 2 21 10 19 10 12 5 19 
36 36 33 34 21 34 32 8 29 
13 25 36 9 1 17 3 20 34 
14 33 16 10 35 11 31 1 19 
25 31 27 13 1 15 23 32 33 
2 5 7 12 6 30 27 11 18 
26 30 11 20 21 20 6 19 9 
28 2 22 1 20 12 25 5 25 
16 16 13 16 11 8 12 27 33 
7 21 30 19 9 21 35 23 22 
35 19 12 27 36 12 30 14 36 
11 17 10 30 35 8 31 25 22 
27 13 36 15 30 6 5 26 12 
36 4 24 28 33 34 34 14 8 
15 20 21 23 8 36 31 14 14 
15 1 30 7 4 11 12 22 3 
18 24 24 10 6 13 1 9 29 
22 31 4 28 4 3 19 2 30 
29 27 25 30 33 17 24 5 35 
6 19 17 26 29 24 5 4 23 
25 4 3 3 17 27 22 5 18 
9 36 31 24 10 12 28 7 30 
19 23 32 18 30 36 24 19 20 
9 9 3 22 6 17 34 9 6 
22 26 25 11 13 35 27 16 24 
24 21 25 23 13 10 22 10 18 
11 29 26 34 9 16 33 31 25 
16 36 10 10 22 14 25 8 14 
11 29 32 21 31 3 28 26 29 
14 25 18 4 29 20 18 10 32 
30 2 10 9 29 15 4 13 6 
3 13 25 25 36 8 6 26 19 
1 35 26 26 2 27 4 36 23 
19 1 7 9 21 35 9 7 15 
26 7 26 2 12 33 10 13 15 
21 32 31 32 15 8 8 16 5 
19 2 22 22 8 10 7 6 22 
2 22 26 31 17 32 32 25 15 
1 27 4 29 2 36 2 18 5 
12 7 18 5 12 8 10 20 5 
15 30 8 36 7 12 14 4 10 
4 7 20 18 35 32 12 24 28 
25 16 24 28 31 18 11 14 15 
28 8 27 29 18 1 4 22 23 
32 21 35 21 9 15 36 23 7 
11 7 21 32 30 12 17 8 34 
22 21 28 31 23 34 21 35 20 
23 35 26 34 1 26 12 28 35 
23 22 21 19 23 27 35 27 22 
9 33 26 4 31 8 16 27 23 
19 36 13 12 31 24 1 3 31 
33 33 36 18 31 34 18 34 4 
16 6 9 1 32 26 30 6 34 
35 15 7 19 7 18 6 6 18 
18 8 14 22 2 18 36 27 4 
33 35 19 2 11 16 15 20 19 
21 23 13 33 4 6 1 28 17 
28 25 30 27 34 8 1 14 21 
25 2 6 15 33 17 8 35 19 
27 23 28 28 7 25 13 27 3 
23 1 17 36 1 16 2 1 24 
30 5 32 19 31 20 11 36 33 
19 30 2 26 22 3 16 6 28 
25 35 19 13 3 22 29 27 7 
6 23 14 28 6 17 7 5 3 
24 24 24 15 32 33 8 12 24 
31 10 24 5 25 12 8 9 18 
25 24 11 31 36 30 11 16 22 
10 23 21 10 9 13 12 36 32 
32 22 7 12 1 30 5 7 19 
20 34 17 32 13 31 5 30 29 
4 6 34 27 16 35 2 32 19 
13 27 15 3 10 6 25 3 10 
24 12 13 16 25 7 8 1 13 
33 3 17 29 15 17 23 33 6 
20 35 10 22 24 35 12 10 3 
36 9 33 14 24 23 11 20 18 
7 4 17 28 4 31 24 7 2 
34 17 36 26 25 9 30 9 4 
7 6 20 18 20 36 11 4 16 
1 14 19 35 24 34 8 32 31 
12 1 25 22 33 29 7 35 3 
28 11 30 20 11 7 10 34 27 
32 18 10 25 31 5 9 29 3 
17 31 21 3 36 27 7 14 13 
16 21 17 32 32 33 24 32 19 
17 6 11 24 28 16 14 26 19 
2 27 8 10 17 17 19 27 29 
20 20 23 11 21 24 18 2 2 
20 5 24 27 32 24 24 6 27 
7 5 28 8 16 16 19 9 13 
31 26 18 16 3 9 4 16 10 
35 9 11 29 20 17 11 25 2 
21 11 17 6 5 36 29 28 31 
1 11 23 24 11 19 19 27 35 
30 15 23 23 10 12 5 31 7 
11 4 3 29 3 32 34 18 27 
1 35 8 8 30 34 5 24 26 
34 11 26 35 15 26 36 6 35 
32 16 26 1 7 4 21 36 17 
23 25 6 33 13 12 21 23 26 
21 17 16 25 23 11 19 24 29 
24 29 14 2 26 15 19 2 4 
31 25 34 24 30 35 14 32 2 
17 19 12 23 9 35 31 26 2 
14 17 10 27 19 32 23 18 23 
5 25 25 8 17 5 24 9 14 
27 22 20 20 35 7 5 20 22 
29 12 29 10 15 20 24 6 6 
11 15 34 18 10 15 18 33 31 
5 35 8 26 20 22 9 2 12 
16 17 9 21 22 27 5 24 11 
27 1 24 20 19 17 35 34 29 
30 10 35 5 19 8 35 1 6 
13 15 16 28 1 23 19 15 9 
14 4 21 1 26 13 22 15 26 
28 12 35 20 32 30 36 2 36 
10 35 28 6 35 11 8 12 30 
2 8 13 10 34 9 34 5 28 
21 24 15 14 9 9 14 21 29 
30 36 20 36 21 2 18 35 35 
33 15 8 29 12 23 22 14 34 
8 14 21 1 31 8 32 25 25 
24 34 1 1 32 29 28 13 36 
27 8 21 3 19 12 4 29 12 
17 24 19 1 30 9 21 18 34 
22 22 1 23 19 11 32 25 32 
2 23 36 31 16 5 5 24 29 
33 11 27 18 36 9 23 27 21 
11 34 23 7 6 34 8 25 20 
9 4 9 10 8 23 18 1 28 
1 9 4 15 17 23 22 33 2 
23 2 18 7 17 24 16 13 18 
3 19 19 27 6 3 22 26 17 
36 29 8 23 29 36 20 5 17 
11 26 18 33 27 35 27 24 31 
2 8 18 29 24 23 13 6 17 
14 16 30 3 33 32 7 31 35 
10 3 13 36 1 29 11 7 9 
4 1 12 34 36 5 24 22 5 
35 16 11 14 7 4 19 10 34 
17 8 30 33 3 21 10 14 22 
2 6 7 17 26 21 1 1 28 
33 24 36 24 24 30 23 22 14 
4 9 26 36 9 14 23 19 2 
9 32 22 8 35 10 3 22 2 
24 18 24 23 10 18 17 16 33 
20 16 25 33 22 10 7 13 36 
3 25 36 28 28 1 14 12 8 
4 8 15 4 19 35 6 29 35 
34 26 28 2 24 8 30 14 31 
6 35 34 22 19 28 33 2 4 
2 8 23 35 4 34 31 35 32 
11 20 28 33 32 22 34 16 2 
4 35 31 24 10 10 34 14 23 
26 18 22 14 6 23 13 25 35 
18 36 24 15 4 12 25 36 8 
29 30 20 4 15 33 4 10 32 
19 2 18 16 33 26 9 17 12 
25 27 5 31 7 5 32 29 16 
31 28 9 27 14 25 4 2 9 
18 36 8 15 22 23 22 29 32 
10 14 25 10 19 32 2 31 2 
13 26 1 35 19 21 2 3 29 
18 4 23 25 5 26 30 7 20 
11 35 21 13 1 10 29 36 4 
32 22 33 25 5 17 15 18 17 
4 22 36 34 26 1 8 24 8 
12 15 3 5 11 8 25 25 8 
11 4 36 32 9 32 15 12 23 
16 10 22 6 16 13 16 25 31 
10 5 18 35 34 28 11 24 35 
9 11 28 21 21 7 25 18 21 
21 16 15 6 19 31 16 23 17 
27 31 2 31 6 23 12 7 8 
17 35 5 6 26 25 36 23 18 
23 28 17 1 13 35 5 33 7 
19 6 1 24 34 24 28 16 9 
24 34 19 33 21 30 1 13 11 
4 21 8 22 2 14 19 35 4 
20 4 18 27 35 15 13 18 19 
13 1 33 13 2 13 23 25 8 
25 26 28 16 33 32 20 12 34 
34 18 5 35 6 15 34 16 30 
4 8 4 8 30 4 36 15 3 
3 9 16 27 20 32 4 12 22 
10 14 30 34 21 3 6 32 24 
17 24 4 1 33 3 17 10 24 
32 27 19 29 9 23 29 21 26 
36 28 11 6 5 8 23 31 10 
10 17 27 10 10 27 8 1 4 
24 6 13 17 34 15 11 6 22 
19 9 28 1 23 34 12 10 33 
7 17 18 27 21 4 21 30 36 
1 18 9 18 22 36 16 33 11 
26 16 4 31 10 9 23 31 8 
36 31 28 5 10 7 19 21 21 
30 11 8 31 22 3 36 10 19 
11 16 5 3 9 7 24 7 32 
6 11 9 16 25 17 29 11 27 
19 33 28 6 21 13 29 24 5 
2 3 22 11 5 11 9 14 8 
18 33 26 34 31 9 27 10 33 
5 13 19 8 35 18 17 29 16 
6 23 19 11 14 21 28 18 5 
16 18 12 1 7 9 35 34 17 
6 20 15 30 24 36 5 15 4 
15 13 10 10 14 6 33 35 20 
5 11 18 16 20 6 2 34 33 
17 4 1 27 32 33 33 4 2 
27 21 28 4 9 2 32 2 10 
36 35 35 6 17 19 12 13 19 
3 30 33 10 14 15 29 29 21 
32 3 6 23 26 36 11 10 6 
5 25 21 31 20 35 27 23 8 
16 7 30 29 16 1 12 7 35 
27 35 34 5 34 34 2 6 21 
16 31 24 18 17 9 20 14 20 
17 13 13 11 31 32 36 3 22 
8 32 2 2 4 27 2 17 28 
35 13 22 19 7 36 5 22 16 
21 11 7 4 19 25 23 17 25 
11 25 29 11 34 28 28 26 30 
14 9 9 32 23 17 27 25 15 
22 34 13 10 10 6 26 17 15 
10 9 2 33 8 31 9 26 24 
25 21 36 30 2 2 15 24 22 
4 26 11 7 1 23 26 32 27 
6 8 7 35 16 1 8 14 22 
20 24 22 27 6 16 11 32 33 
2 3 28 16 20 22 24 15 34 
35 16 25 15 34 23 32 35 17 
16 20 1 11 24 13 26 20 14 
9 6 28 29 16 31 2 20 7 
31 33 3 1 32 9 26 11 28 
5 11 10 33 34 4 33 1 35 
21 15 3 15 31 27 29 11 8 
32 5 25 14 31 7 35 14 34 
24 21 13 20 26 21 36 34 6 
5 12 12 8 9 25 31 30 2 
5 3 14 27 3 27 33 4 17 
29 11 2 3 26 33 24 24 3 
32 30 22 4 15 11 8 3 30 
8 5 29 4 6 24 32 17 28 
7 26 33 10 16 19 32 6 16 
28 32 12 25 13 26 10 36 11 
4 27 25 21 24 9 26 36 11 
34 26 14 22 22 14 4 1 18 
11 25 32 16 27 16 11 34 31 
11 36 35 35 7 8 16 3 19 
14 28 30 5 4 36 19 10 10 
3 21 35 24 30 16 6 1 9 
15 31 1 32 21 12 14 10 19 
32 4 9 7 18 19 34 4 12 
11 20 10 4 6 13 22 31 3 
13 4 33 13 1 1 6 2 22 
32 10 7 14 15 35 18 9 21 
2 5 6 18 24 32 34 25 34 
11 18 29 2 32 19 14 22 20 
21 25 25 5 21 36 7 30 23 
23 3 19 36 29 26 25 27 26 
10 3 31 6 10 27 16 4 15 
16 5 35 33 9 28 11 15 28 
5 16 33 25 24 13 30 25 11 
18 3 18 12 4 3 16 13 36 
5 12 27 30 32 4 36 36 21 
31 28 19 6 2 32 15 27 8 
15 24 30 27 7 17 33 12 10 
8 6 7 15 26 31 3 5 10 
5 8 17 19 10 1 11 10 17 
7 7 20 22 12 26 15 32 3 
5 13 20 19 27 21 19 34 28 
4 11 12 34 3 24 11 16 20 
28 28 27 6 26 17 18 4 6 
28 24 36 13 27 29 21 5 29 
1 1 28 35 3 24 13 18 32 
33 27 12 33 17 20 11 29 1 
30 22 5 22 28 30 32 11 33 
8 4 3 16 27 9 12 2 3 
32 34 12 8 28 13 4 3 27 
16 5 23 28 34 14 21 35 10 
30 31 27 2 34 5 19 7 11 
