0.0188 15 00001000000000100001100000000
0.0188 11 01000000000000100001100000000
0.0188 13 00001000000000100001100000000
0.0188 20 01000000000000100001100000000
0.02395 19 00000000000000111011000001000
0.02395 17 00000000000000111011000001000
0.0188 11 00001000000000100001100000000
0.0188 11 00001000000000100001100000000
0.0188 17 01000000000000100001100000000
0.02395 15 00000000000000111011000001000
0.0188 14 01000000000000100001100000000
0.0188 15 00001000000000100001100000000
0.0188 13 00001000000000100001100000000
0.02395 20 00000000000000111011000001000
0.0188 5 00001000000000100001100000000
0.0188 17 01000000000000100001100000000
0.0188 15 00001000000000100001100000000
0.0188 13 00001000000000100001100000000
0.0188 10 00001000000000100001100000000
0.0188 12 00001000000000100001100000000
0.0188 17 00001000000000100001100000000
0.0188 17 01000000000000100001100000000
0.0188 17 00001000000000100001100000000
0.02395 24 00000000000000111011000001000
0.02395 26 00000000000000111011000001000
0.0188 11 01000000000000100001100000000
0.0188 11 01000000000000100001100000000
0.0188 19 01000000000000100001100000000
0.0188 15 01000000000000100001100000000
0.0188 21 01000000000000100001100000000
0.0188 16 00001000000000100001100000000
0.0188 21 00001000000000100001100000000
0.0188 14 01000000000000100001100000000
0.02395 22 00000000000000111011000001000
0.02395 20 00000000000000111011000001000
0.0188 21 01000000000000100001100000000
0.02395 15 00000000000000111011000001000
0.02395 28 00000000000000111011000001000
0.0188 12 00001000000000100001100000000
0.0188 20 00001000000000100001100000000
0.0188 12 01000000000000100001100000000
0.02395 19 00000000000000111011000001000
0.0188 15 00001000000000100001100000000
0.02395 19 00000000000000111011000001000
0.0188 19 01000000000000100001100000000
0.02395 22 00000000000000111011000001000
0.0188 12 01000000000000100001100000000
0.0188 14 01000000000000100001100000000
0.0188 13 01000000000000100001100000000
0.02395 20 00000000000000111011000001000
0.0188 14 00001000000000100001100000000
0.02395 22 00000000000000111011000001000
0.0188 14 01000000000000100001100000000
0.02395 24 00000000000000111011000001000
0.0188 11 00001000000000100001100000000
0.0188 16 01000000000000100001100000000
0.02395 19 00000000000000111011000001000
0.0188 8 01000000000000100001100000000
0.0188 15 01000000000000100001100000000
0.0188 17 00001000000000100001100000000
0.02395 21 00000000000000111011000001000
0.0188 17 01000000000000100001100000000
0.02395 21 00000000000000111011000001000
0.0188 20 01000000000000100001100000000
0.0188 15 01000000000000100001100000000
0.0188 14 01000000000000100001100000000
0.02395 20 00000000000000111011000001000
0.0188 14 01000000000000100001100000000
0.02395 20 00000000000000111011000001000
0.02395 17 00000000000000111011000001000
0.0188 13 01000000000000100001100000000
0.02395 22 00000000000000111011000001000
0.02395 23 00000000000000111011000001000
0.0188 18 01000000000000100001100000000
0.0188 12 01000000000000100001100000000
0.0188 16 01000000000000100001100000000
0.0188 14 01000000000000100001100000000
0.0188 16 00001000000000100001100000000
0.02395 21 00000000000000111011000001000
0.0188 14 01000000000000100001100000000
0.0188 11 01000000000000100001100000000
0.0188 12 01000000000000100001100000000
0.0188 11 01000000000000100001100000000
0.0188 14 00001000000000100001100000000
0.0188 17 00001000000000100001100000000
0.02395 14 00000000000000111011000001000
0.0188 15 01000000000000100001100000000
0.02395 26 00000000000000111011000001000
0.0188 24 01000000000000100001100000000
0.0188 11 00001000000000100001100000000
0.0188 12 00001000000000100001100000000
0.02395 21 00000000000000111011000001000
0.02395 23 00000000000000111011000001000
0.0188 14 00001000000000100001100000000
0.02395 26 00000000000000111011000001000
0.0188 11 00001000000000100001100000000
0.0188 16 01000000000000100001100000000
0.02395 14 00000000000000111011000001000
0.0188 20 01000000000000100001100000000
0.0188 20 00001000000000100001100000000
