0.00025 19 10000000000000000001010000000
0.12885 14 10000010000011011001000010000
0.12885 9 10000010000011011001000010000
0.00025 16 10000000000000000011010000000
0.00025 18 10000000000000000001010000000
0.12885 15 10000010000011011001000010000
0.07655 21 01001000000000110011001000000
0.12885 19 10000010000011011001000010000
0.07655 18 01001000000000110011001000000
0.12885 17 10000010000011011001000010000
0.07655 15 01001000000000110011001000000
0.12885 12 10100000000011011001000010000
0.12885 16 10100000000011011001000010000
0.12885 10 10100000000011011001000010000
0.12885 16 10100000000011011001000010000
0.00025 17 10000000000000000001010000000
0.12885 20 10000010000011011001000010000
0.12885 11 10000010000011011001000010000
0.07655 22 01001000000000110011001000000
0.07655 21 01001000000000110011001000000
0.07655 20 01001000000000110011001000000
0.00025 23 10000000000000000001010000000
0.1229 19 00000010000011000001000100000
0.00025 19 10000000000000000001010000000
0.12885 21 10100000000011011001000010000
0.12885 15 10000010000011011001000010000
0.00025 17 10000000000000000011010000000
0.00025 4 10000000000000000011010000000
0.12885 13 10000010000011011001000010000
0.00025 17 10000000000000000011010000000
0.12885 18 10000010000011011001000010000
0.00025 16 10000000000000000001010000000
0.07655 18 01001000000000110011001000000
0.07655 21 01001000000000110011001000000
0.00025 22 10000000000000000001010000000
0.12885 17 10000010000011011001000010000
0.00025 21 10000000000000000001010000000
0.12885 12 10100000000011011001000010000
0.00025 14 10000000000000000001010000000
0.00025 13 10000000000000000001010000000
0.12885 11 10000010000011011001000010000
0.00025 11 10000000000000000001010000000
0.00025 14 10000000000000000001010000000
0.00025 20 10000000000000000001010000000
0.00025 21 10000000000000000001010000000
0.12885 13 10100000000011011001000010000
0.12885 21 10100000000011011001000010000
0.00025 22 10000000000000000011010000000
0.12885 19 10100000000011011001000010000
0.00025 16 10000000000000000001010000000
0.12885 11 10100000000011011001000010000
0.00025 17 10000000000000000001010000000
0.00025 15 10000000000000000001010000000
0.12885 14 10100000000011011001000010000
0.00025 17 10000000000000000001010000000
0.1229 21 00100000000011000001000100000
0.12885 13 10000010000011011001000010000
0.12885 18 10100000000011011001000010000
0.07655 16 01001000000000110011001000000
0.00025 15 10000000000000000011010000000
0.00025 11 10000000000000000001010000000
0.00025 20 10000000000000000001010000000
0.1229 14 00000010000011000001000100000
0.12885 12 10000010000011011001000010000
0.00025 17 10000000000000000011010000000
0.00025 18 10000000000000000001010000000
0.12885 10 10000010000011011001000010000
0.07655 16 01001000000000110011001000000
0.00025 14 10000000000000000001010000000
0.12885 13 10100000000011011001000010000
0.07655 23 01001000000000110011001000000
0.00025 14 10000000000000000001010000000
0.00025 14 10000000000000000001010000000
0.07655 28 01001000000000110011001000000
0.00025 18 10000000000000000011010000000
0.00025 18 10000000000000000001010000000
0.12885 13 10000010000011011001000010000
0.12885 10 10000010000011011001000010000
0.00025 15 10000000000000000011010000000
0.00025 20 10000000000000000001010000000
0.12885 13 10100000000011011001000010000
0.00025 24 10000000000000000001010000000
0.07655 20 01001000000000110011001000000
0.12885 17 10000010000011011001000010000
0.12885 14 10000010000011011001000010000
0.07655 25 01001000000000110011001000000
0.00025 19 10000000000000000011010000000
0.00025 21 10000000000000000001010000000
0.12885 16 10100000000011011001000010000
0.00025 13 10000000000000000011010000000
0.00025 19 10000000000000000001010000000
0.00025 19 10000000000000000001010000000
0.00025 17 10000000000000000001010000000
0.07655 23 01001000000000110011001000000
0.07655 20 01001000000000110011001000000
0.12885 17 10000010000011011001000010000
0.07655 17 01001000000000110011001000000
0.07655 23 01001000000000110011001000000
0.12885 11 10100000000011011001000010000
0.1229 22 00100000000011000001000100000
