0.0363 24 00000000000011000001001000000
0.0567 11 00000000001000001000000000100
0.0543 13 00000000000100110010100000000
0.0567 16 00000000001000001000000000010
0.0359 12 00000001000000100001000000001
0.0543 15 00000000000000110110100000000
0.0409 3 00000000000000100111000001000
0.0359 8 00000001000000100001000000001
0.05565 20 00100010000001000111000000010
0.0359 10 00000000010000100001000000001
0.0557 19 00000000000000001110000000010
0.0359 12 00000000001000100001000000001
0.0557 17 00000000000000001110000000010
0.0341 15 00000000000010000111001000000
0.0359 13 00000001000000100001000000001
0.0359 16 00000001000000100001000000001
0.05565 28 00100010000001000111000000010
0.0359 11 00000000001000100001000000001
0.0349 1 00000000000000100111000010000
0.0359 15 00000001000000100001000000001
0.0341 14 00000000000010000111001000000
0.0567 8 00000000010000001000000000010
0.0557 22 00000000000000001110000000010
0.0359 11 00000001000000100001000000001
0.0359 10 00000000010000100001000000001
0.0359 9 00000000010000100001000000001
0.0349 18 00000000000000100111000010000
0.0349 19 00000000000000100111000010000
0.0543 15 00000000000100110010100000000
0.0359 7 00000000001000100001000000001
0.0359 14 00000000010000100001000000001
0.0359 11 00000000001000100001000000001
0.0557 17 00000000000000001110000000100
0.0359 11 00000001000000100001000000001
0.0543 10 00000000000100110010100000000
0.0363 26 00000000000011000001001000000
0.0359 10 00000001000000100001000000001
0.0359 15 00000000001000100001000000001
0.0557 18 00000000000000001110000000010
0.0341 5 00000000000010000111001000000
0.0349 17 00000000000000100111000010000
0.0557 19 00000000000000001110000000100
0.0543 11 00000000000100110010100000000
0.0359 14 00000001000000100001000000001
0.0349 25 00000000000000100111000010000
0.0543 10 00000000100000110010100000000
0.0359 17 00000000010000100001000000001
0.0543 13 00000000000000110110100000000
0.0363 24 00000000000011000001001000000
0.0557 13 00000000000000001110000000010
0.0543 10 00000000000000110110100000000
0.0543 10 00000000000000110110100000000
0.02725 18 10000000000001000011001000000
0.0363 22 00000000000011000001001000000
0.0363 24 00000000000011000001001000000
0.0557 18 00000000000000001110000000010
0.0359 13 00000000010000100001000000001
0.0557 17 00000000000000001110000000100
0.0557 18 00000000000000001110000000100
0.0543 14 00000000000000110110100000000
0.0349 29 00000000000000100111000010000
0.0359 16 00000001000000100001000000001
0.0567 18 00000001000000001000000000010
0.0359 21 00000000001000100001000000001
0.0359 16 00000001000000100001000000001
0.0359 11 00000000010000100001000000001
0.05565 27 00100010000001000111000000010
0.0543 12 00000000000000110110100000000
0.0359 11 00000000001000100001000000001
0.0363 28 00000000000011000001001000000
0.0543 11 00000000100000110010100000000
0.0359 11 00000000001000100001000000001
0.0359 15 00000000001000100001000000001
0.0557 18 00000000000000001110000000010
0.0359 9 00000000001000100001000000001
0.0359 13 00000001000000100001000000001
0.0359 11 00000000001000100001000000001
0.0557 14 00000000000000001110000000100
0.0557 19 00000000000000001110000000100
0.0349 9 00000000000000100111000010000
0.0543 16 00000000100000110010100000000
0.0543 17 00000000000100110010100000000
0.0359 13 00000000010000100001000000001
0.0359 11 00000001000000100001000000001
0.0543 16 00000000100000110010100000000
0.05565 26 00100010000001000111000000010
0.0359 19 00000000001000100001000000001
0.0359 14 00000000001000100001000000001
0.0359 3 00000000010000100001000000001
0.0363 18 00000000000011000001001000000
0.0543 10 00000000000000110110100000000
0.0557 21 00000000000000001110000000010
0.0359 12 00000001000000100001000000001
0.0543 20 00000000100000110010100000000
0.0359 10 00000000001000100001000000001
0.0359 13 00000000001000100001000000001
0.0359 21 00000000001000100001000000001
0.0557 18 00000000000000001110000000010
0.0349 17 00000000000000100111000010000
0.0543 11 00000000000100110010100000000
