0.1285 16 10100100000011011001000010000
0.0004 15 10000000000000000001000100000
0.1285 18 10110000000011011001000010000
0.1285 22 10000110000011011001000010000
0.0004 23 10000000000000000001000100000
0.1285 10 10110000000011011001000010000
0.0004 21 10000000000000000001000100000
0.0004 20 10000000000000000001000100000
0.0004 18 10000000000000000001000100000
0.0004 15 10000000000000000011000100000
0.0004 17 10000000000000000001000100000
0.1285 12 10110000000011011001000010000
0.1285 12 10100100000011011001000010000
0.0004 11 10000000000000000011000100000
0.1285 19 10100100000011011001000010000
0.1285 8 10000110000011011001000010000
0.1285 11 10110000000011011001000010000
0.0692 25 01001000000000110011001000000
0.1285 11 10000110000011011001000010000
0.1285 7 10000110000011011001000010000
0.0004 17 10000000000000000011000100000
0.0004 14 10000000000000000001000100000
0.1285 15 10100100000011011001000010000
0.0692 16 01001000000000110011001000000
0.0004 17 10000000000000000001000100000
0.0004 16 10000000000000000011000100000
0.1285 15 10010010000011011001000010000
0.1285 14 10000110000011011001000010000
0.0004 18 10000000000000000001000100000
0.1285 12 10100100000011011001000010000
0.0692 19 01001000000000110011001000000
0.1285 11 10110000000011011001000010000
0.0004 17 10000000000000000011000100000
0.1285 14 10010010000011011001000010000
0.0004 15 10000000000000000001000100000
0.0004 15 10000000000000000001000100000
0.1285 7 10010010000011011001000010000
0.0692 24 01001000000000110011001000000
0.1285 12 10000110000011011001000010000
0.1285 18 10010010000011011001000010000
0.0004 12 10000000000000000011000100000
0.1285 13 10100100000011011001000010000
0.1285 8 10110000000011011001000010000
0.1285 13 10100100000011011001000010000
0.1285 9 10100100000011011001000010000
0.0692 20 01001000000000110011001000000
0.0004 17 10000000000000000001000100000
0.1285 8 10010010000011011001000010000
0.0004 12 10000000000000000001000100000
0.1285 8 10000110000011011001000010000
0.0692 24 01001000000000110011001000000
0.1285 12 10110000000011011001000010000
0.1285 13 10010010000011011001000010000
0.1285 12 10010010000011011001000010000
0.0004 19 10000000000000000001000100000
0.1285 13 10100100000011011001000010000
0.0004 20 10000000000000000011000100000
0.11615 15 00000100000011000001000100000
0.0004 17 10000000000000000011000100000
0.1285 10 10100100000011011001000010000
0.1285 15 10010010000011011001000010000
0.0004 17 10000000000000000001000100000
0.0004 17 10000000000000000001000100000
0.0692 22 01001000000000110011001000000
0.1285 16 10000110000011011001000010000
0.0004 14 10000000000000000001000100000
0.0004 20 10000000000000000011000100000
0.0004 20 10000000000000000001000100000
0.1285 11 10010010000011011001000010000
0.1285 8 10110000000011011001000010000
0.0692 19 01001000000000110011001000000
0.0004 17 10000000000000000001000100000
0.1285 14 10100100000011011001000010000
0.1285 17 10000110000011011001000010000
0.0004 23 10000000000000000001000100000
0.1285 13 10000110000011011001000010000
0.0004 19 10000000000000000001000100000
0.0004 17 10000000000000000001000100000
0.1285 6 10110000000011011001000010000
0.0004 17 10000000000000000001000100000
0.0692 29 01001000000000110011001000000
0.0004 17 10000000000000000001000100000
0.0692 16 01001000000000110011001000000
0.0004 16 10000000000000000011000100000
0.1285 10 10000110000011011001000010000
0.0004 18 10000000000000000001000100000
0.1285 14 10010010000011011001000010000
0.1285 13 10010010000011011001000010000
0.1285 12 10110000000011011001000010000
0.11615 21 00000100000011000001000100000
0.1285 8 10100100000011011001000010000
0.1285 11 10100100000011011001000010000
0.0004 21 10000000000000000011000100000
0.0692 14 01001000000000110011001000000
0.0692 18 01001000000000110011001000000
0.0004 17 10000000000000000001000100000
0.1285 9 10010010000011011001000010000
0.1285 15 10010010000011011001000010000
0.0004 19 10000000000000000001000100000
0.1285 18 10110000000011011001000010000
