0.01915 9 00100000000000000011100000000
0.01915 12 00000010000000000001100000000
0.01915 10 00000010000000000001100000000
0.01915 15 00100000000000000001100000000
0.01915 20 00100000000000000011100000000
0.01915 10 00000010000000000001100000000
0.01915 11 00100000000000000001100000000
0.01915 19 00100000000000000011100000000
0.01915 13 00100000000000000011100000000
0.01915 9 00100000000000000001100000000
0.01915 25 00100000000000000011100000000
0.01915 11 00000010000000000001100000000
0.01915 8 00100000000000000001100000000
0.01915 18 00100000000000000011100000000
0.01915 14 00000010000000000001100000000
0.01915 11 00100000000000000011100000000
0.01915 15 00000010000000000011100000000
0.01915 19 00000010000000000001100000000
0.01915 11 00100000000000000001100000000
0.01915 14 00100000000000000001100000000
0.01915 11 00100000000000000001100000000
0.01915 10 00000010000000000001100000000
0.01915 15 00000010000000000001100000000
0.01915 11 00000010000000000011100000000
0.01915 17 00100000000000000011100000000
0.01915 15 00000010000000000001100000000
0.01915 16 00100000000000000011100000000
0.01915 13 00100000000000000001100000000
0.01915 19 00000010000000000011100000000
0.01915 18 00100000000000000011100000000
0.01915 15 00000010000000000001100000000
0.01915 17 00000010000000000011100000000
0.01915 20 00000010000000000011100000000
0.01915 11 00000010000000000011100000000
0.01915 17 00100000000000000011100000000
0.01915 14 00100000000000000011100000000
0.01915 12 00100000000000000001100000000
0.01915 15 00100000000000000001100000000
0.01915 15 00100000000000000011100000000
0.01915 16 00100000000000000001100000000
0.01915 10 00000010000000000001100000000
0.01915 11 00100000000000000001100000000
0.01915 14 00100000000000000001100000000
0.01915 19 00000010000000000011100000000
0.01915 14 00100000000000000001100000000
0.01915 10 00000010000000000001100000000
0.01915 10 00000010000000000011100000000
0.01915 14 00100000000000000011100000000
0.01915 15 00100000000000000011100000000
0.01915 18 00000010000000000001100000000
0.01915 22 00100000000000000001100000000
0.01915 10 00000010000000000011100000000
0.01915 10 00000010000000000011100000000
0.01915 8 00100000000000000001100000000
0.01915 11 00000010000000000011100000000
0.01915 12 00000010000000000011100000000
0.01915 20 00000010000000000001100000000
0.01915 10 00000010000000000011100000000
0.01915 19 00000010000000000011100000000
0.01915 16 00000010000000000001100000000
0.01915 14 00000010000000000011100000000
0.01915 15 00000010000000000011100000000
0.01915 15 00100000000000000001100000000
0.01915 14 00100000000000000011100000000
0.01915 18 00100000000000000001100000000
0.01915 14 00100000000000000001100000000
0.01915 17 00000010000000000011100000000
0.01915 15 00100000000000000011100000000
0.01915 26 00100000000000000001100000000
0.01915 17 00100000000000000011100000000
0.01915 11 00100000000000000011100000000
0.01915 13 00100000000000000011100000000
0.01915 12 00100000000000000011100000000
0.01915 16 00000010000000000001100000000
0.01915 17 00100000000000000011100000000
0.01915 19 00100000000000000001100000000
0.01915 12 00100000000000000011100000000
0.01915 14 00000010000000000001100000000
0.01915 16 00100000000000000011100000000
0.01915 16 00100000000000000001100000000
0.01915 21 00100000000000000001100000000
0.01915 21 00100000000000000011100000000
0.01915 10 00000010000000000011100000000
0.01915 9 00100000000000000001100000000
0.01915 15 00100000000000000001100000000
0.01915 14 00100000000000000011100000000
0.01915 8 00100000000000000001100000000
0.01915 13 00000010000000000011100000000
0.01915 22 00100000000000000001100000000
0.01915 13 00100000000000000011100000000
0.01915 16 00000010000000000011100000000
0.01915 14 00100000000000000001100000000
0.01915 13 00100000000000000011100000000
0.01915 10 00100000000000000011100000000
0.01915 13 00000010000000000011100000000
0.01915 17 00100000000000000011100000000
0.01915 19 00100000000000000001100000000
0.01915 10 00000010000000000001100000000
0.01915 12 00000010000000000001100000000
0.01915 21 00100000000000000011100000000
