0.02445 20 00000000100000000111000000001
0.0384 19 00000101010000001011000000010
0.02445 21 00000000100000000111000000001
0.02445 19 00000000100000000111000000001
0.02445 21 00000000100000000111000000001
0.0385 16 10000101011000000011000000010
0.02445 25 00000000100000000111000000001
0.02445 21 00000000100000000111000000001
0.02445 32 00000000100000000111000000001
0.0309 29 01001000000000100101100000000
0.02445 22 00000000100000000111000000001
0.0384 23 00000101010000001011000000010
0.02445 24 00000000100000000111000000001
0.02445 17 00000000100000000111000000001
0.02445 18 00000000100000000111000000001
0.02445 25 00000000100000000111000000001
0.02445 21 00000000100000000111000000001
0.02445 28 00000000100000000111000000001
0.02445 22 00000000100000000111000000001
0.02445 27 00000000100000000111000000001
0.0384 17 00000101010000001011000000010
0.0309 33 01001000000000100101100000000
0.03095 24 01000000100000010011100000000
0.02445 19 00000000100000000111000000001
0.02445 28 00000000100000000111000000001
0.0309 23 01001000000000100101100000000
0.02445 15 00000000100000000111000000001
0.03225 18 00010000110000010111000001000
0.0384 23 00000101010000001011000000010
0.02445 17 00000000100000000111000000001
0.02445 29 00000000100000000111000000001
0.02445 26 00000000100000000111000000001
0.02445 27 00000000100000000111000000001
0.02445 25 00000000100000000111000000001
0.02445 26 00000000100000000111000000001
0.0384 21 00000101010000001011000000010
0.02445 24 00000000100000000111000000001
0.02445 21 00000000100000000111000000001
0.02445 24 00000000100000000111000000001
0.02445 24 00000000100000000111000000001
0.02445 19 00000000100000000111000000001
0.02445 21 00000000100000000111000000001
0.02445 16 00000000100000000111000000001
0.02445 33 00000000100000000111000000001
0.02445 24 00000000100000000111000000001
0.02445 21 00000000100000000111000000001
0.02445 17 00000000100000000111000000001
0.02445 28 00000000100000000111000000001
0.03095 26 00001000100000010011100000000
0.02445 10 00000000100000000111000000001
0.03225 25 00010000110000010111000001000
0.02445 22 00000000100000000111000000001
0.03095 18 00001000100000010011100000000
0.0384 21 00000101010000001011000000010
0.02445 23 00000000100000000111000000001
0.02445 18 00000000100000000111000000001
0.02445 23 00000000100000000111000000001
0.03095 22 00001000100000010011100000000
0.02445 24 00000000100000000111000000001
0.0309 18 01001000000000100101100000000
0.02445 25 00000000100000000111000000001
0.0309 26 01001000000000100101100000000
0.02445 19 00000000100000000111000000001
0.02445 23 00000000100000000111000000001
0.03095 15 01000000100000010011100000000
0.03095 22 01000000100000010011100000000
0.0384 21 00000101010000001011000000010
0.02445 18 00000000100000000111000000001
0.02445 23 00000000100000000111000000001
0.02445 25 00000000100000000111000000001
0.02445 24 00000000100000000111000000001
0.02445 21 00000000100000000111000000001
0.0384 26 00000101010000001011000000010
0.03095 17 00001000100000010011100000000
0.02445 17 00000000100000000111000000001
0.02445 24 00000000100000000111000000001
0.02445 16 00000000100000000111000000001
0.02445 25 00000000100000000111000000001
0.02445 21 00000000100000000111000000001
0.02445 24 00000000100000000111000000001
0.02445 26 00000000100000000111000000001
0.0281 25 00000000000000010111000000001
0.02445 25 00000000100000000111000000001
0.02445 18 00000000100000000111000000001
0.02445 20 00000000100000000111000000001
0.02445 30 00000000100000000111000000001
0.02445 16 00000000100000000111000000001
0.02445 21 00000000100000000111000000001
0.0309 18 01001000000000100101100000000
0.02445 20 00000000100000000111000000001
0.0384 23 00000101010000001011000000010
0.02445 21 00000000100000000111000000001
0.02445 25 00000000100000000111000000001
0.02445 29 00000000100000000111000000001
0.02445 23 00000000100000000111000000001
0.02445 22 00000000100000000111000000001
0.02445 23 00000000100000000111000000001
0.02445 27 00000000100000000111000000001
0.02445 19 00000000100000000111000000001
0.0384 25 00000101010000001011000000010
